0 ./parts/dc-motor-v2-down.dat
0 !LDRAW Unofficial_part
0 BFC CERTIFY CCW
3 16  24.000 0.000 24.000 24.000 12.000 0.000 24.000 12.000 24.000
3 16  24.000 12.000 0.000 24.000 0.000 24.000 24.000 0.000 0.000
3 16  -7.500 0.000 24.000 11.459 0.000 21.985 24.000 0.000 24.000
3 16  -7.500 0.000 24.000 10.382 0.000 21.868 11.459 0.000 21.985
3 16  -7.500 0.000 24.000 9.325 0.000 21.636 10.382 0.000 21.868
3 16  -7.500 0.000 24.000 8.299 0.000 21.290 9.325 0.000 21.636
3 16  -7.500 0.000 24.000 7.316 0.000 20.835 8.299 0.000 21.290
3 16  -7.500 0.000 24.000 6.388 0.000 20.277 7.316 0.000 20.835
3 16  -7.500 0.000 24.000 5.526 0.000 19.622 6.388 0.000 20.277
3 16  -7.500 0.000 24.000 4.740 0.000 18.877 5.526 0.000 19.622
3 16  -7.500 0.000 24.000 4.039 0.000 18.052 4.740 0.000 18.877
3 16  -7.500 0.000 24.000 3.431 0.000 17.156 4.039 0.000 18.052
3 16  -7.500 0.000 24.000 2.924 0.000 16.199 3.431 0.000 17.156
3 16  -7.500 0.000 24.000 2.523 0.000 15.193 2.924 0.000 16.199
3 16  -7.500 0.000 24.000 2.234 0.000 14.150 2.523 0.000 15.193
3 16  -7.500 0.000 24.000 2.059 0.000 13.081 2.234 0.000 14.150
3 16  -7.500 0.000 24.000 2.000 0.000 12.000 2.059 0.000 13.081
3 16  -7.500 0.000 0.000 2.000 0.000 12.000 -7.500 0.000 24.000
3 16  2.000 0.000 12.000 -7.500 0.000 0.000 2.059 0.000 10.919
3 16  2.059 0.000 10.919 -7.500 0.000 0.000 2.234 0.000 9.850
3 16  2.234 0.000 9.850 -7.500 0.000 0.000 2.523 0.000 8.807
3 16  2.523 0.000 8.807 -7.500 0.000 0.000 2.924 0.000 7.801
3 16  24.000 0.000 0.000 11.459 0.000 2.015 -7.500 0.000 0.000
3 16  10.382 0.000 2.132 -7.500 0.000 0.000 11.459 0.000 2.015
3 16  9.325 0.000 2.365 -7.500 0.000 0.000 10.382 0.000 2.132
3 16  8.299 0.000 2.710 -7.500 0.000 0.000 9.325 0.000 2.365
3 16  7.316 0.000 3.165 -7.500 0.000 0.000 8.299 0.000 2.710
3 16  6.388 0.000 3.723 -7.500 0.000 0.000 7.316 0.000 3.165
3 16  5.526 0.000 4.378 -7.500 0.000 0.000 6.388 0.000 3.723
3 16  4.740 0.000 5.123 -7.500 0.000 0.000 5.526 0.000 4.378
3 16  4.039 0.000 5.948 -7.500 0.000 0.000 4.740 0.000 5.123
3 16  3.431 0.000 6.844 -7.500 0.000 0.000 4.039 0.000 5.948
3 16  2.924 0.000 7.801 -7.500 0.000 0.000 3.431 0.000 6.844
3 16  12.541 0.000 21.985 24.000 0.000 24.000 11.459 0.000 21.985
3 16  13.618 0.000 21.868 24.000 0.000 24.000 12.541 0.000 21.985
3 16  14.675 0.000 21.636 24.000 0.000 24.000 13.618 0.000 21.868
3 16  15.701 0.000 21.290 24.000 0.000 24.000 14.675 0.000 21.636
3 16  16.684 0.000 20.835 24.000 0.000 24.000 15.701 0.000 21.290
3 16  17.612 0.000 20.277 24.000 0.000 24.000 16.684 0.000 20.835
3 16  18.474 0.000 19.622 24.000 0.000 24.000 17.612 0.000 20.277
3 16  19.260 0.000 18.877 24.000 0.000 24.000 18.474 0.000 19.622
3 16  19.961 0.000 18.052 24.000 0.000 24.000 19.260 0.000 18.877
3 16  20.569 0.000 17.156 24.000 0.000 24.000 19.961 0.000 18.052
3 16  21.076 0.000 16.199 24.000 0.000 24.000 20.569 0.000 17.156
3 16  21.477 0.000 15.193 24.000 0.000 24.000 21.076 0.000 16.199
3 16  21.766 0.000 14.150 24.000 0.000 24.000 21.477 0.000 15.193
3 16  21.941 0.000 13.081 24.000 0.000 24.000 21.766 0.000 14.150
3 16  22.000 0.000 12.000 24.000 0.000 24.000 21.941 0.000 13.081
3 16  24.000 0.000 0.000 22.000 0.000 12.000 21.941 0.000 10.919
3 16  22.000 0.000 12.000 24.000 0.000 0.000 24.000 0.000 24.000
3 16  21.766 0.000 9.850 24.000 0.000 0.000 21.941 0.000 10.919
3 16  21.477 0.000 8.807 24.000 0.000 0.000 21.766 0.000 9.850
3 16  21.076 0.000 7.801 24.000 0.000 0.000 21.477 0.000 8.807
3 16  20.569 0.000 6.844 24.000 0.000 0.000 21.076 0.000 7.801
3 16  19.961 0.000 5.948 24.000 0.000 0.000 20.569 0.000 6.844
3 16  19.260 0.000 5.123 24.000 0.000 0.000 19.961 0.000 5.948
3 16  18.474 0.000 4.378 24.000 0.000 0.000 19.260 0.000 5.123
3 16  17.612 0.000 3.723 24.000 0.000 0.000 18.474 0.000 4.378
3 16  16.684 0.000 3.165 24.000 0.000 0.000 17.612 0.000 3.723
3 16  15.701 0.000 2.710 24.000 0.000 0.000 16.684 0.000 3.165
3 16  14.675 0.000 2.365 24.000 0.000 0.000 15.701 0.000 2.710
3 16  13.618 0.000 2.132 24.000 0.000 0.000 14.675 0.000 2.365
3 16  12.541 0.000 2.015 24.000 0.000 0.000 13.618 0.000 2.132
3 16  11.459 0.000 2.015 24.000 0.000 0.000 12.541 0.000 2.015
3 16  11.459 12.000 21.985 24.000 12.000 24.000 12.541 12.000 21.985
3 16  24.000 12.000 24.000 13.618 12.000 21.868 12.541 12.000 21.985
3 16  24.000 12.000 24.000 14.675 12.000 21.636 13.618 12.000 21.868
3 16  24.000 12.000 24.000 15.701 12.000 21.290 14.675 12.000 21.636
3 16  24.000 12.000 24.000 16.684 12.000 20.835 15.701 12.000 21.290
3 16  24.000 12.000 24.000 17.612 12.000 20.277 16.684 12.000 20.835
3 16  24.000 12.000 24.000 18.474 12.000 19.622 17.612 12.000 20.277
3 16  24.000 12.000 24.000 19.260 12.000 18.877 18.474 12.000 19.622
3 16  24.000 12.000 24.000 19.961 12.000 18.052 19.260 12.000 18.877
3 16  24.000 12.000 24.000 20.569 12.000 17.156 19.961 12.000 18.052
3 16  24.000 12.000 24.000 21.076 12.000 16.199 20.569 12.000 17.156
3 16  24.000 12.000 24.000 21.477 12.000 15.193 21.076 12.000 16.199
3 16  24.000 12.000 24.000 21.766 12.000 14.150 21.477 12.000 15.193
3 16  24.000 12.000 24.000 21.941 12.000 13.081 21.766 12.000 14.150
3 16  24.000 12.000 24.000 22.000 12.000 12.000 21.941 12.000 13.081
3 16  24.000 12.000 0.000 22.000 12.000 12.000 24.000 12.000 24.000
3 16  12.541 12.000 2.015 24.000 12.000 0.000 11.459 12.000 2.015
3 16  13.618 12.000 2.132 24.000 12.000 0.000 12.541 12.000 2.015
3 16  14.675 12.000 2.365 24.000 12.000 0.000 13.618 12.000 2.132
3 16  15.701 12.000 2.710 24.000 12.000 0.000 14.675 12.000 2.365
3 16  16.684 12.000 3.165 24.000 12.000 0.000 15.701 12.000 2.710
3 16  17.612 12.000 3.723 24.000 12.000 0.000 16.684 12.000 3.165
3 16  18.474 12.000 4.378 24.000 12.000 0.000 17.612 12.000 3.723
3 16  19.260 12.000 5.123 24.000 12.000 0.000 18.474 12.000 4.378
3 16  19.961 12.000 5.948 24.000 12.000 0.000 19.260 12.000 5.123
3 16  20.569 12.000 6.844 24.000 12.000 0.000 19.961 12.000 5.948
3 16  21.076 12.000 7.801 24.000 12.000 0.000 20.569 12.000 6.844
3 16  21.477 12.000 8.807 24.000 12.000 0.000 21.076 12.000 7.801
3 16  21.766 12.000 9.850 24.000 12.000 0.000 21.477 12.000 8.807
3 16  21.941 12.000 10.919 24.000 12.000 0.000 21.766 12.000 9.850
3 16  22.000 12.000 12.000 24.000 12.000 0.000 21.941 12.000 10.919
3 16  24.000 12.000 24.000 11.459 12.000 21.985 -5.000 12.000 24.000
3 16  10.382 12.000 21.868 -5.000 12.000 24.000 11.459 12.000 21.985
3 16  9.325 12.000 21.636 -5.000 12.000 24.000 10.382 12.000 21.868
3 16  8.299 12.000 21.290 -5.000 12.000 24.000 9.325 12.000 21.636
3 16  7.316 12.000 20.835 -5.000 12.000 24.000 8.299 12.000 21.290
3 16  6.388 12.000 20.277 -5.000 12.000 24.000 7.316 12.000 20.835
3 16  5.526 12.000 19.622 -5.000 12.000 24.000 6.388 12.000 20.277
3 16  4.740 12.000 18.877 -5.000 12.000 24.000 5.526 12.000 19.622
3 16  4.039 12.000 18.052 -5.000 12.000 24.000 4.740 12.000 18.877
3 16  3.431 12.000 17.156 -5.000 12.000 24.000 4.039 12.000 18.052
3 16  2.924 12.000 16.199 -5.000 12.000 24.000 3.431 12.000 17.156
3 16  2.523 12.000 15.193 -5.000 12.000 24.000 2.924 12.000 16.199
3 16  2.234 12.000 14.150 -5.000 12.000 24.000 2.523 12.000 15.193
3 16  2.059 12.000 13.081 -5.000 12.000 24.000 2.234 12.000 14.150
3 16  2.000 12.000 12.000 -5.000 12.000 24.000 2.059 12.000 13.081
3 16  -5.000 12.000 0.000 2.000 12.000 12.000 2.059 12.000 10.919
3 16  -5.000 12.000 0.000 2.059 12.000 10.919 2.234 12.000 9.850
3 16  -5.000 12.000 0.000 2.234 12.000 9.850 2.523 12.000 8.807
3 16  -5.000 12.000 0.000 2.523 12.000 8.807 2.924 12.000 7.801
3 16  -5.000 12.000 0.000 11.459 12.000 2.015 24.000 12.000 0.000
3 16  2.000 12.000 12.000 -5.000 12.000 0.000 -5.000 12.000 24.000
3 16  3.431 12.000 6.844 -5.000 12.000 0.000 2.924 12.000 7.801
3 16  4.039 12.000 5.948 -5.000 12.000 0.000 3.431 12.000 6.844
3 16  4.740 12.000 5.123 -5.000 12.000 0.000 4.039 12.000 5.948
3 16  5.526 12.000 4.378 -5.000 12.000 0.000 4.740 12.000 5.123
3 16  6.388 12.000 3.723 -5.000 12.000 0.000 5.526 12.000 4.378
3 16  7.316 12.000 3.165 -5.000 12.000 0.000 6.388 12.000 3.723
3 16  8.299 12.000 2.710 -5.000 12.000 0.000 7.316 12.000 3.165
3 16  9.325 12.000 2.365 -5.000 12.000 0.000 8.299 12.000 2.710
3 16  10.382 12.000 2.132 -5.000 12.000 0.000 9.325 12.000 2.365
3 16  11.459 12.000 2.015 -5.000 12.000 0.000 10.382 12.000 2.132
3 16  -5.000 52.750 24.000 -7.500 47.750 24.000 -5.000 12.000 24.000
3 16  -23.500 52.750 24.000 -7.500 47.750 24.000 -5.000 52.750 24.000
3 16  -7.500 47.750 24.000 -23.500 52.750 24.000 -23.500 47.750 24.000
3 16  -5.000 12.000 24.000 24.000 0.000 24.000 24.000 12.000 24.000
3 16  -5.000 12.000 24.000 -7.500 0.000 24.000 24.000 0.000 24.000
3 16  -7.500 0.000 24.000 -5.000 12.000 24.000 -7.500 47.750 24.000
3 16  19.813 6.000 10.280 21.941 0.000 10.919 19.953 6.000 11.135
3 16  19.813 6.000 10.280 21.766 0.000 9.850 21.941 0.000 10.919
3 16  19.581 6.000 9.446 21.766 0.000 9.850 19.813 6.000 10.280
3 16  19.581 6.000 9.446 21.477 0.000 8.807 21.766 0.000 9.850
3 16  19.261 6.000 8.641 21.477 0.000 8.807 19.581 6.000 9.446
3 16  19.261 6.000 8.641 21.076 0.000 7.801 21.477 0.000 8.807
3 16  18.855 6.000 7.876 21.076 0.000 7.801 19.261 6.000 8.641
3 16  18.855 6.000 7.876 20.569 0.000 6.844 21.076 0.000 7.801
3 16  18.369 6.000 7.159 20.569 0.000 6.844 18.855 6.000 7.876
3 16  18.369 6.000 7.159 19.961 0.000 5.948 20.569 0.000 6.844
3 16  17.808 6.000 6.498 19.961 0.000 5.948 18.369 6.000 7.159
3 16  17.808 6.000 6.498 19.260 0.000 5.123 19.961 0.000 5.948
3 16  17.179 6.000 5.903 19.260 0.000 5.123 17.808 6.000 6.498
3 16  17.179 6.000 5.903 18.474 0.000 4.378 19.260 0.000 5.123
3 16  16.489 6.000 5.379 18.474 0.000 4.378 17.179 6.000 5.903
3 16  16.489 6.000 5.379 17.612 0.000 3.723 18.474 0.000 4.378
3 16  15.747 6.000 4.932 17.612 0.000 3.723 16.489 6.000 5.379
3 16  15.747 6.000 4.932 16.684 0.000 3.165 17.612 0.000 3.723
3 16  14.961 6.000 4.568 16.684 0.000 3.165 15.747 6.000 4.932
3 16  14.961 6.000 4.568 15.701 0.000 2.710 16.684 0.000 3.165
3 16  14.140 6.000 4.292 15.701 0.000 2.710 14.961 6.000 4.568
3 16  14.140 6.000 4.292 14.675 0.000 2.365 15.701 0.000 2.710
3 16  13.294 6.000 4.105 14.675 0.000 2.365 14.140 6.000 4.292
3 16  13.294 6.000 4.105 13.618 0.000 2.132 14.675 0.000 2.365
3 16  12.433 6.000 4.012 13.618 0.000 2.132 13.294 6.000 4.105
3 16  12.433 6.000 4.012 12.541 0.000 2.015 13.618 0.000 2.132
3 16  11.567 6.000 4.012 12.541 0.000 2.015 12.433 6.000 4.012
3 16  12.541 0.000 2.015 11.567 6.000 4.012 11.459 0.000 2.015
3 16  10.706 6.000 4.105 11.459 0.000 2.015 11.567 6.000 4.012
3 16  10.382 0.000 2.132 11.459 0.000 2.015 10.706 6.000 4.105
3 16  9.860 6.000 4.292 10.382 0.000 2.132 10.706 6.000 4.105
3 16  9.325 0.000 2.365 10.382 0.000 2.132 9.860 6.000 4.292
3 16  9.039 6.000 4.568 9.325 0.000 2.365 9.860 6.000 4.292
3 16  8.299 0.000 2.710 9.325 0.000 2.365 9.039 6.000 4.568
3 16  8.253 6.000 4.932 8.299 0.000 2.710 9.039 6.000 4.568
3 16  7.316 0.000 3.165 8.299 0.000 2.710 8.253 6.000 4.932
3 16  7.316 0.000 3.165 8.253 6.000 4.932 7.511 6.000 5.379
3 16  6.388 0.000 3.723 7.316 0.000 3.165 7.511 6.000 5.379
3 16  6.388 0.000 3.723 7.511 6.000 5.379 6.821 6.000 5.903
3 16  5.526 0.000 4.378 6.388 0.000 3.723 6.821 6.000 5.903
3 16  5.526 0.000 4.378 6.821 6.000 5.903 6.192 6.000 6.498
3 16  4.740 0.000 5.123 5.526 0.000 4.378 6.192 6.000 6.498
3 16  4.740 0.000 5.123 6.192 6.000 6.498 5.631 6.000 7.159
3 16  4.039 0.000 5.948 4.740 0.000 5.123 5.631 6.000 7.159
3 16  4.039 0.000 5.948 5.631 6.000 7.159 5.145 6.000 7.876
3 16  3.431 0.000 6.844 4.039 0.000 5.948 5.145 6.000 7.876
3 16  3.431 0.000 6.844 5.145 6.000 7.876 4.739 6.000 8.641
3 16  2.924 0.000 7.801 3.431 0.000 6.844 4.739 6.000 8.641
3 16  2.924 0.000 7.801 4.739 6.000 8.641 4.419 6.000 9.446
3 16  2.523 0.000 8.807 2.924 0.000 7.801 4.419 6.000 9.446
3 16  2.523 0.000 8.807 4.419 6.000 9.446 4.187 6.000 10.280
3 16  2.234 0.000 9.850 2.523 0.000 8.807 4.187 6.000 10.280
3 16  2.234 0.000 9.850 4.187 6.000 10.280 4.047 6.000 11.135
3 16  2.059 0.000 10.919 2.234 0.000 9.850 4.047 6.000 11.135
3 16  2.059 0.000 10.919 4.047 6.000 11.135 4.000 6.000 12.000
3 16  2.000 0.000 12.000 2.059 0.000 10.919 4.000 6.000 12.000
3 16  2.000 0.000 12.000 4.000 6.000 12.000 4.047 6.000 12.865
3 16  2.000 0.000 12.000 4.047 6.000 12.865 2.059 0.000 13.081
3 16  2.059 0.000 13.081 4.047 6.000 12.865 4.187 6.000 13.720
3 16  2.059 0.000 13.081 4.187 6.000 13.720 2.234 0.000 14.150
3 16  2.234 0.000 14.150 4.187 6.000 13.720 4.419 6.000 14.554
3 16  2.234 0.000 14.150 4.419 6.000 14.554 2.523 0.000 15.193
3 16  2.523 0.000 15.193 4.419 6.000 14.554 4.739 6.000 15.359
3 16  2.523 0.000 15.193 4.739 6.000 15.359 2.924 0.000 16.199
3 16  2.924 0.000 16.199 4.739 6.000 15.359 5.145 6.000 16.124
3 16  2.924 0.000 16.199 5.145 6.000 16.124 3.431 0.000 17.156
3 16  3.431 0.000 17.156 5.145 6.000 16.124 5.631 6.000 16.841
3 16  3.431 0.000 17.156 5.631 6.000 16.841 4.039 0.000 18.052
3 16  4.039 0.000 18.052 5.631 6.000 16.841 6.192 6.000 17.502
3 16  4.039 0.000 18.052 6.192 6.000 17.502 4.740 0.000 18.877
3 16  4.740 0.000 18.877 6.192 6.000 17.502 6.821 6.000 18.097
3 16  4.740 0.000 18.877 6.821 6.000 18.097 5.526 0.000 19.622
3 16  5.526 0.000 19.622 6.821 6.000 18.097 7.511 6.000 18.622
3 16  5.526 0.000 19.622 7.511 6.000 18.622 6.388 0.000 20.277
3 16  6.388 0.000 20.277 7.511 6.000 18.622 8.253 6.000 19.068
3 16  6.388 0.000 20.277 8.253 6.000 19.068 7.316 0.000 20.835
3 16  7.316 0.000 20.835 8.253 6.000 19.068 9.039 6.000 19.432
3 16  7.316 0.000 20.835 9.039 6.000 19.432 8.299 0.000 21.290
3 16  8.299 0.000 21.290 9.039 6.000 19.432 9.860 6.000 19.708
3 16  8.299 0.000 21.290 9.860 6.000 19.708 9.325 0.000 21.636
3 16  9.325 0.000 21.636 9.860 6.000 19.708 10.706 6.000 19.895
3 16  9.325 0.000 21.636 10.706 6.000 19.895 10.382 0.000 21.868
3 16  10.382 0.000 21.868 10.706 6.000 19.895 11.567 6.000 19.988
3 16  10.382 0.000 21.868 11.567 6.000 19.988 11.459 0.000 21.985
3 16  12.541 0.000 21.985 11.567 6.000 19.988 12.433 6.000 19.988
3 16  11.567 6.000 19.988 12.541 0.000 21.985 11.459 0.000 21.985
3 16  12.433 6.000 19.988 13.294 6.000 19.895 12.541 0.000 21.985
3 16  12.541 0.000 21.985 13.294 6.000 19.895 13.618 0.000 21.868
3 16  13.294 6.000 19.895 14.140 6.000 19.708 13.618 0.000 21.868
3 16  13.618 0.000 21.868 14.140 6.000 19.708 14.675 0.000 21.636
3 16  14.140 6.000 19.708 14.961 6.000 19.432 14.675 0.000 21.636
3 16  14.675 0.000 21.636 14.961 6.000 19.432 15.701 0.000 21.290
3 16  14.961 6.000 19.432 15.747 6.000 19.068 15.701 0.000 21.290
3 16  15.701 0.000 21.290 15.747 6.000 19.068 16.684 0.000 20.835
3 16  15.747 6.000 19.068 16.489 6.000 18.622 16.684 0.000 20.835
3 16  16.489 6.000 18.622 17.612 0.000 20.277 16.684 0.000 20.835
3 16  16.489 6.000 18.622 17.179 6.000 18.097 17.612 0.000 20.277
3 16  17.179 6.000 18.097 18.474 0.000 19.622 17.612 0.000 20.277
3 16  17.179 6.000 18.097 17.808 6.000 17.502 18.474 0.000 19.622
3 16  17.808 6.000 17.502 19.260 0.000 18.877 18.474 0.000 19.622
3 16  17.808 6.000 17.502 18.369 6.000 16.841 19.260 0.000 18.877
3 16  18.369 6.000 16.841 19.961 0.000 18.052 19.260 0.000 18.877
3 16  18.369 6.000 16.841 18.855 6.000 16.124 19.961 0.000 18.052
3 16  18.855 6.000 16.124 20.569 0.000 17.156 19.961 0.000 18.052
3 16  18.855 6.000 16.124 19.261 6.000 15.359 20.569 0.000 17.156
3 16  19.261 6.000 15.359 21.076 0.000 16.199 20.569 0.000 17.156
3 16  19.261 6.000 15.359 19.581 6.000 14.554 21.076 0.000 16.199
3 16  19.581 6.000 14.554 21.477 0.000 15.193 21.076 0.000 16.199
3 16  19.581 6.000 14.554 19.813 6.000 13.720 21.477 0.000 15.193
3 16  19.813 6.000 13.720 21.766 0.000 14.150 21.477 0.000 15.193
3 16  19.813 6.000 13.720 19.953 6.000 12.865 21.766 0.000 14.150
3 16  19.953 6.000 12.865 21.941 0.000 13.081 21.766 0.000 14.150
3 16  19.953 6.000 12.865 20.000 6.000 12.000 21.941 0.000 13.081
3 16  20.000 6.000 12.000 22.000 0.000 12.000 21.941 0.000 13.081
3 16  19.953 6.000 11.135 22.000 0.000 12.000 20.000 6.000 12.000
3 16  19.953 6.000 11.135 21.941 0.000 10.919 22.000 0.000 12.000
3 16  2.059 12.000 10.919 4.047 6.000 11.135 4.187 6.000 10.280
3 16  2.059 12.000 10.919 4.187 6.000 10.280 2.234 12.000 9.850
3 16  2.234 12.000 9.850 4.187 6.000 10.280 4.419 6.000 9.446
3 16  2.234 12.000 9.850 4.419 6.000 9.446 2.523 12.000 8.807
3 16  2.523 12.000 8.807 4.419 6.000 9.446 4.739 6.000 8.641
3 16  2.523 12.000 8.807 4.739 6.000 8.641 2.924 12.000 7.801
3 16  2.924 12.000 7.801 4.739 6.000 8.641 5.145 6.000 7.876
3 16  2.924 12.000 7.801 5.145 6.000 7.876 3.431 12.000 6.844
3 16  3.431 12.000 6.844 5.145 6.000 7.876 5.631 6.000 7.159
3 16  3.431 12.000 6.844 5.631 6.000 7.159 4.039 12.000 5.948
3 16  4.039 12.000 5.948 5.631 6.000 7.159 6.192 6.000 6.498
3 16  4.039 12.000 5.948 6.192 6.000 6.498 4.740 12.000 5.123
3 16  4.740 12.000 5.123 6.192 6.000 6.498 6.821 6.000 5.903
3 16  4.740 12.000 5.123 6.821 6.000 5.903 5.526 12.000 4.378
3 16  5.526 12.000 4.378 6.821 6.000 5.903 7.511 6.000 5.379
3 16  5.526 12.000 4.378 7.511 6.000 5.379 6.388 12.000 3.723
3 16  6.388 12.000 3.723 7.511 6.000 5.379 8.253 6.000 4.932
3 16  6.388 12.000 3.723 8.253 6.000 4.932 7.316 12.000 3.165
3 16  7.316 12.000 3.165 8.253 6.000 4.932 9.039 6.000 4.568
3 16  7.316 12.000 3.165 9.039 6.000 4.568 8.299 12.000 2.710
3 16  8.299 12.000 2.710 9.039 6.000 4.568 9.860 6.000 4.292
3 16  8.299 12.000 2.710 9.860 6.000 4.292 9.325 12.000 2.365
3 16  9.325 12.000 2.365 9.860 6.000 4.292 10.706 6.000 4.105
3 16  9.325 12.000 2.365 10.706 6.000 4.105 10.382 12.000 2.132
3 16  10.382 12.000 2.132 10.706 6.000 4.105 11.567 6.000 4.012
3 16  10.382 12.000 2.132 11.567 6.000 4.012 11.459 12.000 2.015
3 16  12.541 12.000 2.015 11.567 6.000 4.012 12.433 6.000 4.012
3 16  11.567 6.000 4.012 12.541 12.000 2.015 11.459 12.000 2.015
3 16  12.433 6.000 4.012 13.294 6.000 4.105 12.541 12.000 2.015
3 16  12.541 12.000 2.015 13.294 6.000 4.105 13.618 12.000 2.132
3 16  13.294 6.000 4.105 14.140 6.000 4.292 13.618 12.000 2.132
3 16  13.618 12.000 2.132 14.140 6.000 4.292 14.675 12.000 2.365
3 16  14.140 6.000 4.292 14.961 6.000 4.568 14.675 12.000 2.365
3 16  14.675 12.000 2.365 14.961 6.000 4.568 15.701 12.000 2.710
3 16  14.961 6.000 4.568 15.747 6.000 4.932 15.701 12.000 2.710
3 16  15.701 12.000 2.710 15.747 6.000 4.932 16.684 12.000 3.165
3 16  15.747 6.000 4.932 16.489 6.000 5.379 16.684 12.000 3.165
3 16  16.489 6.000 5.379 17.612 12.000 3.723 16.684 12.000 3.165
3 16  16.489 6.000 5.379 17.179 6.000 5.903 17.612 12.000 3.723
3 16  17.179 6.000 5.903 18.474 12.000 4.378 17.612 12.000 3.723
3 16  17.179 6.000 5.903 17.808 6.000 6.498 18.474 12.000 4.378
3 16  17.808 6.000 6.498 19.260 12.000 5.123 18.474 12.000 4.378
3 16  17.808 6.000 6.498 18.369 6.000 7.159 19.260 12.000 5.123
3 16  18.369 6.000 7.159 19.961 12.000 5.948 19.260 12.000 5.123
3 16  18.369 6.000 7.159 18.855 6.000 7.876 19.961 12.000 5.948
3 16  18.855 6.000 7.876 20.569 12.000 6.844 19.961 12.000 5.948
3 16  18.855 6.000 7.876 19.261 6.000 8.641 20.569 12.000 6.844
3 16  19.261 6.000 8.641 21.076 12.000 7.801 20.569 12.000 6.844
3 16  19.261 6.000 8.641 19.581 6.000 9.446 21.076 12.000 7.801
3 16  19.581 6.000 9.446 21.477 12.000 8.807 21.076 12.000 7.801
3 16  19.581 6.000 9.446 19.813 6.000 10.280 21.477 12.000 8.807
3 16  19.813 6.000 10.280 21.766 12.000 9.850 21.477 12.000 8.807
3 16  19.813 6.000 10.280 19.953 6.000 11.135 21.766 12.000 9.850
3 16  19.953 6.000 11.135 21.941 12.000 10.919 21.766 12.000 9.850
3 16  19.953 6.000 11.135 20.000 6.000 12.000 21.941 12.000 10.919
3 16  20.000 6.000 12.000 22.000 12.000 12.000 21.941 12.000 10.919
3 16  19.953 6.000 12.865 22.000 12.000 12.000 20.000 6.000 12.000
3 16  19.953 6.000 12.865 21.941 12.000 13.081 22.000 12.000 12.000
3 16  19.813 6.000 13.720 21.941 12.000 13.081 19.953 6.000 12.865
3 16  19.813 6.000 13.720 21.766 12.000 14.150 21.941 12.000 13.081
3 16  19.581 6.000 14.554 21.766 12.000 14.150 19.813 6.000 13.720
3 16  19.581 6.000 14.554 21.477 12.000 15.193 21.766 12.000 14.150
3 16  19.261 6.000 15.359 21.477 12.000 15.193 19.581 6.000 14.554
3 16  19.261 6.000 15.359 21.076 12.000 16.199 21.477 12.000 15.193
3 16  18.855 6.000 16.124 21.076 12.000 16.199 19.261 6.000 15.359
3 16  18.855 6.000 16.124 20.569 12.000 17.156 21.076 12.000 16.199
3 16  18.369 6.000 16.841 20.569 12.000 17.156 18.855 6.000 16.124
3 16  18.369 6.000 16.841 19.961 12.000 18.052 20.569 12.000 17.156
3 16  17.808 6.000 17.502 19.961 12.000 18.052 18.369 6.000 16.841
3 16  17.808 6.000 17.502 19.260 12.000 18.877 19.961 12.000 18.052
3 16  17.179 6.000 18.097 19.260 12.000 18.877 17.808 6.000 17.502
3 16  17.179 6.000 18.097 18.474 12.000 19.622 19.260 12.000 18.877
3 16  16.489 6.000 18.622 18.474 12.000 19.622 17.179 6.000 18.097
3 16  16.489 6.000 18.622 17.612 12.000 20.277 18.474 12.000 19.622
3 16  15.747 6.000 19.068 17.612 12.000 20.277 16.489 6.000 18.622
3 16  15.747 6.000 19.068 16.684 12.000 20.835 17.612 12.000 20.277
3 16  14.961 6.000 19.432 16.684 12.000 20.835 15.747 6.000 19.068
3 16  14.961 6.000 19.432 15.701 12.000 21.290 16.684 12.000 20.835
3 16  14.140 6.000 19.708 15.701 12.000 21.290 14.961 6.000 19.432
3 16  14.140 6.000 19.708 14.675 12.000 21.636 15.701 12.000 21.290
3 16  13.294 6.000 19.895 14.675 12.000 21.636 14.140 6.000 19.708
3 16  13.294 6.000 19.895 13.618 12.000 21.868 14.675 12.000 21.636
3 16  12.433 6.000 19.988 13.618 12.000 21.868 13.294 6.000 19.895
3 16  12.433 6.000 19.988 12.541 12.000 21.985 13.618 12.000 21.868
3 16  11.567 6.000 19.988 12.541 12.000 21.985 12.433 6.000 19.988
3 16  12.541 12.000 21.985 11.567 6.000 19.988 11.459 12.000 21.985
3 16  10.706 6.000 19.895 11.459 12.000 21.985 11.567 6.000 19.988
3 16  10.382 12.000 21.868 11.459 12.000 21.985 10.706 6.000 19.895
3 16  9.860 6.000 19.708 10.382 12.000 21.868 10.706 6.000 19.895
3 16  9.325 12.000 21.636 10.382 12.000 21.868 9.860 6.000 19.708
3 16  9.039 6.000 19.432 9.325 12.000 21.636 9.860 6.000 19.708
3 16  8.299 12.000 21.290 9.325 12.000 21.636 9.039 6.000 19.432
3 16  8.253 6.000 19.068 8.299 12.000 21.290 9.039 6.000 19.432
3 16  7.316 12.000 20.835 8.299 12.000 21.290 8.253 6.000 19.068
3 16  7.316 12.000 20.835 8.253 6.000 19.068 7.511 6.000 18.622
3 16  6.388 12.000 20.277 7.316 12.000 20.835 7.511 6.000 18.622
3 16  6.388 12.000 20.277 7.511 6.000 18.622 6.821 6.000 18.097
3 16  5.526 12.000 19.622 6.388 12.000 20.277 6.821 6.000 18.097
3 16  5.526 12.000 19.622 6.821 6.000 18.097 6.192 6.000 17.502
3 16  4.740 12.000 18.877 5.526 12.000 19.622 6.192 6.000 17.502
3 16  4.740 12.000 18.877 6.192 6.000 17.502 5.631 6.000 16.841
3 16  4.039 12.000 18.052 4.740 12.000 18.877 5.631 6.000 16.841
3 16  4.039 12.000 18.052 5.631 6.000 16.841 5.145 6.000 16.124
3 16  3.431 12.000 17.156 4.039 12.000 18.052 5.145 6.000 16.124
3 16  3.431 12.000 17.156 5.145 6.000 16.124 4.739 6.000 15.359
3 16  2.924 12.000 16.199 3.431 12.000 17.156 4.739 6.000 15.359
3 16  2.924 12.000 16.199 4.739 6.000 15.359 4.419 6.000 14.554
3 16  2.523 12.000 15.193 2.924 12.000 16.199 4.419 6.000 14.554
3 16  2.523 12.000 15.193 4.419 6.000 14.554 4.187 6.000 13.720
3 16  2.234 12.000 14.150 2.523 12.000 15.193 4.187 6.000 13.720
3 16  2.234 12.000 14.150 4.187 6.000 13.720 4.047 6.000 12.865
3 16  2.059 12.000 13.081 2.234 12.000 14.150 4.047 6.000 12.865
3 16  2.059 12.000 13.081 4.047 6.000 12.865 4.000 6.000 12.000
3 16  2.000 12.000 12.000 2.059 12.000 13.081 4.000 6.000 12.000
3 16  2.000 12.000 12.000 4.000 6.000 12.000 4.047 6.000 11.135
3 16  2.000 12.000 12.000 4.047 6.000 11.135 2.059 12.000 10.919
3 16  -64.500 0.000 0.000 -67.000 12.000 0.000 -64.500 47.750 0.000
3 16  -96.000 0.000 0.000 -67.000 12.000 0.000 -64.500 0.000 0.000
3 16  -67.000 12.000 0.000 -96.000 0.000 0.000 -96.000 12.000 0.000
3 16  24.000 0.000 0.000 -5.000 12.000 0.000 24.000 12.000 0.000
3 16  -7.500 0.000 0.000 -5.000 12.000 0.000 24.000 0.000 0.000
3 16  -7.500 47.750 0.000 -5.000 12.000 0.000 -7.500 0.000 0.000
3 16  -5.000 12.000 0.000 -7.500 47.750 0.000 -5.000 52.750 0.000
3 16  -64.500 47.750 0.000 -5.000 52.750 0.000 -7.500 47.750 0.000
3 16  -64.500 47.750 0.000 -67.000 52.750 0.000 -5.000 52.750 0.000
3 16  -67.000 52.750 0.000 -64.500 47.750 0.000 -67.000 12.000 0.000
3 16  -83.459 0.000 21.985 -96.000 0.000 24.000 -84.541 0.000 21.985
3 16  -96.000 0.000 24.000 -85.618 0.000 21.868 -84.541 0.000 21.985
3 16  -96.000 0.000 24.000 -86.675 0.000 21.636 -85.618 0.000 21.868
3 16  -96.000 0.000 24.000 -87.701 0.000 21.290 -86.675 0.000 21.636
3 16  -96.000 0.000 24.000 -88.684 0.000 20.835 -87.701 0.000 21.290
3 16  -96.000 0.000 24.000 -89.612 0.000 20.277 -88.684 0.000 20.835
3 16  -96.000 0.000 24.000 -90.474 0.000 19.622 -89.612 0.000 20.277
3 16  -96.000 0.000 24.000 -91.260 0.000 18.877 -90.474 0.000 19.622
3 16  -96.000 0.000 24.000 -91.961 0.000 18.052 -91.260 0.000 18.877
3 16  -96.000 0.000 24.000 -92.569 0.000 17.156 -91.961 0.000 18.052
3 16  -96.000 0.000 24.000 -93.076 0.000 16.199 -92.569 0.000 17.156
3 16  -96.000 0.000 24.000 -93.477 0.000 15.193 -93.076 0.000 16.199
3 16  -96.000 0.000 24.000 -93.766 0.000 14.150 -93.477 0.000 15.193
3 16  -96.000 0.000 24.000 -93.941 0.000 13.081 -93.766 0.000 14.150
3 16  -96.000 0.000 24.000 -94.000 0.000 12.000 -93.941 0.000 13.081
3 16  -96.000 0.000 0.000 -94.000 0.000 12.000 -96.000 0.000 24.000
3 16  -84.541 0.000 2.015 -96.000 0.000 0.000 -83.459 0.000 2.015
3 16  -85.618 0.000 2.132 -96.000 0.000 0.000 -84.541 0.000 2.015
3 16  -86.675 0.000 2.365 -96.000 0.000 0.000 -85.618 0.000 2.132
3 16  -87.701 0.000 2.710 -96.000 0.000 0.000 -86.675 0.000 2.365
3 16  -88.684 0.000 3.165 -96.000 0.000 0.000 -87.701 0.000 2.710
3 16  -89.612 0.000 3.723 -96.000 0.000 0.000 -88.684 0.000 3.165
3 16  -90.474 0.000 4.378 -96.000 0.000 0.000 -89.612 0.000 3.723
3 16  -91.260 0.000 5.123 -96.000 0.000 0.000 -90.474 0.000 4.378
3 16  -91.961 0.000 5.948 -96.000 0.000 0.000 -91.260 0.000 5.123
3 16  -92.569 0.000 6.844 -96.000 0.000 0.000 -91.961 0.000 5.948
3 16  -93.076 0.000 7.801 -96.000 0.000 0.000 -92.569 0.000 6.844
3 16  -93.477 0.000 8.807 -96.000 0.000 0.000 -93.076 0.000 7.801
3 16  -93.766 0.000 9.850 -96.000 0.000 0.000 -93.477 0.000 8.807
3 16  -93.941 0.000 10.919 -96.000 0.000 0.000 -93.766 0.000 9.850
3 16  -94.000 0.000 12.000 -96.000 0.000 0.000 -93.941 0.000 10.919
3 16  -96.000 0.000 24.000 -83.459 0.000 21.985 -64.500 0.000 24.000
3 16  -82.382 0.000 21.868 -64.500 0.000 24.000 -83.459 0.000 21.985
3 16  -81.325 0.000 21.636 -64.500 0.000 24.000 -82.382 0.000 21.868
3 16  -80.298 0.000 21.290 -64.500 0.000 24.000 -81.325 0.000 21.636
3 16  -79.316 0.000 20.835 -64.500 0.000 24.000 -80.298 0.000 21.290
3 16  -78.388 0.000 20.277 -64.500 0.000 24.000 -79.316 0.000 20.835
3 16  -77.526 0.000 19.622 -64.500 0.000 24.000 -78.388 0.000 20.277
3 16  -76.740 0.000 18.877 -64.500 0.000 24.000 -77.526 0.000 19.622
3 16  -76.039 0.000 18.052 -64.500 0.000 24.000 -76.740 0.000 18.877
3 16  -75.431 0.000 17.156 -64.500 0.000 24.000 -76.039 0.000 18.052
3 16  -74.924 0.000 16.199 -64.500 0.000 24.000 -75.431 0.000 17.156
3 16  -74.523 0.000 15.193 -64.500 0.000 24.000 -74.924 0.000 16.199
3 16  -74.234 0.000 14.150 -64.500 0.000 24.000 -74.523 0.000 15.193
3 16  -74.058 0.000 13.081 -64.500 0.000 24.000 -74.234 0.000 14.150
3 16  -74.000 0.000 12.000 -64.500 0.000 24.000 -74.058 0.000 13.081
3 16  -64.500 0.000 0.000 -74.000 0.000 12.000 -74.058 0.000 10.919
3 16  -64.500 0.000 0.000 -74.058 0.000 10.919 -74.234 0.000 9.850
3 16  -64.500 0.000 0.000 -74.234 0.000 9.850 -74.523 0.000 8.807
3 16  -64.500 0.000 0.000 -74.523 0.000 8.807 -74.924 0.000 7.801
3 16  -64.500 0.000 0.000 -74.924 0.000 7.801 -75.431 0.000 6.844
3 16  -64.500 0.000 0.000 -83.459 0.000 2.015 -96.000 0.000 0.000
3 16  -74.000 0.000 12.000 -64.500 0.000 0.000 -64.500 0.000 24.000
3 16  -76.039 0.000 5.948 -64.500 0.000 0.000 -75.431 0.000 6.844
3 16  -76.740 0.000 5.123 -64.500 0.000 0.000 -76.039 0.000 5.948
3 16  -77.526 0.000 4.378 -64.500 0.000 0.000 -76.740 0.000 5.123
3 16  -78.388 0.000 3.723 -64.500 0.000 0.000 -77.526 0.000 4.378
3 16  -79.316 0.000 3.165 -64.500 0.000 0.000 -78.388 0.000 3.723
3 16  -80.298 0.000 2.710 -64.500 0.000 0.000 -79.316 0.000 3.165
3 16  -81.325 0.000 2.365 -64.500 0.000 0.000 -80.298 0.000 2.710
3 16  -82.382 0.000 2.132 -64.500 0.000 0.000 -81.325 0.000 2.365
3 16  -83.459 0.000 2.015 -64.500 0.000 0.000 -82.382 0.000 2.132
3 16  -67.000 12.000 24.000 -83.459 12.000 21.985 -96.000 12.000 24.000
3 16  -67.000 12.000 24.000 -82.382 12.000 21.868 -83.459 12.000 21.985
3 16  -67.000 12.000 24.000 -81.325 12.000 21.636 -82.382 12.000 21.868
3 16  -67.000 12.000 24.000 -80.298 12.000 21.290 -81.325 12.000 21.636
3 16  -67.000 12.000 24.000 -79.316 12.000 20.835 -80.298 12.000 21.290
3 16  -67.000 12.000 24.000 -78.388 12.000 20.277 -79.316 12.000 20.835
3 16  -67.000 12.000 24.000 -77.526 12.000 19.622 -78.388 12.000 20.277
3 16  -67.000 12.000 24.000 -76.740 12.000 18.877 -77.526 12.000 19.622
3 16  -67.000 12.000 24.000 -76.039 12.000 18.052 -76.740 12.000 18.877
3 16  -67.000 12.000 24.000 -75.431 12.000 17.156 -76.039 12.000 18.052
3 16  -67.000 12.000 24.000 -74.924 12.000 16.199 -75.431 12.000 17.156
3 16  -67.000 12.000 24.000 -74.523 12.000 15.193 -74.924 12.000 16.199
3 16  -67.000 12.000 24.000 -74.234 12.000 14.150 -74.523 12.000 15.193
3 16  -67.000 12.000 24.000 -74.058 12.000 13.081 -74.234 12.000 14.150
3 16  -67.000 12.000 24.000 -74.000 12.000 12.000 -74.058 12.000 13.081
3 16  -67.000 12.000 0.000 -74.000 12.000 12.000 -67.000 12.000 24.000
3 16  -74.000 12.000 12.000 -67.000 12.000 0.000 -74.058 12.000 10.919
3 16  -74.058 12.000 10.919 -67.000 12.000 0.000 -74.234 12.000 9.850
3 16  -74.234 12.000 9.850 -67.000 12.000 0.000 -74.523 12.000 8.807
3 16  -96.000 12.000 0.000 -83.459 12.000 2.015 -67.000 12.000 0.000
3 16  -82.382 12.000 2.132 -67.000 12.000 0.000 -83.459 12.000 2.015
3 16  -81.325 12.000 2.365 -67.000 12.000 0.000 -82.382 12.000 2.132
3 16  -80.298 12.000 2.710 -67.000 12.000 0.000 -81.325 12.000 2.365
3 16  -79.316 12.000 3.165 -67.000 12.000 0.000 -80.298 12.000 2.710
3 16  -78.388 12.000 3.723 -67.000 12.000 0.000 -79.316 12.000 3.165
3 16  -77.526 12.000 4.378 -67.000 12.000 0.000 -78.388 12.000 3.723
3 16  -76.740 12.000 5.123 -67.000 12.000 0.000 -77.526 12.000 4.378
3 16  -76.039 12.000 5.948 -67.000 12.000 0.000 -76.740 12.000 5.123
3 16  -75.431 12.000 6.844 -67.000 12.000 0.000 -76.039 12.000 5.948
3 16  -74.924 12.000 7.801 -67.000 12.000 0.000 -75.431 12.000 6.844
3 16  -74.523 12.000 8.807 -67.000 12.000 0.000 -74.924 12.000 7.801
3 16  -84.541 12.000 21.985 -96.000 12.000 24.000 -83.459 12.000 21.985
3 16  -85.618 12.000 21.868 -96.000 12.000 24.000 -84.541 12.000 21.985
3 16  -86.675 12.000 21.636 -96.000 12.000 24.000 -85.618 12.000 21.868
3 16  -87.701 12.000 21.290 -96.000 12.000 24.000 -86.675 12.000 21.636
3 16  -88.684 12.000 20.835 -96.000 12.000 24.000 -87.701 12.000 21.290
3 16  -89.612 12.000 20.277 -96.000 12.000 24.000 -88.684 12.000 20.835
3 16  -90.474 12.000 19.622 -96.000 12.000 24.000 -89.612 12.000 20.277
3 16  -91.260 12.000 18.877 -96.000 12.000 24.000 -90.474 12.000 19.622
3 16  -91.961 12.000 18.052 -96.000 12.000 24.000 -91.260 12.000 18.877
3 16  -92.569 12.000 17.156 -96.000 12.000 24.000 -91.961 12.000 18.052
3 16  -93.076 12.000 16.199 -96.000 12.000 24.000 -92.569 12.000 17.156
3 16  -93.477 12.000 15.193 -96.000 12.000 24.000 -93.076 12.000 16.199
3 16  -93.766 12.000 14.150 -96.000 12.000 24.000 -93.477 12.000 15.193
3 16  -93.941 12.000 13.081 -96.000 12.000 24.000 -93.766 12.000 14.150
3 16  -94.000 12.000 12.000 -96.000 12.000 24.000 -93.941 12.000 13.081
3 16  -96.000 12.000 0.000 -94.000 12.000 12.000 -93.941 12.000 10.919
3 16  -83.459 12.000 2.015 -96.000 12.000 0.000 -84.541 12.000 2.015
3 16  -94.000 12.000 12.000 -96.000 12.000 0.000 -96.000 12.000 24.000
3 16  -93.766 12.000 9.850 -96.000 12.000 0.000 -93.941 12.000 10.919
3 16  -93.477 12.000 8.807 -96.000 12.000 0.000 -93.766 12.000 9.850
3 16  -93.076 12.000 7.801 -96.000 12.000 0.000 -93.477 12.000 8.807
3 16  -92.569 12.000 6.844 -96.000 12.000 0.000 -93.076 12.000 7.801
3 16  -91.961 12.000 5.948 -96.000 12.000 0.000 -92.569 12.000 6.844
3 16  -91.260 12.000 5.123 -96.000 12.000 0.000 -91.961 12.000 5.948
3 16  -90.474 12.000 4.378 -96.000 12.000 0.000 -91.260 12.000 5.123
3 16  -89.612 12.000 3.723 -96.000 12.000 0.000 -90.474 12.000 4.378
3 16  -88.684 12.000 3.165 -96.000 12.000 0.000 -89.612 12.000 3.723
3 16  -87.701 12.000 2.710 -96.000 12.000 0.000 -88.684 12.000 3.165
3 16  -86.675 12.000 2.365 -96.000 12.000 0.000 -87.701 12.000 2.710
3 16  -85.618 12.000 2.132 -96.000 12.000 0.000 -86.675 12.000 2.365
3 16  -84.541 12.000 2.015 -96.000 12.000 0.000 -85.618 12.000 2.132
3 16  -48.500 52.750 24.000 -64.500 47.750 24.000 -48.500 47.750 24.000
3 16  -67.000 52.750 24.000 -64.500 47.750 24.000 -48.500 52.750 24.000
3 16  -67.000 12.000 24.000 -64.500 47.750 24.000 -67.000 52.750 24.000
3 16  -64.500 47.750 24.000 -67.000 12.000 24.000 -64.500 0.000 24.000
3 16  -96.000 0.000 24.000 -67.000 12.000 24.000 -96.000 12.000 24.000
3 16  -67.000 12.000 24.000 -96.000 0.000 24.000 -64.500 0.000 24.000
3 16  -76.187 6.000 10.280 -74.058 0.000 10.919 -76.047 6.000 11.135
3 16  -76.187 6.000 10.280 -74.234 0.000 9.850 -74.058 0.000 10.919
3 16  -76.419 6.000 9.446 -74.234 0.000 9.850 -76.187 6.000 10.280
3 16  -76.419 6.000 9.446 -74.523 0.000 8.807 -74.234 0.000 9.850
3 16  -76.739 6.000 8.641 -74.523 0.000 8.807 -76.419 6.000 9.446
3 16  -76.739 6.000 8.641 -74.924 0.000 7.801 -74.523 0.000 8.807
3 16  -77.145 6.000 7.876 -74.924 0.000 7.801 -76.739 6.000 8.641
3 16  -77.145 6.000 7.876 -75.431 0.000 6.844 -74.924 0.000 7.801
3 16  -77.631 6.000 7.159 -75.431 0.000 6.844 -77.145 6.000 7.876
3 16  -77.631 6.000 7.159 -76.039 0.000 5.948 -75.431 0.000 6.844
3 16  -78.192 6.000 6.498 -76.039 0.000 5.948 -77.631 6.000 7.159
3 16  -78.192 6.000 6.498 -76.740 0.000 5.123 -76.039 0.000 5.948
3 16  -78.821 6.000 5.903 -76.740 0.000 5.123 -78.192 6.000 6.498
3 16  -78.821 6.000 5.903 -77.526 0.000 4.378 -76.740 0.000 5.123
3 16  -79.511 6.000 5.379 -77.526 0.000 4.378 -78.821 6.000 5.903
3 16  -79.511 6.000 5.379 -78.388 0.000 3.723 -77.526 0.000 4.378
3 16  -80.253 6.000 4.932 -78.388 0.000 3.723 -79.511 6.000 5.379
3 16  -80.253 6.000 4.932 -79.316 0.000 3.165 -78.388 0.000 3.723
3 16  -81.039 6.000 4.568 -79.316 0.000 3.165 -80.253 6.000 4.932
3 16  -81.039 6.000 4.568 -80.298 0.000 2.710 -79.316 0.000 3.165
3 16  -81.860 6.000 4.292 -80.298 0.000 2.710 -81.039 6.000 4.568
3 16  -81.860 6.000 4.292 -81.325 0.000 2.365 -80.298 0.000 2.710
3 16  -82.706 6.000 4.105 -81.325 0.000 2.365 -81.860 6.000 4.292
3 16  -82.706 6.000 4.105 -82.382 0.000 2.132 -81.325 0.000 2.365
3 16  -83.567 6.000 4.012 -82.382 0.000 2.132 -82.706 6.000 4.105
3 16  -83.567 6.000 4.012 -83.459 0.000 2.015 -82.382 0.000 2.132
3 16  -84.433 6.000 4.012 -83.459 0.000 2.015 -83.567 6.000 4.012
3 16  -83.459 0.000 2.015 -84.433 6.000 4.012 -84.541 0.000 2.015
3 16  -85.294 6.000 4.105 -84.541 0.000 2.015 -84.433 6.000 4.012
3 16  -85.618 0.000 2.132 -84.541 0.000 2.015 -85.294 6.000 4.105
3 16  -86.140 6.000 4.292 -85.618 0.000 2.132 -85.294 6.000 4.105
3 16  -86.675 0.000 2.365 -85.618 0.000 2.132 -86.140 6.000 4.292
3 16  -86.961 6.000 4.568 -86.675 0.000 2.365 -86.140 6.000 4.292
3 16  -87.701 0.000 2.710 -86.675 0.000 2.365 -86.961 6.000 4.568
3 16  -87.747 6.000 4.932 -87.701 0.000 2.710 -86.961 6.000 4.568
3 16  -88.684 0.000 3.165 -87.701 0.000 2.710 -87.747 6.000 4.932
3 16  -88.684 0.000 3.165 -87.747 6.000 4.932 -88.490 6.000 5.379
3 16  -89.612 0.000 3.723 -88.684 0.000 3.165 -88.490 6.000 5.379
3 16  -89.612 0.000 3.723 -88.490 6.000 5.379 -89.179 6.000 5.903
3 16  -90.474 0.000 4.378 -89.612 0.000 3.723 -89.179 6.000 5.903
3 16  -90.474 0.000 4.378 -89.179 6.000 5.903 -89.808 6.000 6.498
3 16  -91.260 0.000 5.123 -90.474 0.000 4.378 -89.808 6.000 6.498
3 16  -91.260 0.000 5.123 -89.808 6.000 6.498 -90.369 6.000 7.159
3 16  -91.961 0.000 5.948 -91.260 0.000 5.123 -90.369 6.000 7.159
3 16  -91.961 0.000 5.948 -90.369 6.000 7.159 -90.855 6.000 7.876
3 16  -92.569 0.000 6.844 -91.961 0.000 5.948 -90.855 6.000 7.876
3 16  -92.569 0.000 6.844 -90.855 6.000 7.876 -91.260 6.000 8.641
3 16  -93.076 0.000 7.801 -92.569 0.000 6.844 -91.260 6.000 8.641
3 16  -93.076 0.000 7.801 -91.260 6.000 8.641 -91.581 6.000 9.446
3 16  -93.477 0.000 8.807 -93.076 0.000 7.801 -91.581 6.000 9.446
3 16  -93.477 0.000 8.807 -91.581 6.000 9.446 -91.813 6.000 10.280
3 16  -93.766 0.000 9.850 -93.477 0.000 8.807 -91.813 6.000 10.280
3 16  -93.766 0.000 9.850 -91.813 6.000 10.280 -91.953 6.000 11.135
3 16  -93.941 0.000 10.919 -93.766 0.000 9.850 -91.953 6.000 11.135
3 16  -93.941 0.000 10.919 -91.953 6.000 11.135 -92.000 6.000 12.000
3 16  -94.000 0.000 12.000 -93.941 0.000 10.919 -92.000 6.000 12.000
3 16  -94.000 0.000 12.000 -92.000 6.000 12.000 -91.953 6.000 12.865
3 16  -94.000 0.000 12.000 -91.953 6.000 12.865 -93.941 0.000 13.081
3 16  -93.941 0.000 13.081 -91.953 6.000 12.865 -91.813 6.000 13.720
3 16  -93.941 0.000 13.081 -91.813 6.000 13.720 -93.766 0.000 14.150
3 16  -93.766 0.000 14.150 -91.813 6.000 13.720 -91.581 6.000 14.554
3 16  -93.766 0.000 14.150 -91.581 6.000 14.554 -93.477 0.000 15.193
3 16  -93.477 0.000 15.193 -91.581 6.000 14.554 -91.260 6.000 15.359
3 16  -93.477 0.000 15.193 -91.260 6.000 15.359 -93.076 0.000 16.199
3 16  -93.076 0.000 16.199 -91.260 6.000 15.359 -90.855 6.000 16.124
3 16  -93.076 0.000 16.199 -90.855 6.000 16.124 -92.569 0.000 17.156
3 16  -92.569 0.000 17.156 -90.855 6.000 16.124 -90.369 6.000 16.841
3 16  -92.569 0.000 17.156 -90.369 6.000 16.841 -91.961 0.000 18.052
3 16  -91.961 0.000 18.052 -90.369 6.000 16.841 -89.808 6.000 17.502
3 16  -91.961 0.000 18.052 -89.808 6.000 17.502 -91.260 0.000 18.877
3 16  -91.260 0.000 18.877 -89.808 6.000 17.502 -89.179 6.000 18.097
3 16  -91.260 0.000 18.877 -89.179 6.000 18.097 -90.474 0.000 19.622
3 16  -90.474 0.000 19.622 -89.179 6.000 18.097 -88.490 6.000 18.622
3 16  -90.474 0.000 19.622 -88.490 6.000 18.622 -89.612 0.000 20.277
3 16  -89.612 0.000 20.277 -88.490 6.000 18.622 -87.747 6.000 19.068
3 16  -89.612 0.000 20.277 -87.747 6.000 19.068 -88.684 0.000 20.835
3 16  -88.684 0.000 20.835 -87.747 6.000 19.068 -86.961 6.000 19.432
3 16  -88.684 0.000 20.835 -86.961 6.000 19.432 -87.701 0.000 21.290
3 16  -87.701 0.000 21.290 -86.961 6.000 19.432 -86.140 6.000 19.708
3 16  -87.701 0.000 21.290 -86.140 6.000 19.708 -86.675 0.000 21.636
3 16  -86.675 0.000 21.636 -86.140 6.000 19.708 -85.294 6.000 19.895
3 16  -86.675 0.000 21.636 -85.294 6.000 19.895 -85.618 0.000 21.868
3 16  -85.618 0.000 21.868 -85.294 6.000 19.895 -84.433 6.000 19.988
3 16  -85.618 0.000 21.868 -84.433 6.000 19.988 -84.541 0.000 21.985
3 16  -83.459 0.000 21.985 -84.433 6.000 19.988 -83.567 6.000 19.988
3 16  -84.433 6.000 19.988 -83.459 0.000 21.985 -84.541 0.000 21.985
3 16  -83.567 6.000 19.988 -82.706 6.000 19.895 -83.459 0.000 21.985
3 16  -83.459 0.000 21.985 -82.706 6.000 19.895 -82.382 0.000 21.868
3 16  -82.706 6.000 19.895 -81.860 6.000 19.708 -82.382 0.000 21.868
3 16  -82.382 0.000 21.868 -81.860 6.000 19.708 -81.325 0.000 21.636
3 16  -81.860 6.000 19.708 -81.039 6.000 19.432 -81.325 0.000 21.636
3 16  -81.325 0.000 21.636 -81.039 6.000 19.432 -80.298 0.000 21.290
3 16  -81.039 6.000 19.432 -80.253 6.000 19.068 -80.298 0.000 21.290
3 16  -80.298 0.000 21.290 -80.253 6.000 19.068 -79.316 0.000 20.835
3 16  -80.253 6.000 19.068 -79.511 6.000 18.622 -79.316 0.000 20.835
3 16  -79.511 6.000 18.622 -78.388 0.000 20.277 -79.316 0.000 20.835
3 16  -79.511 6.000 18.622 -78.821 6.000 18.097 -78.388 0.000 20.277
3 16  -78.821 6.000 18.097 -77.526 0.000 19.622 -78.388 0.000 20.277
3 16  -78.821 6.000 18.097 -78.192 6.000 17.502 -77.526 0.000 19.622
3 16  -78.192 6.000 17.502 -76.740 0.000 18.877 -77.526 0.000 19.622
3 16  -78.192 6.000 17.502 -77.631 6.000 16.841 -76.740 0.000 18.877
3 16  -77.631 6.000 16.841 -76.039 0.000 18.052 -76.740 0.000 18.877
3 16  -77.631 6.000 16.841 -77.145 6.000 16.124 -76.039 0.000 18.052
3 16  -77.145 6.000 16.124 -75.431 0.000 17.156 -76.039 0.000 18.052
3 16  -77.145 6.000 16.124 -76.739 6.000 15.359 -75.431 0.000 17.156
3 16  -76.739 6.000 15.359 -74.924 0.000 16.199 -75.431 0.000 17.156
3 16  -76.739 6.000 15.359 -76.419 6.000 14.554 -74.924 0.000 16.199
3 16  -76.419 6.000 14.554 -74.523 0.000 15.193 -74.924 0.000 16.199
3 16  -76.419 6.000 14.554 -76.187 6.000 13.720 -74.523 0.000 15.193
3 16  -76.187 6.000 13.720 -74.234 0.000 14.150 -74.523 0.000 15.193
3 16  -76.187 6.000 13.720 -76.047 6.000 12.865 -74.234 0.000 14.150
3 16  -76.047 6.000 12.865 -74.058 0.000 13.081 -74.234 0.000 14.150
3 16  -76.047 6.000 12.865 -76.000 6.000 12.000 -74.058 0.000 13.081
3 16  -76.000 6.000 12.000 -74.000 0.000 12.000 -74.058 0.000 13.081
3 16  -76.047 6.000 11.135 -74.000 0.000 12.000 -76.000 6.000 12.000
3 16  -76.047 6.000 11.135 -74.058 0.000 10.919 -74.000 0.000 12.000
3 16  -93.941 12.000 10.919 -91.953 6.000 11.135 -91.813 6.000 10.280
3 16  -93.941 12.000 10.919 -91.813 6.000 10.280 -93.766 12.000 9.850
3 16  -93.766 12.000 9.850 -91.813 6.000 10.280 -91.581 6.000 9.446
3 16  -93.766 12.000 9.850 -91.581 6.000 9.446 -93.477 12.000 8.807
3 16  -93.477 12.000 8.807 -91.581 6.000 9.446 -91.260 6.000 8.641
3 16  -93.477 12.000 8.807 -91.260 6.000 8.641 -93.076 12.000 7.801
3 16  -93.076 12.000 7.801 -91.260 6.000 8.641 -90.855 6.000 7.876
3 16  -93.076 12.000 7.801 -90.855 6.000 7.876 -92.569 12.000 6.844
3 16  -92.569 12.000 6.844 -90.855 6.000 7.876 -90.369 6.000 7.159
3 16  -92.569 12.000 6.844 -90.369 6.000 7.159 -91.961 12.000 5.948
3 16  -91.961 12.000 5.948 -90.369 6.000 7.159 -89.808 6.000 6.498
3 16  -91.961 12.000 5.948 -89.808 6.000 6.498 -91.260 12.000 5.123
3 16  -91.260 12.000 5.123 -89.808 6.000 6.498 -89.179 6.000 5.903
3 16  -91.260 12.000 5.123 -89.179 6.000 5.903 -90.474 12.000 4.378
3 16  -90.474 12.000 4.378 -89.179 6.000 5.903 -88.490 6.000 5.379
3 16  -90.474 12.000 4.378 -88.490 6.000 5.379 -89.612 12.000 3.723
3 16  -89.612 12.000 3.723 -88.490 6.000 5.379 -87.747 6.000 4.932
3 16  -89.612 12.000 3.723 -87.747 6.000 4.932 -88.684 12.000 3.165
3 16  -88.684 12.000 3.165 -87.747 6.000 4.932 -86.961 6.000 4.568
3 16  -88.684 12.000 3.165 -86.961 6.000 4.568 -87.701 12.000 2.710
3 16  -87.701 12.000 2.710 -86.961 6.000 4.568 -86.140 6.000 4.292
3 16  -87.701 12.000 2.710 -86.140 6.000 4.292 -86.675 12.000 2.365
3 16  -86.675 12.000 2.365 -86.140 6.000 4.292 -85.294 6.000 4.105
3 16  -86.675 12.000 2.365 -85.294 6.000 4.105 -85.618 12.000 2.132
3 16  -85.618 12.000 2.132 -85.294 6.000 4.105 -84.433 6.000 4.012
3 16  -85.618 12.000 2.132 -84.433 6.000 4.012 -84.541 12.000 2.015
3 16  -83.459 12.000 2.015 -84.433 6.000 4.012 -83.567 6.000 4.012
3 16  -84.433 6.000 4.012 -83.459 12.000 2.015 -84.541 12.000 2.015
3 16  -83.567 6.000 4.012 -82.706 6.000 4.105 -83.459 12.000 2.015
3 16  -83.459 12.000 2.015 -82.706 6.000 4.105 -82.382 12.000 2.132
3 16  -82.706 6.000 4.105 -81.860 6.000 4.292 -82.382 12.000 2.132
3 16  -82.382 12.000 2.132 -81.860 6.000 4.292 -81.325 12.000 2.365
3 16  -81.860 6.000 4.292 -81.039 6.000 4.568 -81.325 12.000 2.365
3 16  -81.325 12.000 2.365 -81.039 6.000 4.568 -80.298 12.000 2.710
3 16  -81.039 6.000 4.568 -80.253 6.000 4.932 -80.298 12.000 2.710
3 16  -80.298 12.000 2.710 -80.253 6.000 4.932 -79.316 12.000 3.165
3 16  -80.253 6.000 4.932 -79.511 6.000 5.379 -79.316 12.000 3.165
3 16  -79.511 6.000 5.379 -78.388 12.000 3.723 -79.316 12.000 3.165
3 16  -79.511 6.000 5.379 -78.821 6.000 5.903 -78.388 12.000 3.723
3 16  -78.821 6.000 5.903 -77.526 12.000 4.378 -78.388 12.000 3.723
3 16  -78.821 6.000 5.903 -78.192 6.000 6.498 -77.526 12.000 4.378
3 16  -78.192 6.000 6.498 -76.740 12.000 5.123 -77.526 12.000 4.378
3 16  -78.192 6.000 6.498 -77.631 6.000 7.159 -76.740 12.000 5.123
3 16  -77.631 6.000 7.159 -76.039 12.000 5.948 -76.740 12.000 5.123
3 16  -77.631 6.000 7.159 -77.145 6.000 7.876 -76.039 12.000 5.948
3 16  -77.145 6.000 7.876 -75.431 12.000 6.844 -76.039 12.000 5.948
3 16  -77.145 6.000 7.876 -76.739 6.000 8.641 -75.431 12.000 6.844
3 16  -76.739 6.000 8.641 -74.924 12.000 7.801 -75.431 12.000 6.844
3 16  -76.739 6.000 8.641 -76.419 6.000 9.446 -74.924 12.000 7.801
3 16  -76.419 6.000 9.446 -74.523 12.000 8.807 -74.924 12.000 7.801
3 16  -76.419 6.000 9.446 -76.187 6.000 10.280 -74.523 12.000 8.807
3 16  -76.187 6.000 10.280 -74.234 12.000 9.850 -74.523 12.000 8.807
3 16  -76.187 6.000 10.280 -76.047 6.000 11.135 -74.234 12.000 9.850
3 16  -76.047 6.000 11.135 -74.058 12.000 10.919 -74.234 12.000 9.850
3 16  -76.047 6.000 11.135 -76.000 6.000 12.000 -74.058 12.000 10.919
3 16  -76.000 6.000 12.000 -74.000 12.000 12.000 -74.058 12.000 10.919
3 16  -76.047 6.000 12.865 -74.000 12.000 12.000 -76.000 6.000 12.000
3 16  -76.047 6.000 12.865 -74.058 12.000 13.081 -74.000 12.000 12.000
3 16  -76.187 6.000 13.720 -74.058 12.000 13.081 -76.047 6.000 12.865
3 16  -76.187 6.000 13.720 -74.234 12.000 14.150 -74.058 12.000 13.081
3 16  -76.419 6.000 14.554 -74.234 12.000 14.150 -76.187 6.000 13.720
3 16  -76.419 6.000 14.554 -74.523 12.000 15.193 -74.234 12.000 14.150
3 16  -76.739 6.000 15.359 -74.523 12.000 15.193 -76.419 6.000 14.554
3 16  -76.739 6.000 15.359 -74.924 12.000 16.199 -74.523 12.000 15.193
3 16  -77.145 6.000 16.124 -74.924 12.000 16.199 -76.739 6.000 15.359
3 16  -77.145 6.000 16.124 -75.431 12.000 17.156 -74.924 12.000 16.199
3 16  -77.631 6.000 16.841 -75.431 12.000 17.156 -77.145 6.000 16.124
3 16  -77.631 6.000 16.841 -76.039 12.000 18.052 -75.431 12.000 17.156
3 16  -78.192 6.000 17.502 -76.039 12.000 18.052 -77.631 6.000 16.841
3 16  -78.192 6.000 17.502 -76.740 12.000 18.877 -76.039 12.000 18.052
3 16  -78.821 6.000 18.097 -76.740 12.000 18.877 -78.192 6.000 17.502
3 16  -78.821 6.000 18.097 -77.526 12.000 19.622 -76.740 12.000 18.877
3 16  -79.511 6.000 18.622 -77.526 12.000 19.622 -78.821 6.000 18.097
3 16  -79.511 6.000 18.622 -78.388 12.000 20.277 -77.526 12.000 19.622
3 16  -80.253 6.000 19.068 -78.388 12.000 20.277 -79.511 6.000 18.622
3 16  -80.253 6.000 19.068 -79.316 12.000 20.835 -78.388 12.000 20.277
3 16  -81.039 6.000 19.432 -79.316 12.000 20.835 -80.253 6.000 19.068
3 16  -81.039 6.000 19.432 -80.298 12.000 21.290 -79.316 12.000 20.835
3 16  -81.860 6.000 19.708 -80.298 12.000 21.290 -81.039 6.000 19.432
3 16  -81.860 6.000 19.708 -81.325 12.000 21.636 -80.298 12.000 21.290
3 16  -82.706 6.000 19.895 -81.325 12.000 21.636 -81.860 6.000 19.708
3 16  -82.706 6.000 19.895 -82.382 12.000 21.868 -81.325 12.000 21.636
3 16  -83.567 6.000 19.988 -82.382 12.000 21.868 -82.706 6.000 19.895
3 16  -83.567 6.000 19.988 -83.459 12.000 21.985 -82.382 12.000 21.868
3 16  -84.433 6.000 19.988 -83.459 12.000 21.985 -83.567 6.000 19.988
3 16  -83.459 12.000 21.985 -84.433 6.000 19.988 -84.541 12.000 21.985
3 16  -85.294 6.000 19.895 -84.541 12.000 21.985 -84.433 6.000 19.988
3 16  -85.618 12.000 21.868 -84.541 12.000 21.985 -85.294 6.000 19.895
3 16  -86.140 6.000 19.708 -85.618 12.000 21.868 -85.294 6.000 19.895
3 16  -86.675 12.000 21.636 -85.618 12.000 21.868 -86.140 6.000 19.708
3 16  -86.961 6.000 19.432 -86.675 12.000 21.636 -86.140 6.000 19.708
3 16  -87.701 12.000 21.290 -86.675 12.000 21.636 -86.961 6.000 19.432
3 16  -87.747 6.000 19.068 -87.701 12.000 21.290 -86.961 6.000 19.432
3 16  -88.684 12.000 20.835 -87.701 12.000 21.290 -87.747 6.000 19.068
3 16  -88.684 12.000 20.835 -87.747 6.000 19.068 -88.490 6.000 18.622
3 16  -89.612 12.000 20.277 -88.684 12.000 20.835 -88.490 6.000 18.622
3 16  -89.612 12.000 20.277 -88.490 6.000 18.622 -89.179 6.000 18.097
3 16  -90.474 12.000 19.622 -89.612 12.000 20.277 -89.179 6.000 18.097
3 16  -90.474 12.000 19.622 -89.179 6.000 18.097 -89.808 6.000 17.502
3 16  -91.260 12.000 18.877 -90.474 12.000 19.622 -89.808 6.000 17.502
3 16  -91.260 12.000 18.877 -89.808 6.000 17.502 -90.369 6.000 16.841
3 16  -91.961 12.000 18.052 -91.260 12.000 18.877 -90.369 6.000 16.841
3 16  -91.961 12.000 18.052 -90.369 6.000 16.841 -90.855 6.000 16.124
3 16  -92.569 12.000 17.156 -91.961 12.000 18.052 -90.855 6.000 16.124
3 16  -92.569 12.000 17.156 -90.855 6.000 16.124 -91.260 6.000 15.359
3 16  -93.076 12.000 16.199 -92.569 12.000 17.156 -91.260 6.000 15.359
3 16  -93.076 12.000 16.199 -91.260 6.000 15.359 -91.581 6.000 14.554
3 16  -93.477 12.000 15.193 -93.076 12.000 16.199 -91.581 6.000 14.554
3 16  -93.477 12.000 15.193 -91.581 6.000 14.554 -91.813 6.000 13.720
3 16  -93.766 12.000 14.150 -93.477 12.000 15.193 -91.813 6.000 13.720
3 16  -93.766 12.000 14.150 -91.813 6.000 13.720 -91.953 6.000 12.865
3 16  -93.941 12.000 13.081 -93.766 12.000 14.150 -91.953 6.000 12.865
3 16  -93.941 12.000 13.081 -91.953 6.000 12.865 -92.000 6.000 12.000
3 16  -94.000 12.000 12.000 -93.941 12.000 13.081 -92.000 6.000 12.000
3 16  -94.000 12.000 12.000 -92.000 6.000 12.000 -91.953 6.000 11.135
3 16  -94.000 12.000 12.000 -91.953 6.000 11.135 -93.941 12.000 10.919
3 16  -96.000 0.000 0.000 -96.000 12.000 24.000 -96.000 12.000 0.000
3 16  -96.000 12.000 24.000 -96.000 0.000 0.000 -96.000 0.000 24.000
3 16  -48.500 47.750 24.000 -48.488 52.750 23.455 -48.500 52.750 24.000
3 16  -48.488 52.750 23.455 -48.500 47.750 24.000 -48.488 47.750 23.455
3 16  -48.488 47.750 23.455 -48.453 52.750 22.911 -48.488 52.750 23.455
3 16  -48.453 52.750 22.911 -48.488 47.750 23.455 -48.453 47.750 22.911
3 16  -48.453 47.750 22.911 -48.393 52.750 22.368 -48.453 52.750 22.911
3 16  -48.393 52.750 22.368 -48.453 47.750 22.911 -48.393 47.750 22.368
3 16  -48.393 47.750 22.368 -48.310 52.750 21.829 -48.393 52.750 22.368
3 16  -48.310 52.750 21.829 -48.393 47.750 22.368 -48.310 47.750 21.829
3 16  -48.310 47.750 21.829 -48.204 52.750 21.294 -48.310 52.750 21.829
3 16  -48.204 52.750 21.294 -48.310 47.750 21.829 -48.204 47.750 21.294
3 16  -48.204 47.750 21.294 -48.074 52.750 20.765 -48.204 52.750 21.294
3 16  -48.074 52.750 20.765 -48.204 47.750 21.294 -48.074 47.750 20.765
3 16  -48.074 47.750 20.765 -47.922 52.750 20.241 -48.074 52.750 20.765
3 16  -47.922 52.750 20.241 -48.074 47.750 20.765 -47.922 47.750 20.241
3 16  -47.922 47.750 20.241 -47.746 52.750 19.725 -47.922 52.750 20.241
3 16  -47.746 52.750 19.725 -47.922 47.750 20.241 -47.746 47.750 19.725
3 16  -47.746 47.750 19.725 -47.549 52.750 19.216 -47.746 52.750 19.725
3 16  -47.549 52.750 19.216 -47.746 47.750 19.725 -47.549 47.750 19.216
3 16  -47.549 47.750 19.216 -47.329 52.750 18.717 -47.549 52.750 19.216
3 16  -47.329 52.750 18.717 -47.549 47.750 19.216 -47.329 47.750 18.717
3 16  -47.329 47.750 18.717 -47.088 52.750 18.228 -47.329 52.750 18.717
3 16  -47.088 52.750 18.228 -47.329 47.750 18.717 -47.088 47.750 18.228
3 16  -47.088 47.750 18.228 -46.825 52.750 17.750 -47.088 52.750 18.228
3 16  -46.825 52.750 17.750 -47.088 47.750 18.228 -46.825 47.750 17.750
3 16  -46.825 47.750 17.750 -46.543 52.750 17.284 -46.825 52.750 17.750
3 16  -46.543 52.750 17.284 -46.825 47.750 17.750 -46.543 47.750 17.284
3 16  -46.543 47.750 17.284 -46.239 52.750 16.830 -46.543 52.750 17.284
3 16  -46.239 52.750 16.830 -46.543 47.750 17.284 -46.239 47.750 16.830
3 16  -46.239 47.750 16.830 -45.917 52.750 16.390 -46.239 52.750 16.830
3 16  -45.917 52.750 16.390 -46.239 47.750 16.830 -45.917 47.750 16.390
3 16  -45.917 47.750 16.390 -45.575 52.750 15.965 -45.917 52.750 16.390
3 16  -45.575 52.750 15.965 -45.917 47.750 16.390 -45.575 47.750 15.965
3 16  -45.575 47.750 15.965 -45.216 52.750 15.555 -45.575 52.750 15.965
3 16  -45.216 52.750 15.555 -45.575 47.750 15.965 -45.216 47.750 15.555
3 16  -45.216 47.750 15.555 -44.839 52.750 15.161 -45.216 52.750 15.555
3 16  -44.839 52.750 15.161 -45.216 47.750 15.555 -44.839 47.750 15.161
3 16  -44.839 52.750 15.161 -44.445 47.750 14.784 -44.445 52.750 14.784
3 16  -44.445 47.750 14.784 -44.839 52.750 15.161 -44.839 47.750 15.161
3 16  -44.445 52.750 14.784 -44.035 47.750 14.424 -44.035 52.750 14.424
3 16  -44.035 47.750 14.424 -44.445 52.750 14.784 -44.445 47.750 14.784
3 16  -44.035 52.750 14.424 -43.609 47.750 14.083 -43.609 52.750 14.083
3 16  -43.609 47.750 14.083 -44.035 52.750 14.424 -44.035 47.750 14.424
3 16  -43.609 52.750 14.083 -43.170 47.750 13.761 -43.170 52.750 13.761
3 16  -43.170 47.750 13.761 -43.609 52.750 14.083 -43.609 47.750 14.083
3 16  -43.170 52.750 13.761 -42.716 47.750 13.458 -42.716 52.750 13.458
3 16  -42.716 47.750 13.458 -43.170 52.750 13.761 -43.170 47.750 13.761
3 16  -42.716 52.750 13.458 -42.250 47.750 13.175 -42.250 52.750 13.175
3 16  -42.250 47.750 13.175 -42.716 52.750 13.458 -42.716 47.750 13.458
3 16  -42.250 52.750 13.175 -41.772 47.750 12.912 -41.772 52.750 12.912
3 16  -41.772 47.750 12.912 -42.250 52.750 13.175 -42.250 47.750 13.175
3 16  -41.772 52.750 12.912 -41.283 47.750 12.671 -41.283 52.750 12.671
3 16  -41.283 47.750 12.671 -41.772 52.750 12.912 -41.772 47.750 12.912
3 16  -41.283 52.750 12.671 -40.784 47.750 12.451 -40.784 52.750 12.451
3 16  -40.784 47.750 12.451 -41.283 52.750 12.671 -41.283 47.750 12.671
3 16  -40.784 52.750 12.451 -40.275 47.750 12.254 -40.275 52.750 12.254
3 16  -40.275 47.750 12.254 -40.784 52.750 12.451 -40.784 47.750 12.451
3 16  -40.275 52.750 12.254 -39.759 47.750 12.079 -39.759 52.750 12.079
3 16  -39.759 47.750 12.079 -40.275 52.750 12.254 -40.275 47.750 12.254
3 16  -39.759 52.750 12.079 -39.235 47.750 11.926 -39.235 52.750 11.926
3 16  -39.235 47.750 11.926 -39.759 52.750 12.079 -39.759 47.750 12.079
3 16  -39.235 52.750 11.926 -38.706 47.750 11.796 -38.706 52.750 11.796
3 16  -38.706 47.750 11.796 -39.235 52.750 11.926 -39.235 47.750 11.926
3 16  -38.706 52.750 11.796 -38.171 47.750 11.690 -38.171 52.750 11.690
3 16  -38.171 47.750 11.690 -38.706 52.750 11.796 -38.706 47.750 11.796
3 16  -38.171 52.750 11.690 -37.632 47.750 11.607 -37.632 52.750 11.607
3 16  -37.632 47.750 11.607 -38.171 52.750 11.690 -38.171 47.750 11.690
3 16  -37.632 52.750 11.607 -37.090 47.750 11.548 -37.090 52.750 11.548
3 16  -37.090 47.750 11.548 -37.632 52.750 11.607 -37.632 47.750 11.607
3 16  -37.090 52.750 11.548 -36.545 47.750 11.512 -36.545 52.750 11.512
3 16  -36.545 47.750 11.512 -37.090 52.750 11.548 -37.090 47.750 11.548
3 16  -36.545 52.750 11.512 -36.000 47.750 11.500 -36.000 52.750 11.500
3 16  -36.000 47.750 11.500 -36.545 52.750 11.512 -36.545 47.750 11.512
3 16  -36.000 52.750 11.500 -35.455 47.750 11.512 -35.455 52.750 11.512
3 16  -35.455 47.750 11.512 -36.000 52.750 11.500 -36.000 47.750 11.500
3 16  -35.455 52.750 11.512 -34.910 47.750 11.548 -34.910 52.750 11.548
3 16  -34.910 47.750 11.548 -35.455 52.750 11.512 -35.455 47.750 11.512
3 16  -34.910 52.750 11.548 -34.369 47.750 11.607 -34.369 52.750 11.607
3 16  -34.369 47.750 11.607 -34.910 52.750 11.548 -34.910 47.750 11.548
3 16  -34.369 52.750 11.607 -33.830 47.750 11.690 -33.830 52.750 11.690
3 16  -33.830 47.750 11.690 -34.369 52.750 11.607 -34.369 47.750 11.607
3 16  -33.830 52.750 11.690 -33.294 47.750 11.796 -33.294 52.750 11.796
3 16  -33.294 47.750 11.796 -33.830 52.750 11.690 -33.830 47.750 11.690
3 16  -33.294 52.750 11.796 -32.765 47.750 11.926 -32.765 52.750 11.926
3 16  -32.765 47.750 11.926 -33.294 52.750 11.796 -33.294 47.750 11.796
3 16  -32.765 52.750 11.926 -32.241 47.750 12.079 -32.241 52.750 12.079
3 16  -32.241 47.750 12.079 -32.765 52.750 11.926 -32.765 47.750 11.926
3 16  -32.241 52.750 12.079 -31.725 47.750 12.254 -31.725 52.750 12.254
3 16  -31.725 47.750 12.254 -32.241 52.750 12.079 -32.241 47.750 12.079
3 16  -31.725 52.750 12.254 -31.216 47.750 12.451 -31.216 52.750 12.451
3 16  -31.216 47.750 12.451 -31.725 52.750 12.254 -31.725 47.750 12.254
3 16  -31.216 52.750 12.451 -30.717 47.750 12.671 -30.717 52.750 12.671
3 16  -30.717 47.750 12.671 -31.216 52.750 12.451 -31.216 47.750 12.451
3 16  -30.717 52.750 12.671 -30.228 47.750 12.912 -30.228 52.750 12.912
3 16  -30.228 47.750 12.912 -30.717 52.750 12.671 -30.717 47.750 12.671
3 16  -30.228 52.750 12.912 -29.750 47.750 13.175 -29.750 52.750 13.175
3 16  -29.750 47.750 13.175 -30.228 52.750 12.912 -30.228 47.750 12.912
3 16  -29.750 52.750 13.175 -29.284 47.750 13.458 -29.284 52.750 13.458
3 16  -29.284 47.750 13.458 -29.750 52.750 13.175 -29.750 47.750 13.175
3 16  -29.284 52.750 13.458 -28.830 47.750 13.761 -28.830 52.750 13.761
3 16  -28.830 47.750 13.761 -29.284 52.750 13.458 -29.284 47.750 13.458
3 16  -28.830 52.750 13.761 -28.390 47.750 14.083 -28.390 52.750 14.083
3 16  -28.390 47.750 14.083 -28.830 52.750 13.761 -28.830 47.750 13.761
3 16  -28.390 52.750 14.083 -27.965 47.750 14.424 -27.965 52.750 14.424
3 16  -27.965 47.750 14.424 -28.390 52.750 14.083 -28.390 47.750 14.083
3 16  -27.965 52.750 14.424 -27.555 47.750 14.784 -27.555 52.750 14.784
3 16  -27.555 47.750 14.784 -27.965 52.750 14.424 -27.965 47.750 14.424
3 16  -27.555 52.750 14.784 -27.161 47.750 15.161 -27.161 52.750 15.161
3 16  -27.161 47.750 15.161 -27.555 52.750 14.784 -27.555 47.750 14.784
3 16  -27.161 47.750 15.161 -26.784 52.750 15.555 -27.161 52.750 15.161
3 16  -26.784 52.750 15.555 -27.161 47.750 15.161 -26.784 47.750 15.555
3 16  -26.784 47.750 15.555 -26.425 52.750 15.965 -26.784 52.750 15.555
3 16  -26.425 52.750 15.965 -26.784 47.750 15.555 -26.425 47.750 15.965
3 16  -26.425 47.750 15.965 -26.083 52.750 16.390 -26.425 52.750 15.965
3 16  -26.083 52.750 16.390 -26.425 47.750 15.965 -26.083 47.750 16.390
3 16  -26.083 47.750 16.390 -25.761 52.750 16.830 -26.083 52.750 16.390
3 16  -25.761 52.750 16.830 -26.083 47.750 16.390 -25.761 47.750 16.830
3 16  -25.761 47.750 16.830 -25.457 52.750 17.284 -25.761 52.750 16.830
3 16  -25.457 52.750 17.284 -25.761 47.750 16.830 -25.457 47.750 17.284
3 16  -25.457 47.750 17.284 -25.175 52.750 17.750 -25.457 52.750 17.284
3 16  -25.175 52.750 17.750 -25.457 47.750 17.284 -25.175 47.750 17.750
3 16  -25.175 47.750 17.750 -24.912 52.750 18.228 -25.175 52.750 17.750
3 16  -24.912 52.750 18.228 -25.175 47.750 17.750 -24.912 47.750 18.228
3 16  -24.912 47.750 18.228 -24.671 52.750 18.717 -24.912 52.750 18.228
3 16  -24.671 52.750 18.717 -24.912 47.750 18.228 -24.671 47.750 18.717
3 16  -24.671 47.750 18.717 -24.451 52.750 19.216 -24.671 52.750 18.717
3 16  -24.451 52.750 19.216 -24.671 47.750 18.717 -24.451 47.750 19.216
3 16  -24.451 47.750 19.216 -24.254 52.750 19.725 -24.451 52.750 19.216
3 16  -24.254 52.750 19.725 -24.451 47.750 19.216 -24.254 47.750 19.725
3 16  -24.254 47.750 19.725 -24.079 52.750 20.241 -24.254 52.750 19.725
3 16  -24.079 52.750 20.241 -24.254 47.750 19.725 -24.079 47.750 20.241
3 16  -24.079 47.750 20.241 -23.926 52.750 20.765 -24.079 52.750 20.241
3 16  -23.926 52.750 20.765 -24.079 47.750 20.241 -23.926 47.750 20.765
3 16  -23.926 47.750 20.765 -23.796 52.750 21.294 -23.926 52.750 20.765
3 16  -23.796 52.750 21.294 -23.926 47.750 20.765 -23.796 47.750 21.294
3 16  -23.796 47.750 21.294 -23.690 52.750 21.829 -23.796 52.750 21.294
3 16  -23.690 52.750 21.829 -23.796 47.750 21.294 -23.690 47.750 21.829
3 16  -23.690 47.750 21.829 -23.607 52.750 22.368 -23.690 52.750 21.829
3 16  -23.607 52.750 22.368 -23.690 47.750 21.829 -23.607 47.750 22.368
3 16  -23.607 47.750 22.368 -23.548 52.750 22.911 -23.607 52.750 22.368
3 16  -23.548 52.750 22.911 -23.607 47.750 22.368 -23.548 47.750 22.911
3 16  -23.548 47.750 22.911 -23.512 52.750 23.455 -23.548 52.750 22.911
3 16  -23.512 52.750 23.455 -23.548 47.750 22.911 -23.512 47.750 23.455
3 16  -23.512 47.750 23.455 -23.500 52.750 24.000 -23.512 52.750 23.455
3 16  -23.500 52.750 24.000 -23.512 47.750 23.455 -23.500 47.750 24.000
3 16  -5.000 52.750 24.000 -23.512 52.750 23.455 -23.500 52.750 24.000
3 16  -5.000 52.750 24.000 -23.548 52.750 22.911 -23.512 52.750 23.455
3 16  -5.000 52.750 24.000 -23.607 52.750 22.368 -23.548 52.750 22.911
3 16  -5.000 52.750 24.000 -23.690 52.750 21.829 -23.607 52.750 22.368
3 16  -5.000 52.750 24.000 -23.796 52.750 21.294 -23.690 52.750 21.829
3 16  -5.000 52.750 24.000 -23.926 52.750 20.765 -23.796 52.750 21.294
3 16  -5.000 52.750 24.000 -24.079 52.750 20.241 -23.926 52.750 20.765
3 16  -5.000 52.750 24.000 -24.254 52.750 19.725 -24.079 52.750 20.241
3 16  -5.000 52.750 24.000 -24.451 52.750 19.216 -24.254 52.750 19.725
3 16  -5.000 52.750 24.000 -24.671 52.750 18.717 -24.451 52.750 19.216
3 16  -5.000 52.750 24.000 -24.912 52.750 18.228 -24.671 52.750 18.717
3 16  -5.000 52.750 0.000 -24.912 52.750 18.228 -5.000 52.750 24.000
3 16  -24.912 52.750 18.228 -5.000 52.750 0.000 -25.175 52.750 17.750
3 16  -25.175 52.750 17.750 -5.000 52.750 0.000 -25.457 52.750 17.284
3 16  -25.457 52.750 17.284 -5.000 52.750 0.000 -25.761 52.750 16.830
3 16  -25.761 52.750 16.830 -5.000 52.750 0.000 -26.083 52.750 16.390
3 16  -26.083 52.750 16.390 -5.000 52.750 0.000 -26.425 52.750 15.965
3 16  -26.425 52.750 15.965 -5.000 52.750 0.000 -26.784 52.750 15.555
3 16  -26.784 52.750 15.555 -5.000 52.750 0.000 -27.161 52.750 15.161
3 16  -27.161 52.750 15.161 -5.000 52.750 0.000 -27.555 52.750 14.784
3 16  -27.555 52.750 14.784 -5.000 52.750 0.000 -27.965 52.750 14.424
3 16  -27.965 52.750 14.424 -5.000 52.750 0.000 -28.390 52.750 14.083
3 16  -28.390 52.750 14.083 -5.000 52.750 0.000 -28.830 52.750 13.761
3 16  -28.830 52.750 13.761 -5.000 52.750 0.000 -29.284 52.750 13.458
3 16  -29.284 52.750 13.458 -5.000 52.750 0.000 -29.750 52.750 13.175
3 16  -29.750 52.750 13.175 -5.000 52.750 0.000 -30.228 52.750 12.912
3 16  -35.455 52.750 11.512 -5.000 52.750 0.000 -36.000 52.750 11.500
3 16  -34.910 52.750 11.548 -5.000 52.750 0.000 -35.455 52.750 11.512
3 16  -34.369 52.750 11.607 -5.000 52.750 0.000 -34.910 52.750 11.548
3 16  -33.830 52.750 11.690 -5.000 52.750 0.000 -34.369 52.750 11.607
3 16  -33.294 52.750 11.796 -5.000 52.750 0.000 -33.830 52.750 11.690
3 16  -32.765 52.750 11.926 -5.000 52.750 0.000 -33.294 52.750 11.796
3 16  -32.241 52.750 12.079 -5.000 52.750 0.000 -32.765 52.750 11.926
3 16  -31.725 52.750 12.254 -5.000 52.750 0.000 -32.241 52.750 12.079
3 16  -31.216 52.750 12.451 -5.000 52.750 0.000 -31.725 52.750 12.254
3 16  -30.717 52.750 12.671 -5.000 52.750 0.000 -31.216 52.750 12.451
3 16  -30.228 52.750 12.912 -5.000 52.750 0.000 -30.717 52.750 12.671
3 16  -48.488 52.750 23.455 -67.000 52.750 24.000 -48.500 52.750 24.000
3 16  -48.453 52.750 22.911 -67.000 52.750 24.000 -48.488 52.750 23.455
3 16  -48.393 52.750 22.368 -67.000 52.750 24.000 -48.453 52.750 22.911
3 16  -48.310 52.750 21.829 -67.000 52.750 24.000 -48.393 52.750 22.368
3 16  -48.204 52.750 21.294 -67.000 52.750 24.000 -48.310 52.750 21.829
3 16  -48.074 52.750 20.765 -67.000 52.750 24.000 -48.204 52.750 21.294
3 16  -47.922 52.750 20.241 -67.000 52.750 24.000 -48.074 52.750 20.765
3 16  -47.746 52.750 19.725 -67.000 52.750 24.000 -47.922 52.750 20.241
3 16  -47.549 52.750 19.216 -67.000 52.750 24.000 -47.746 52.750 19.725
3 16  -47.329 52.750 18.717 -67.000 52.750 24.000 -47.549 52.750 19.216
3 16  -47.088 52.750 18.228 -67.000 52.750 24.000 -47.329 52.750 18.717
3 16  -67.000 52.750 0.000 -47.088 52.750 18.228 -46.825 52.750 17.750
3 16  -67.000 52.750 0.000 -46.825 52.750 17.750 -46.543 52.750 17.284
3 16  -67.000 52.750 0.000 -46.543 52.750 17.284 -46.239 52.750 16.830
3 16  -67.000 52.750 0.000 -46.239 52.750 16.830 -45.917 52.750 16.390
3 16  -67.000 52.750 0.000 -45.917 52.750 16.390 -45.575 52.750 15.965
3 16  -67.000 52.750 0.000 -45.575 52.750 15.965 -45.216 52.750 15.555
3 16  -67.000 52.750 0.000 -45.216 52.750 15.555 -44.839 52.750 15.161
3 16  -67.000 52.750 0.000 -44.839 52.750 15.161 -44.445 52.750 14.784
3 16  -67.000 52.750 0.000 -44.445 52.750 14.784 -44.035 52.750 14.424
3 16  -67.000 52.750 0.000 -44.035 52.750 14.424 -43.609 52.750 14.083
3 16  -67.000 52.750 0.000 -43.609 52.750 14.083 -43.170 52.750 13.761
3 16  -67.000 52.750 0.000 -43.170 52.750 13.761 -42.716 52.750 13.458
3 16  -67.000 52.750 0.000 -42.716 52.750 13.458 -42.250 52.750 13.175
3 16  -67.000 52.750 0.000 -42.250 52.750 13.175 -41.772 52.750 12.912
3 16  -67.000 52.750 0.000 -41.772 52.750 12.912 -41.283 52.750 12.671
3 16  -67.000 52.750 0.000 -36.000 52.750 11.500 -5.000 52.750 0.000
3 16  -36.000 52.750 11.500 -67.000 52.750 0.000 -36.545 52.750 11.512
3 16  -36.545 52.750 11.512 -67.000 52.750 0.000 -37.090 52.750 11.548
3 16  -37.090 52.750 11.548 -67.000 52.750 0.000 -37.632 52.750 11.607
3 16  -37.632 52.750 11.607 -67.000 52.750 0.000 -38.171 52.750 11.690
3 16  -38.171 52.750 11.690 -67.000 52.750 0.000 -38.706 52.750 11.796
3 16  -38.706 52.750 11.796 -67.000 52.750 0.000 -39.235 52.750 11.926
3 16  -39.235 52.750 11.926 -67.000 52.750 0.000 -39.759 52.750 12.079
3 16  -47.088 52.750 18.228 -67.000 52.750 0.000 -67.000 52.750 24.000
3 16  -40.784 52.750 12.451 -67.000 52.750 0.000 -41.283 52.750 12.671
3 16  -40.275 52.750 12.254 -67.000 52.750 0.000 -40.784 52.750 12.451
3 16  -39.759 52.750 12.079 -67.000 52.750 0.000 -40.275 52.750 12.254
3 16  -67.000 12.000 0.000 -67.000 52.750 24.000 -67.000 52.750 0.000
3 16  -67.000 52.750 24.000 -67.000 12.000 0.000 -67.000 12.000 24.000
3 16  -64.500 0.000 24.000 -64.500 47.750 0.000 -64.500 47.750 24.000
3 16  -64.500 47.750 0.000 -64.500 0.000 24.000 -64.500 0.000 0.000
3 16  -7.500 0.000 0.000 -7.500 47.750 24.000 -7.500 47.750 0.000
3 16  -7.500 47.750 24.000 -7.500 0.000 0.000 -7.500 0.000 24.000
3 16  -64.500 47.750 24.000 -48.488 47.750 23.455 -48.500 47.750 24.000
3 16  -64.500 47.750 24.000 -48.453 47.750 22.911 -48.488 47.750 23.455
3 16  -64.500 47.750 24.000 -48.393 47.750 22.368 -48.453 47.750 22.911
3 16  -64.500 47.750 24.000 -48.310 47.750 21.829 -48.393 47.750 22.368
3 16  -64.500 47.750 24.000 -48.204 47.750 21.294 -48.310 47.750 21.829
3 16  -64.500 47.750 24.000 -48.074 47.750 20.765 -48.204 47.750 21.294
3 16  -64.500 47.750 24.000 -47.922 47.750 20.241 -48.074 47.750 20.765
3 16  -64.500 47.750 24.000 -47.746 47.750 19.725 -47.922 47.750 20.241
3 16  -64.500 47.750 24.000 -47.549 47.750 19.216 -47.746 47.750 19.725
3 16  -64.500 47.750 24.000 -47.329 47.750 18.717 -47.549 47.750 19.216
3 16  -64.500 47.750 24.000 -47.088 47.750 18.228 -47.329 47.750 18.717
3 16  -64.500 47.750 0.000 -47.088 47.750 18.228 -64.500 47.750 24.000
3 16  -47.088 47.750 18.228 -64.500 47.750 0.000 -46.825 47.750 17.750
3 16  -46.825 47.750 17.750 -64.500 47.750 0.000 -46.543 47.750 17.284
3 16  -46.543 47.750 17.284 -64.500 47.750 0.000 -46.239 47.750 16.830
3 16  -46.239 47.750 16.830 -64.500 47.750 0.000 -45.917 47.750 16.390
3 16  -45.917 47.750 16.390 -64.500 47.750 0.000 -45.575 47.750 15.965
3 16  -45.575 47.750 15.965 -64.500 47.750 0.000 -45.216 47.750 15.555
3 16  -45.216 47.750 15.555 -64.500 47.750 0.000 -44.839 47.750 15.161
3 16  -44.839 47.750 15.161 -64.500 47.750 0.000 -44.445 47.750 14.784
3 16  -44.445 47.750 14.784 -64.500 47.750 0.000 -44.035 47.750 14.424
3 16  -44.035 47.750 14.424 -64.500 47.750 0.000 -43.609 47.750 14.083
3 16  -43.609 47.750 14.083 -64.500 47.750 0.000 -43.170 47.750 13.761
3 16  -43.170 47.750 13.761 -64.500 47.750 0.000 -42.716 47.750 13.458
3 16  -42.716 47.750 13.458 -64.500 47.750 0.000 -42.250 47.750 13.175
3 16  -42.250 47.750 13.175 -64.500 47.750 0.000 -41.772 47.750 12.912
3 16  -36.545 47.750 11.512 -64.500 47.750 0.000 -36.000 47.750 11.500
3 16  -37.090 47.750 11.548 -64.500 47.750 0.000 -36.545 47.750 11.512
3 16  -37.632 47.750 11.607 -64.500 47.750 0.000 -37.090 47.750 11.548
3 16  -38.171 47.750 11.690 -64.500 47.750 0.000 -37.632 47.750 11.607
3 16  -38.706 47.750 11.796 -64.500 47.750 0.000 -38.171 47.750 11.690
3 16  -39.235 47.750 11.926 -64.500 47.750 0.000 -38.706 47.750 11.796
3 16  -39.759 47.750 12.079 -64.500 47.750 0.000 -39.235 47.750 11.926
3 16  -40.275 47.750 12.254 -64.500 47.750 0.000 -39.759 47.750 12.079
3 16  -40.784 47.750 12.451 -64.500 47.750 0.000 -40.275 47.750 12.254
3 16  -41.283 47.750 12.671 -64.500 47.750 0.000 -40.784 47.750 12.451
3 16  -41.772 47.750 12.912 -64.500 47.750 0.000 -41.283 47.750 12.671
3 16  -23.512 47.750 23.455 -7.500 47.750 24.000 -23.500 47.750 24.000
3 16  -23.548 47.750 22.911 -7.500 47.750 24.000 -23.512 47.750 23.455
3 16  -23.607 47.750 22.368 -7.500 47.750 24.000 -23.548 47.750 22.911
3 16  -23.690 47.750 21.829 -7.500 47.750 24.000 -23.607 47.750 22.368
3 16  -23.796 47.750 21.294 -7.500 47.750 24.000 -23.690 47.750 21.829
3 16  -23.926 47.750 20.765 -7.500 47.750 24.000 -23.796 47.750 21.294
3 16  -24.079 47.750 20.241 -7.500 47.750 24.000 -23.926 47.750 20.765
3 16  -24.254 47.750 19.725 -7.500 47.750 24.000 -24.079 47.750 20.241
3 16  -24.451 47.750 19.216 -7.500 47.750 24.000 -24.254 47.750 19.725
3 16  -24.671 47.750 18.717 -7.500 47.750 24.000 -24.451 47.750 19.216
3 16  -24.912 47.750 18.228 -7.500 47.750 24.000 -24.671 47.750 18.717
3 16  -7.500 47.750 0.000 -24.912 47.750 18.228 -25.175 47.750 17.750
3 16  -7.500 47.750 0.000 -25.175 47.750 17.750 -25.457 47.750 17.284
3 16  -7.500 47.750 0.000 -25.457 47.750 17.284 -25.761 47.750 16.830
3 16  -7.500 47.750 0.000 -25.761 47.750 16.830 -26.083 47.750 16.390
3 16  -7.500 47.750 0.000 -26.083 47.750 16.390 -26.425 47.750 15.965
3 16  -7.500 47.750 0.000 -26.425 47.750 15.965 -26.784 47.750 15.555
3 16  -7.500 47.750 0.000 -26.784 47.750 15.555 -27.161 47.750 15.161
3 16  -7.500 47.750 0.000 -27.161 47.750 15.161 -27.555 47.750 14.784
3 16  -7.500 47.750 0.000 -27.555 47.750 14.784 -27.965 47.750 14.424
3 16  -7.500 47.750 0.000 -27.965 47.750 14.424 -28.390 47.750 14.083
3 16  -7.500 47.750 0.000 -28.390 47.750 14.083 -28.830 47.750 13.761
3 16  -7.500 47.750 0.000 -28.830 47.750 13.761 -29.284 47.750 13.458
3 16  -7.500 47.750 0.000 -29.284 47.750 13.458 -29.750 47.750 13.175
3 16  -7.500 47.750 0.000 -29.750 47.750 13.175 -30.228 47.750 12.912
3 16  -7.500 47.750 0.000 -30.228 47.750 12.912 -30.717 47.750 12.671
3 16  -7.500 47.750 0.000 -36.000 47.750 11.500 -64.500 47.750 0.000
3 16  -36.000 47.750 11.500 -7.500 47.750 0.000 -35.455 47.750 11.512
3 16  -35.455 47.750 11.512 -7.500 47.750 0.000 -34.910 47.750 11.548
3 16  -34.910 47.750 11.548 -7.500 47.750 0.000 -34.369 47.750 11.607
3 16  -34.369 47.750 11.607 -7.500 47.750 0.000 -33.830 47.750 11.690
3 16  -33.830 47.750 11.690 -7.500 47.750 0.000 -33.294 47.750 11.796
3 16  -33.294 47.750 11.796 -7.500 47.750 0.000 -32.765 47.750 11.926
3 16  -32.765 47.750 11.926 -7.500 47.750 0.000 -32.241 47.750 12.079
3 16  -24.912 47.750 18.228 -7.500 47.750 0.000 -7.500 47.750 24.000
3 16  -31.216 47.750 12.451 -7.500 47.750 0.000 -30.717 47.750 12.671
3 16  -31.725 47.750 12.254 -7.500 47.750 0.000 -31.216 47.750 12.451
3 16  -32.241 47.750 12.079 -7.500 47.750 0.000 -31.725 47.750 12.254
3 16  -5.000 12.000 24.000 -5.000 52.750 0.000 -5.000 52.750 24.000
3 16  -5.000 52.750 0.000 -5.000 12.000 24.000 -5.000 12.000 0.000
