0 ./parts/generic-corner-1-24.dat
0 !LDRAW Unofficial_part
0 BFC CERTIFY CCW
3 16  -8.000 7.500 6.000 -4.000 0.000 6.000 -4.000 7.500 6.000
3 16  -4.000 0.000 6.000 -8.000 7.500 6.000 -8.000 0.000 6.000
3 16  -4.000 0.000 13.500 -4.000 7.500 6.000 -4.000 0.000 6.000
3 16  -8.000 7.500 6.000 -8.000 0.000 13.500 -8.000 0.000 6.000
3 16  0.000 -3.165 16.684 0.000 0.000 13.500 0.000 0.000 24.000
3 16  0.000 0.000 13.500 0.000 -2.132 13.618 0.000 -2.015 12.541
3 16  0.000 0.000 13.500 0.000 -2.365 14.675 0.000 -2.132 13.618
3 16  0.000 0.000 13.500 0.000 -2.710 15.701 0.000 -2.365 14.675
3 16  0.000 0.000 13.500 0.000 -3.165 16.684 0.000 -2.710 15.701
3 16  0.000 0.000 24.000 0.000 -3.723 17.612 0.000 -3.165 16.684
3 16  0.000 0.000 24.000 0.000 -4.378 18.474 0.000 -3.723 17.612
3 16  0.000 0.000 24.000 0.000 -5.123 19.260 0.000 -4.378 18.474
3 16  0.000 0.000 24.000 0.000 -5.948 19.961 0.000 -5.123 19.260
3 16  0.000 0.000 24.000 0.000 -6.844 20.569 0.000 -5.948 19.961
3 16  0.000 0.000 24.000 0.000 -7.801 21.076 0.000 -6.844 20.569
3 16  0.000 0.000 24.000 0.000 -8.807 21.477 0.000 -7.801 21.076
3 16  0.000 0.000 24.000 0.000 -9.850 21.766 0.000 -8.807 21.477
3 16  0.000 0.000 24.000 0.000 -10.919 21.941 0.000 -9.850 21.766
3 16  0.000 0.000 24.000 0.000 -12.000 22.000 0.000 -10.919 21.941
3 16  0.000 -24.000 24.000 0.000 -12.000 22.000 0.000 0.000 24.000
3 16  0.000 -21.985 12.541 0.000 -24.000 24.000 0.000 -21.985 11.459
3 16  0.000 -21.868 13.618 0.000 -24.000 24.000 0.000 -21.985 12.541
3 16  0.000 -21.636 14.675 0.000 -24.000 24.000 0.000 -21.868 13.618
3 16  0.000 -21.290 15.701 0.000 -24.000 24.000 0.000 -21.636 14.675
3 16  0.000 -20.835 16.684 0.000 -24.000 24.000 0.000 -21.290 15.701
3 16  0.000 -20.277 17.612 0.000 -24.000 24.000 0.000 -20.835 16.684
3 16  0.000 -19.622 18.474 0.000 -24.000 24.000 0.000 -20.277 17.612
3 16  0.000 -18.877 19.260 0.000 -24.000 24.000 0.000 -19.622 18.474
3 16  0.000 -18.052 19.961 0.000 -24.000 24.000 0.000 -18.877 19.260
3 16  0.000 -17.156 20.569 0.000 -24.000 24.000 0.000 -18.052 19.961
3 16  0.000 -16.199 21.076 0.000 -24.000 24.000 0.000 -17.156 20.569
3 16  0.000 -15.193 21.477 0.000 -24.000 24.000 0.000 -16.199 21.076
3 16  0.000 -14.150 21.766 0.000 -24.000 24.000 0.000 -15.193 21.477
3 16  0.000 -13.081 21.941 0.000 -24.000 24.000 0.000 -14.150 21.766
3 16  0.000 -12.000 22.000 0.000 -24.000 24.000 0.000 -13.081 21.941
3 16  0.000 -2.132 10.382 0.000 7.500 6.000 0.000 0.000 13.500
3 16  0.000 -2.015 11.459 0.000 0.000 13.500 0.000 -2.015 12.541
3 16  0.000 -2.132 10.382 0.000 0.000 13.500 0.000 -2.015 11.459
3 16  0.000 7.500 6.000 0.000 -2.132 10.382 0.000 -2.365 9.325
3 16  0.000 -2.710 8.299 0.000 7.500 6.000 0.000 -2.365 9.325
3 16  0.000 -3.165 7.316 0.000 7.500 6.000 0.000 -2.710 8.299
3 16  0.000 -3.723 6.388 0.000 7.500 6.000 0.000 -3.165 7.316
3 16  0.000 7.500 6.000 0.000 -3.723 6.388 0.000 7.500 0.000
3 16  0.000 -4.378 5.526 0.000 7.500 0.000 0.000 -3.723 6.388
3 16  0.000 -5.123 4.740 0.000 7.500 0.000 0.000 -4.378 5.526
3 16  0.000 -5.948 4.039 0.000 7.500 0.000 0.000 -5.123 4.740
3 16  0.000 -6.844 3.431 0.000 7.500 0.000 0.000 -5.948 4.039
3 16  0.000 -7.801 2.924 0.000 7.500 0.000 0.000 -6.844 3.431
3 16  0.000 -8.807 2.523 0.000 7.500 0.000 0.000 -7.801 2.924
3 16  0.000 -9.850 2.234 0.000 7.500 0.000 0.000 -8.807 2.523
3 16  0.000 -10.919 2.059 0.000 7.500 0.000 0.000 -9.850 2.234
3 16  0.000 -12.000 2.000 0.000 7.500 0.000 0.000 -10.919 2.059
3 16  0.000 -24.000 0.000 0.000 -12.000 2.000 0.000 -13.081 2.059
3 16  0.000 -24.000 0.000 0.000 -21.985 11.459 0.000 -24.000 24.000
3 16  0.000 -12.000 2.000 0.000 -24.000 0.000 0.000 7.500 0.000
3 16  0.000 -14.150 2.234 0.000 -24.000 0.000 0.000 -13.081 2.059
3 16  0.000 -15.193 2.523 0.000 -24.000 0.000 0.000 -14.150 2.234
3 16  0.000 -16.199 2.924 0.000 -24.000 0.000 0.000 -15.193 2.523
3 16  0.000 -17.156 3.431 0.000 -24.000 0.000 0.000 -16.199 2.924
3 16  0.000 -18.052 4.039 0.000 -24.000 0.000 0.000 -17.156 3.431
3 16  0.000 -18.877 4.740 0.000 -24.000 0.000 0.000 -18.052 4.039
3 16  0.000 -19.622 5.526 0.000 -24.000 0.000 0.000 -18.877 4.740
3 16  0.000 -20.277 6.388 0.000 -24.000 0.000 0.000 -19.622 5.526
3 16  0.000 -20.835 7.316 0.000 -24.000 0.000 0.000 -20.277 6.388
3 16  0.000 -21.290 8.299 0.000 -24.000 0.000 0.000 -20.835 7.316
3 16  0.000 -21.636 9.325 0.000 -24.000 0.000 0.000 -21.290 8.299
3 16  0.000 -21.868 10.382 0.000 -24.000 0.000 0.000 -21.636 9.325
3 16  0.000 -21.985 11.459 0.000 -24.000 0.000 0.000 -21.868 10.382
3 16  0.000 7.500 6.000 -4.000 0.000 13.500 0.000 0.000 13.500
3 16  -4.000 0.000 13.500 0.000 7.500 6.000 -4.000 7.500 6.000
3 16  -4.000 0.000 6.000 -8.000 0.000 13.500 -4.000 0.000 13.500
3 16  -8.000 0.000 13.500 -4.000 0.000 6.000 -8.000 0.000 6.000
3 16  -4.000 0.000 13.500 0.000 0.000 24.000 0.000 0.000 13.500
3 16  0.000 0.000 24.000 -4.000 0.000 13.500 -12.000 0.000 24.000
3 16  -8.000 0.000 13.500 -12.000 0.000 24.000 -4.000 0.000 13.500
3 16  -12.000 0.000 24.000 -8.000 0.000 13.500 -12.000 0.000 13.500
3 16  -12.000 -24.000 0.000 0.000 7.500 0.000 0.000 -24.000 0.000
3 16  0.000 7.500 0.000 -12.000 -24.000 0.000 -12.000 7.500 0.000
3 16  0.000 7.500 0.000 -4.000 7.500 6.000 0.000 7.500 6.000
3 16  -4.000 7.500 6.000 0.000 7.500 0.000 -8.000 7.500 6.000
3 16  -12.000 7.500 0.000 -8.000 7.500 6.000 0.000 7.500 0.000
3 16  -8.000 7.500 6.000 -12.000 7.500 0.000 -12.000 7.500 6.000
3 16  -8.000 7.500 6.000 -12.000 0.000 13.500 -8.000 0.000 13.500
3 16  -12.000 0.000 13.500 -8.000 7.500 6.000 -12.000 7.500 6.000
3 16  -12.000 -3.723 6.388 -12.000 7.500 6.000 -12.000 7.500 0.000
3 16  -12.000 -2.015 12.541 -12.000 0.000 13.500 -12.000 -2.015 11.459
3 16  -12.000 -2.132 10.382 -12.000 7.500 6.000 -12.000 -2.365 9.325
3 16  -12.000 0.000 13.500 -12.000 -2.132 10.382 -12.000 -2.015 11.459
3 16  -12.000 7.500 6.000 -12.000 -2.132 10.382 -12.000 0.000 13.500
3 16  -12.000 7.500 6.000 -12.000 -2.710 8.299 -12.000 -2.365 9.325
3 16  -12.000 7.500 6.000 -12.000 -3.165 7.316 -12.000 -2.710 8.299
3 16  -12.000 7.500 6.000 -12.000 -3.723 6.388 -12.000 -3.165 7.316
3 16  -12.000 7.500 0.000 -12.000 -4.378 5.526 -12.000 -3.723 6.388
3 16  -12.000 7.500 0.000 -12.000 -5.123 4.740 -12.000 -4.378 5.526
3 16  -12.000 7.500 0.000 -12.000 -5.948 4.039 -12.000 -5.123 4.740
3 16  -12.000 7.500 0.000 -12.000 -6.844 3.431 -12.000 -5.948 4.039
3 16  -12.000 7.500 0.000 -12.000 -7.801 2.924 -12.000 -6.844 3.431
3 16  -12.000 7.500 0.000 -12.000 -8.807 2.523 -12.000 -7.801 2.924
3 16  -12.000 7.500 0.000 -12.000 -9.850 2.234 -12.000 -8.807 2.523
3 16  -12.000 7.500 0.000 -12.000 -10.919 2.059 -12.000 -9.850 2.234
3 16  -12.000 7.500 0.000 -12.000 -12.000 2.000 -12.000 -10.919 2.059
3 16  -12.000 -24.000 0.000 -12.000 -12.000 2.000 -12.000 7.500 0.000
3 16  -12.000 -21.985 11.459 -12.000 -24.000 0.000 -12.000 -21.985 12.541
3 16  -12.000 -21.868 10.382 -12.000 -24.000 0.000 -12.000 -21.985 11.459
3 16  -12.000 -21.636 9.325 -12.000 -24.000 0.000 -12.000 -21.868 10.382
3 16  -12.000 -21.290 8.299 -12.000 -24.000 0.000 -12.000 -21.636 9.325
3 16  -12.000 -20.835 7.316 -12.000 -24.000 0.000 -12.000 -21.290 8.299
3 16  -12.000 -20.277 6.388 -12.000 -24.000 0.000 -12.000 -20.835 7.316
3 16  -12.000 -19.622 5.526 -12.000 -24.000 0.000 -12.000 -20.277 6.388
3 16  -12.000 -18.877 4.740 -12.000 -24.000 0.000 -12.000 -19.622 5.526
3 16  -12.000 -18.052 4.039 -12.000 -24.000 0.000 -12.000 -18.877 4.740
3 16  -12.000 -17.156 3.431 -12.000 -24.000 0.000 -12.000 -18.052 4.039
3 16  -12.000 -16.199 2.924 -12.000 -24.000 0.000 -12.000 -17.156 3.431
3 16  -12.000 -15.193 2.523 -12.000 -24.000 0.000 -12.000 -16.199 2.924
3 16  -12.000 -14.150 2.234 -12.000 -24.000 0.000 -12.000 -15.193 2.523
3 16  -12.000 -13.081 2.059 -12.000 -24.000 0.000 -12.000 -14.150 2.234
3 16  -12.000 -12.000 2.000 -12.000 -24.000 0.000 -12.000 -13.081 2.059
3 16  -12.000 -2.132 13.618 -12.000 0.000 13.500 -12.000 -2.015 12.541
3 16  -12.000 -2.365 14.675 -12.000 0.000 13.500 -12.000 -2.132 13.618
3 16  -12.000 -2.710 15.701 -12.000 0.000 13.500 -12.000 -2.365 14.675
3 16  -12.000 -3.165 16.684 -12.000 0.000 13.500 -12.000 -2.710 15.701
3 16  -12.000 0.000 13.500 -12.000 -3.165 16.684 -12.000 0.000 24.000
3 16  -12.000 -3.723 17.612 -12.000 0.000 24.000 -12.000 -3.165 16.684
3 16  -12.000 -4.378 18.474 -12.000 0.000 24.000 -12.000 -3.723 17.612
3 16  -12.000 -5.123 19.260 -12.000 0.000 24.000 -12.000 -4.378 18.474
3 16  -12.000 -5.948 19.961 -12.000 0.000 24.000 -12.000 -5.123 19.260
3 16  -12.000 -6.844 20.569 -12.000 0.000 24.000 -12.000 -5.948 19.961
3 16  -12.000 -7.801 21.076 -12.000 0.000 24.000 -12.000 -6.844 20.569
3 16  -12.000 -8.807 21.477 -12.000 0.000 24.000 -12.000 -7.801 21.076
3 16  -12.000 -9.850 21.766 -12.000 0.000 24.000 -12.000 -8.807 21.477
3 16  -12.000 -10.919 21.941 -12.000 0.000 24.000 -12.000 -9.850 21.766
3 16  -12.000 -12.000 22.000 -12.000 0.000 24.000 -12.000 -10.919 21.941
3 16  -12.000 -24.000 24.000 -12.000 -12.000 22.000 -12.000 -13.081 21.941
3 16  -12.000 -24.000 24.000 -12.000 -21.985 12.541 -12.000 -24.000 0.000
3 16  -12.000 -12.000 22.000 -12.000 -24.000 24.000 -12.000 0.000 24.000
3 16  -12.000 -14.150 21.766 -12.000 -24.000 24.000 -12.000 -13.081 21.941
3 16  -12.000 -15.193 21.477 -12.000 -24.000 24.000 -12.000 -14.150 21.766
3 16  -12.000 -16.199 21.076 -12.000 -24.000 24.000 -12.000 -15.193 21.477
3 16  -12.000 -17.156 20.569 -12.000 -24.000 24.000 -12.000 -16.199 21.076
3 16  -12.000 -18.052 19.961 -12.000 -24.000 24.000 -12.000 -17.156 20.569
3 16  -12.000 -18.877 19.260 -12.000 -24.000 24.000 -12.000 -18.052 19.961
3 16  -12.000 -19.622 18.474 -12.000 -24.000 24.000 -12.000 -18.877 19.260
3 16  -12.000 -20.277 17.612 -12.000 -24.000 24.000 -12.000 -19.622 18.474
3 16  -12.000 -20.835 16.684 -12.000 -24.000 24.000 -12.000 -20.277 17.612
3 16  -12.000 -21.290 15.701 -12.000 -24.000 24.000 -12.000 -20.835 16.684
3 16  -12.000 -21.636 14.675 -12.000 -24.000 24.000 -12.000 -21.290 15.701
3 16  -12.000 -21.868 13.618 -12.000 -24.000 24.000 -12.000 -21.636 14.675
3 16  -12.000 -21.985 12.541 -12.000 -24.000 24.000 -12.000 -21.868 13.618
3 16  -12.000 -24.000 0.000 0.000 -24.000 24.000 -12.000 -24.000 24.000
3 16  0.000 -24.000 24.000 -12.000 -24.000 0.000 0.000 -24.000 0.000
3 16  -6.000 -10.280 4.187 -6.000 -11.135 4.047 0.000 -10.919 2.059
3 16  0.000 -9.850 2.234 -6.000 -10.280 4.187 0.000 -10.919 2.059
3 16  -6.000 -9.446 4.419 -6.000 -10.280 4.187 0.000 -9.850 2.234
3 16  0.000 -8.807 2.523 -6.000 -9.446 4.419 0.000 -9.850 2.234
3 16  -6.000 -8.641 4.739 -6.000 -9.446 4.419 0.000 -8.807 2.523
3 16  0.000 -7.801 2.924 -6.000 -8.641 4.739 0.000 -8.807 2.523
3 16  -6.000 -7.876 5.145 -6.000 -8.641 4.739 0.000 -7.801 2.924
3 16  0.000 -6.844 3.431 -6.000 -7.876 5.145 0.000 -7.801 2.924
3 16  -6.000 -7.159 5.631 -6.000 -7.876 5.145 0.000 -6.844 3.431
3 16  0.000 -5.948 4.039 -6.000 -7.159 5.631 0.000 -6.844 3.431
3 16  -6.000 -6.498 6.192 -6.000 -7.159 5.631 0.000 -5.948 4.039
3 16  0.000 -5.123 4.740 -6.000 -6.498 6.192 0.000 -5.948 4.039
3 16  -6.000 -5.903 6.821 -6.000 -6.498 6.192 0.000 -5.123 4.740
3 16  0.000 -4.378 5.526 -6.000 -5.903 6.821 0.000 -5.123 4.740
3 16  -6.000 -5.379 7.511 -6.000 -5.903 6.821 0.000 -4.378 5.526
3 16  0.000 -3.723 6.388 -6.000 -5.379 7.511 0.000 -4.378 5.526
3 16  -6.000 -4.932 8.253 -6.000 -5.379 7.511 0.000 -3.723 6.388
3 16  0.000 -3.165 7.316 -6.000 -4.932 8.253 0.000 -3.723 6.388
3 16  -6.000 -4.568 9.039 -6.000 -4.932 8.253 0.000 -3.165 7.316
3 16  0.000 -2.710 8.299 -6.000 -4.568 9.039 0.000 -3.165 7.316
3 16  -6.000 -4.292 9.860 -6.000 -4.568 9.039 0.000 -2.710 8.299
3 16  0.000 -2.365 9.325 -6.000 -4.292 9.860 0.000 -2.710 8.299
3 16  -6.000 -4.105 10.706 -6.000 -4.292 9.860 0.000 -2.365 9.325
3 16  0.000 -2.132 10.382 -6.000 -4.105 10.706 0.000 -2.365 9.325
3 16  -6.000 -4.012 11.567 -6.000 -4.105 10.706 0.000 -2.132 10.382
3 16  0.000 -2.015 11.459 -6.000 -4.012 11.567 0.000 -2.132 10.382
3 16  -6.000 -4.012 11.567 0.000 -2.015 12.541 -6.000 -4.012 12.433
3 16  0.000 -2.015 12.541 -6.000 -4.012 11.567 0.000 -2.015 11.459
3 16  0.000 -2.015 12.541 -6.000 -4.105 13.294 -6.000 -4.012 12.433
3 16  0.000 -2.132 13.618 -6.000 -4.105 13.294 0.000 -2.015 12.541
3 16  0.000 -2.132 13.618 -6.000 -4.292 14.140 -6.000 -4.105 13.294
3 16  0.000 -2.365 14.675 -6.000 -4.292 14.140 0.000 -2.132 13.618
3 16  0.000 -2.365 14.675 -6.000 -4.568 14.961 -6.000 -4.292 14.140
3 16  0.000 -2.710 15.701 -6.000 -4.568 14.961 0.000 -2.365 14.675
3 16  0.000 -2.710 15.701 -6.000 -4.932 15.747 -6.000 -4.568 14.961
3 16  0.000 -3.165 16.684 -6.000 -4.932 15.747 0.000 -2.710 15.701
3 16  0.000 -3.165 16.684 -6.000 -5.379 16.489 -6.000 -4.932 15.747
3 16  0.000 -3.165 16.684 0.000 -3.723 17.612 -6.000 -5.379 16.489
3 16  0.000 -3.723 17.612 -6.000 -5.903 17.179 -6.000 -5.379 16.489
3 16  0.000 -3.723 17.612 0.000 -4.378 18.474 -6.000 -5.903 17.179
3 16  0.000 -4.378 18.474 -6.000 -6.498 17.808 -6.000 -5.903 17.179
3 16  0.000 -4.378 18.474 0.000 -5.123 19.260 -6.000 -6.498 17.808
3 16  0.000 -5.123 19.260 -6.000 -7.159 18.369 -6.000 -6.498 17.808
3 16  0.000 -5.123 19.260 0.000 -5.948 19.961 -6.000 -7.159 18.369
3 16  0.000 -5.948 19.961 -6.000 -7.876 18.855 -6.000 -7.159 18.369
3 16  0.000 -5.948 19.961 0.000 -6.844 20.569 -6.000 -7.876 18.855
3 16  0.000 -6.844 20.569 -6.000 -8.641 19.261 -6.000 -7.876 18.855
3 16  0.000 -6.844 20.569 0.000 -7.801 21.076 -6.000 -8.641 19.261
3 16  0.000 -7.801 21.076 -6.000 -9.446 19.581 -6.000 -8.641 19.261
3 16  0.000 -7.801 21.076 0.000 -8.807 21.477 -6.000 -9.446 19.581
3 16  0.000 -8.807 21.477 -6.000 -10.280 19.813 -6.000 -9.446 19.581
3 16  0.000 -8.807 21.477 0.000 -9.850 21.766 -6.000 -10.280 19.813
3 16  0.000 -9.850 21.766 -6.000 -11.135 19.953 -6.000 -10.280 19.813
3 16  0.000 -9.850 21.766 0.000 -10.919 21.941 -6.000 -11.135 19.953
3 16  0.000 -10.919 21.941 -6.000 -12.000 20.000 -6.000 -11.135 19.953
3 16  0.000 -10.919 21.941 0.000 -12.000 22.000 -6.000 -12.000 20.000
3 16  -6.000 -12.000 20.000 0.000 -12.000 22.000 -6.000 -12.865 19.953
3 16  0.000 -12.000 22.000 0.000 -13.081 21.941 -6.000 -12.865 19.953
3 16  -6.000 -12.865 19.953 0.000 -13.081 21.941 -6.000 -13.720 19.813
3 16  0.000 -13.081 21.941 0.000 -14.150 21.766 -6.000 -13.720 19.813
3 16  -6.000 -13.720 19.813 0.000 -14.150 21.766 -6.000 -14.554 19.581
3 16  0.000 -14.150 21.766 0.000 -15.193 21.477 -6.000 -14.554 19.581
3 16  -6.000 -14.554 19.581 0.000 -15.193 21.477 -6.000 -15.359 19.261
3 16  0.000 -15.193 21.477 0.000 -16.199 21.076 -6.000 -15.359 19.261
3 16  -6.000 -15.359 19.261 0.000 -16.199 21.076 -6.000 -16.124 18.855
3 16  0.000 -16.199 21.076 0.000 -17.156 20.569 -6.000 -16.124 18.855
3 16  -6.000 -16.124 18.855 0.000 -17.156 20.569 -6.000 -16.841 18.369
3 16  0.000 -17.156 20.569 0.000 -18.052 19.961 -6.000 -16.841 18.369
3 16  -6.000 -16.841 18.369 0.000 -18.052 19.961 -6.000 -17.502 17.808
3 16  0.000 -18.052 19.961 0.000 -18.877 19.260 -6.000 -17.502 17.808
3 16  -6.000 -17.502 17.808 0.000 -18.877 19.260 -6.000 -18.097 17.179
3 16  0.000 -18.877 19.260 0.000 -19.622 18.474 -6.000 -18.097 17.179
3 16  -6.000 -18.097 17.179 0.000 -19.622 18.474 -6.000 -18.622 16.489
3 16  0.000 -19.622 18.474 0.000 -20.277 17.612 -6.000 -18.622 16.489
3 16  -6.000 -18.622 16.489 0.000 -20.277 17.612 -6.000 -19.068 15.747
3 16  0.000 -20.277 17.612 0.000 -20.835 16.684 -6.000 -19.068 15.747
3 16  -6.000 -19.068 15.747 0.000 -20.835 16.684 -6.000 -19.432 14.961
3 16  0.000 -20.835 16.684 0.000 -21.290 15.701 -6.000 -19.432 14.961
3 16  -6.000 -19.432 14.961 0.000 -21.290 15.701 -6.000 -19.708 14.140
3 16  0.000 -21.290 15.701 0.000 -21.636 14.675 -6.000 -19.708 14.140
3 16  -6.000 -19.708 14.140 0.000 -21.636 14.675 -6.000 -19.895 13.294
3 16  0.000 -21.636 14.675 0.000 -21.868 13.618 -6.000 -19.895 13.294
3 16  -6.000 -19.895 13.294 0.000 -21.868 13.618 -6.000 -19.988 12.433
3 16  0.000 -21.868 13.618 0.000 -21.985 12.541 -6.000 -19.988 12.433
3 16  0.000 -21.985 12.541 -6.000 -19.988 11.567 -6.000 -19.988 12.433
3 16  -6.000 -19.988 11.567 0.000 -21.985 12.541 0.000 -21.985 11.459
3 16  -6.000 -19.988 11.567 0.000 -21.985 11.459 -6.000 -19.895 10.706
3 16  -6.000 -19.895 10.706 0.000 -21.985 11.459 0.000 -21.868 10.382
3 16  -6.000 -19.895 10.706 0.000 -21.868 10.382 -6.000 -19.708 9.860
3 16  -6.000 -19.708 9.860 0.000 -21.868 10.382 0.000 -21.636 9.325
3 16  -6.000 -19.708 9.860 0.000 -21.636 9.325 -6.000 -19.432 9.039
3 16  -6.000 -19.432 9.039 0.000 -21.636 9.325 0.000 -21.290 8.299
3 16  -6.000 -19.432 9.039 0.000 -21.290 8.299 -6.000 -19.068 8.253
3 16  -6.000 -19.068 8.253 0.000 -21.290 8.299 0.000 -20.835 7.316
3 16  -6.000 -18.622 7.511 -6.000 -19.068 8.253 0.000 -20.835 7.316
3 16  -6.000 -18.622 7.511 0.000 -20.835 7.316 0.000 -20.277 6.388
3 16  -6.000 -18.097 6.821 -6.000 -18.622 7.511 0.000 -20.277 6.388
3 16  -6.000 -18.097 6.821 0.000 -20.277 6.388 0.000 -19.622 5.526
3 16  -6.000 -17.502 6.192 -6.000 -18.097 6.821 0.000 -19.622 5.526
3 16  -6.000 -17.502 6.192 0.000 -19.622 5.526 0.000 -18.877 4.740
3 16  -6.000 -16.841 5.631 -6.000 -17.502 6.192 0.000 -18.877 4.740
3 16  -6.000 -16.841 5.631 0.000 -18.877 4.740 0.000 -18.052 4.039
3 16  -6.000 -16.124 5.145 -6.000 -16.841 5.631 0.000 -18.052 4.039
3 16  -6.000 -16.124 5.145 0.000 -18.052 4.039 0.000 -17.156 3.431
3 16  -6.000 -15.359 4.739 -6.000 -16.124 5.145 0.000 -17.156 3.431
3 16  -6.000 -15.359 4.739 0.000 -17.156 3.431 0.000 -16.199 2.924
3 16  -6.000 -14.554 4.419 -6.000 -15.359 4.739 0.000 -16.199 2.924
3 16  -6.000 -14.554 4.419 0.000 -16.199 2.924 0.000 -15.193 2.523
3 16  -6.000 -13.720 4.187 -6.000 -14.554 4.419 0.000 -15.193 2.523
3 16  -6.000 -13.720 4.187 0.000 -15.193 2.523 0.000 -14.150 2.234
3 16  -6.000 -12.865 4.047 -6.000 -13.720 4.187 0.000 -14.150 2.234
3 16  -6.000 -12.865 4.047 0.000 -14.150 2.234 0.000 -13.081 2.059
3 16  -6.000 -12.000 4.000 -6.000 -12.865 4.047 0.000 -13.081 2.059
3 16  -6.000 -12.000 4.000 0.000 -13.081 2.059 0.000 -12.000 2.000
3 16  -6.000 -11.135 4.047 -6.000 -12.000 4.000 0.000 -12.000 2.000
3 16  0.000 -10.919 2.059 -6.000 -11.135 4.047 0.000 -12.000 2.000
3 16  -6.000 -11.135 19.953 -12.000 -10.919 21.941 -6.000 -10.280 19.813
3 16  -12.000 -10.919 21.941 -12.000 -9.850 21.766 -6.000 -10.280 19.813
3 16  -6.000 -10.280 19.813 -12.000 -9.850 21.766 -6.000 -9.446 19.581
3 16  -12.000 -9.850 21.766 -12.000 -8.807 21.477 -6.000 -9.446 19.581
3 16  -6.000 -9.446 19.581 -12.000 -8.807 21.477 -6.000 -8.641 19.261
3 16  -12.000 -8.807 21.477 -12.000 -7.801 21.076 -6.000 -8.641 19.261
3 16  -6.000 -8.641 19.261 -12.000 -7.801 21.076 -6.000 -7.876 18.855
3 16  -12.000 -7.801 21.076 -12.000 -6.844 20.569 -6.000 -7.876 18.855
3 16  -6.000 -7.876 18.855 -12.000 -6.844 20.569 -6.000 -7.159 18.369
3 16  -12.000 -6.844 20.569 -12.000 -5.948 19.961 -6.000 -7.159 18.369
3 16  -6.000 -7.159 18.369 -12.000 -5.948 19.961 -6.000 -6.498 17.808
3 16  -12.000 -5.948 19.961 -12.000 -5.123 19.260 -6.000 -6.498 17.808
3 16  -6.000 -6.498 17.808 -12.000 -5.123 19.260 -6.000 -5.903 17.179
3 16  -12.000 -5.123 19.260 -12.000 -4.378 18.474 -6.000 -5.903 17.179
3 16  -6.000 -5.903 17.179 -12.000 -4.378 18.474 -6.000 -5.379 16.489
3 16  -12.000 -4.378 18.474 -12.000 -3.723 17.612 -6.000 -5.379 16.489
3 16  -6.000 -5.379 16.489 -12.000 -3.723 17.612 -6.000 -4.932 15.747
3 16  -12.000 -3.723 17.612 -12.000 -3.165 16.684 -6.000 -4.932 15.747
3 16  -6.000 -4.932 15.747 -12.000 -3.165 16.684 -6.000 -4.568 14.961
3 16  -12.000 -3.165 16.684 -12.000 -2.710 15.701 -6.000 -4.568 14.961
3 16  -6.000 -4.568 14.961 -12.000 -2.710 15.701 -6.000 -4.292 14.140
3 16  -12.000 -2.710 15.701 -12.000 -2.365 14.675 -6.000 -4.292 14.140
3 16  -6.000 -4.292 14.140 -12.000 -2.365 14.675 -6.000 -4.105 13.294
3 16  -12.000 -2.365 14.675 -12.000 -2.132 13.618 -6.000 -4.105 13.294
3 16  -6.000 -4.105 13.294 -12.000 -2.132 13.618 -6.000 -4.012 12.433
3 16  -12.000 -2.132 13.618 -12.000 -2.015 12.541 -6.000 -4.012 12.433
3 16  -12.000 -2.015 12.541 -6.000 -4.012 11.567 -6.000 -4.012 12.433
3 16  -6.000 -4.012 11.567 -12.000 -2.015 12.541 -12.000 -2.015 11.459
3 16  -6.000 -4.012 11.567 -12.000 -2.015 11.459 -6.000 -4.105 10.706
3 16  -6.000 -4.105 10.706 -12.000 -2.015 11.459 -12.000 -2.132 10.382
3 16  -6.000 -4.105 10.706 -12.000 -2.132 10.382 -6.000 -4.292 9.860
3 16  -6.000 -4.292 9.860 -12.000 -2.132 10.382 -12.000 -2.365 9.325
3 16  -6.000 -4.292 9.860 -12.000 -2.365 9.325 -6.000 -4.568 9.039
3 16  -6.000 -4.568 9.039 -12.000 -2.365 9.325 -12.000 -2.710 8.299
3 16  -6.000 -4.568 9.039 -12.000 -2.710 8.299 -6.000 -4.932 8.253
3 16  -6.000 -4.932 8.253 -12.000 -2.710 8.299 -12.000 -3.165 7.316
3 16  -6.000 -5.379 7.511 -6.000 -4.932 8.253 -12.000 -3.165 7.316
3 16  -6.000 -5.379 7.511 -12.000 -3.165 7.316 -12.000 -3.723 6.388
3 16  -6.000 -5.903 6.821 -6.000 -5.379 7.511 -12.000 -3.723 6.388
3 16  -6.000 -5.903 6.821 -12.000 -3.723 6.388 -12.000 -4.378 5.526
3 16  -6.000 -6.498 6.192 -6.000 -5.903 6.821 -12.000 -4.378 5.526
3 16  -6.000 -6.498 6.192 -12.000 -4.378 5.526 -12.000 -5.123 4.740
3 16  -6.000 -7.159 5.631 -6.000 -6.498 6.192 -12.000 -5.123 4.740
3 16  -6.000 -7.159 5.631 -12.000 -5.123 4.740 -12.000 -5.948 4.039
3 16  -6.000 -7.876 5.145 -6.000 -7.159 5.631 -12.000 -5.948 4.039
3 16  -6.000 -7.876 5.145 -12.000 -5.948 4.039 -12.000 -6.844 3.431
3 16  -6.000 -8.641 4.739 -6.000 -7.876 5.145 -12.000 -6.844 3.431
3 16  -6.000 -8.641 4.739 -12.000 -6.844 3.431 -12.000 -7.801 2.924
3 16  -6.000 -9.446 4.419 -6.000 -8.641 4.739 -12.000 -7.801 2.924
3 16  -6.000 -9.446 4.419 -12.000 -7.801 2.924 -12.000 -8.807 2.523
3 16  -6.000 -10.280 4.187 -6.000 -9.446 4.419 -12.000 -8.807 2.523
3 16  -6.000 -10.280 4.187 -12.000 -8.807 2.523 -12.000 -9.850 2.234
3 16  -6.000 -11.135 4.047 -6.000 -10.280 4.187 -12.000 -9.850 2.234
3 16  -6.000 -11.135 4.047 -12.000 -9.850 2.234 -12.000 -10.919 2.059
3 16  -6.000 -12.000 4.000 -6.000 -11.135 4.047 -12.000 -10.919 2.059
3 16  -6.000 -12.000 4.000 -12.000 -10.919 2.059 -12.000 -12.000 2.000
3 16  -6.000 -12.865 4.047 -6.000 -12.000 4.000 -12.000 -12.000 2.000
3 16  -12.000 -13.081 2.059 -6.000 -12.865 4.047 -12.000 -12.000 2.000
3 16  -6.000 -13.720 4.187 -6.000 -12.865 4.047 -12.000 -13.081 2.059
3 16  -12.000 -14.150 2.234 -6.000 -13.720 4.187 -12.000 -13.081 2.059
3 16  -6.000 -14.554 4.419 -6.000 -13.720 4.187 -12.000 -14.150 2.234
3 16  -12.000 -15.193 2.523 -6.000 -14.554 4.419 -12.000 -14.150 2.234
3 16  -6.000 -15.359 4.739 -6.000 -14.554 4.419 -12.000 -15.193 2.523
3 16  -12.000 -16.199 2.924 -6.000 -15.359 4.739 -12.000 -15.193 2.523
3 16  -6.000 -16.124 5.145 -6.000 -15.359 4.739 -12.000 -16.199 2.924
3 16  -12.000 -17.156 3.431 -6.000 -16.124 5.145 -12.000 -16.199 2.924
3 16  -6.000 -16.841 5.631 -6.000 -16.124 5.145 -12.000 -17.156 3.431
3 16  -12.000 -18.052 4.039 -6.000 -16.841 5.631 -12.000 -17.156 3.431
3 16  -6.000 -17.502 6.192 -6.000 -16.841 5.631 -12.000 -18.052 4.039
3 16  -12.000 -18.877 4.740 -6.000 -17.502 6.192 -12.000 -18.052 4.039
3 16  -6.000 -18.097 6.821 -6.000 -17.502 6.192 -12.000 -18.877 4.740
3 16  -12.000 -19.622 5.526 -6.000 -18.097 6.821 -12.000 -18.877 4.740
3 16  -6.000 -18.622 7.511 -6.000 -18.097 6.821 -12.000 -19.622 5.526
3 16  -12.000 -20.277 6.388 -6.000 -18.622 7.511 -12.000 -19.622 5.526
3 16  -6.000 -19.068 8.253 -6.000 -18.622 7.511 -12.000 -20.277 6.388
3 16  -12.000 -20.835 7.316 -6.000 -19.068 8.253 -12.000 -20.277 6.388
3 16  -6.000 -19.432 9.039 -6.000 -19.068 8.253 -12.000 -20.835 7.316
3 16  -12.000 -21.290 8.299 -6.000 -19.432 9.039 -12.000 -20.835 7.316
3 16  -6.000 -19.708 9.860 -6.000 -19.432 9.039 -12.000 -21.290 8.299
3 16  -12.000 -21.636 9.325 -6.000 -19.708 9.860 -12.000 -21.290 8.299
3 16  -6.000 -19.895 10.706 -6.000 -19.708 9.860 -12.000 -21.636 9.325
3 16  -12.000 -21.868 10.382 -6.000 -19.895 10.706 -12.000 -21.636 9.325
3 16  -6.000 -19.988 11.567 -6.000 -19.895 10.706 -12.000 -21.868 10.382
3 16  -12.000 -21.985 11.459 -6.000 -19.988 11.567 -12.000 -21.868 10.382
3 16  -6.000 -19.988 11.567 -12.000 -21.985 12.541 -6.000 -19.988 12.433
3 16  -12.000 -21.985 12.541 -6.000 -19.988 11.567 -12.000 -21.985 11.459
3 16  -12.000 -21.985 12.541 -6.000 -19.895 13.294 -6.000 -19.988 12.433
3 16  -12.000 -21.868 13.618 -6.000 -19.895 13.294 -12.000 -21.985 12.541
3 16  -12.000 -21.868 13.618 -6.000 -19.708 14.140 -6.000 -19.895 13.294
3 16  -12.000 -21.636 14.675 -6.000 -19.708 14.140 -12.000 -21.868 13.618
3 16  -12.000 -21.636 14.675 -6.000 -19.432 14.961 -6.000 -19.708 14.140
3 16  -12.000 -21.290 15.701 -6.000 -19.432 14.961 -12.000 -21.636 14.675
3 16  -12.000 -21.290 15.701 -6.000 -19.068 15.747 -6.000 -19.432 14.961
3 16  -12.000 -20.835 16.684 -6.000 -19.068 15.747 -12.000 -21.290 15.701
3 16  -12.000 -20.835 16.684 -6.000 -18.622 16.489 -6.000 -19.068 15.747
3 16  -12.000 -20.835 16.684 -12.000 -20.277 17.612 -6.000 -18.622 16.489
3 16  -12.000 -20.277 17.612 -6.000 -18.097 17.179 -6.000 -18.622 16.489
3 16  -12.000 -20.277 17.612 -12.000 -19.622 18.474 -6.000 -18.097 17.179
3 16  -12.000 -19.622 18.474 -6.000 -17.502 17.808 -6.000 -18.097 17.179
3 16  -12.000 -19.622 18.474 -12.000 -18.877 19.260 -6.000 -17.502 17.808
3 16  -12.000 -18.877 19.260 -6.000 -16.841 18.369 -6.000 -17.502 17.808
3 16  -12.000 -18.877 19.260 -12.000 -18.052 19.961 -6.000 -16.841 18.369
3 16  -12.000 -18.052 19.961 -6.000 -16.124 18.855 -6.000 -16.841 18.369
3 16  -12.000 -18.052 19.961 -12.000 -17.156 20.569 -6.000 -16.124 18.855
3 16  -12.000 -17.156 20.569 -6.000 -15.359 19.261 -6.000 -16.124 18.855
3 16  -12.000 -17.156 20.569 -12.000 -16.199 21.076 -6.000 -15.359 19.261
3 16  -12.000 -16.199 21.076 -6.000 -14.554 19.581 -6.000 -15.359 19.261
3 16  -12.000 -16.199 21.076 -12.000 -15.193 21.477 -6.000 -14.554 19.581
3 16  -12.000 -15.193 21.477 -6.000 -13.720 19.813 -6.000 -14.554 19.581
3 16  -12.000 -15.193 21.477 -12.000 -14.150 21.766 -6.000 -13.720 19.813
3 16  -12.000 -14.150 21.766 -6.000 -12.865 19.953 -6.000 -13.720 19.813
3 16  -12.000 -14.150 21.766 -12.000 -13.081 21.941 -6.000 -12.865 19.953
3 16  -12.000 -13.081 21.941 -6.000 -12.000 20.000 -6.000 -12.865 19.953
3 16  -12.000 -13.081 21.941 -12.000 -12.000 22.000 -6.000 -12.000 20.000
3 16  -6.000 -12.000 20.000 -12.000 -12.000 22.000 -6.000 -11.135 19.953
3 16  -12.000 -12.000 22.000 -12.000 -10.919 21.941 -6.000 -11.135 19.953
3 16  -12.000 0.000 24.000 0.000 -24.000 24.000 0.000 0.000 24.000
3 16  0.000 -24.000 24.000 -12.000 0.000 24.000 -12.000 -24.000 24.000
