0 ./dat/parts/IR-2.dat
0 !LDRAW Unofficial_part
0 BFC CERTIFY CCW
3 16  0.000 36.000 0.000 0.000 24.000 12.000 0.000 36.000 12.000
3 16  0.000 12.000 0.000 0.000 24.000 12.000 0.000 36.000 0.000
3 16  0.000 24.000 12.000 0.000 12.000 0.000 0.000 12.000 12.000
3 16  21.477 15.193 0.000 24.000 12.000 0.000 21.766 14.150 0.000
3 16  24.000 36.000 0.000 21.941 34.919 0.000 22.000 36.000 0.000
3 16  21.076 16.199 0.000 24.000 12.000 0.000 21.477 15.193 0.000
3 16  24.000 36.000 0.000 21.766 33.850 0.000 21.941 34.919 0.000
3 16  24.000 12.000 0.000 21.076 16.199 0.000 24.000 36.000 0.000
3 16  24.000 36.000 0.000 21.477 32.807 0.000 21.766 33.850 0.000
3 16  21.076 31.801 0.000 24.000 36.000 0.000 21.076 16.199 0.000
3 16  24.000 36.000 0.000 21.076 31.801 0.000 21.477 32.807 0.000
3 16  20.569 17.156 0.000 21.076 31.801 0.000 21.076 16.199 0.000
3 16  20.569 17.156 0.000 20.569 30.845 0.000 21.076 31.801 0.000
3 16  19.961 18.052 0.000 20.569 30.845 0.000 20.569 17.156 0.000
3 16  19.961 18.052 0.000 19.961 29.948 0.000 20.569 30.845 0.000
3 16  19.260 18.877 0.000 19.961 29.948 0.000 19.961 18.052 0.000
3 16  19.260 18.877 0.000 19.260 29.123 0.000 19.961 29.948 0.000
3 16  18.474 19.622 0.000 19.260 29.123 0.000 19.260 18.877 0.000
3 16  18.474 19.622 0.000 18.474 28.378 0.000 19.260 29.123 0.000
3 16  17.612 20.277 0.000 18.474 28.378 0.000 18.474 19.622 0.000
3 16  17.612 20.277 0.000 17.612 27.723 0.000 18.474 28.378 0.000
3 16  16.684 20.835 0.000 17.612 27.723 0.000 17.612 20.277 0.000
3 16  16.684 20.835 0.000 16.684 27.165 0.000 17.612 27.723 0.000
3 16  15.701 21.290 0.000 16.684 27.165 0.000 16.684 20.835 0.000
3 16  15.701 21.290 0.000 15.701 26.710 0.000 16.684 27.165 0.000
3 16  14.675 21.636 0.000 15.701 26.710 0.000 15.701 21.290 0.000
3 16  14.675 21.636 0.000 14.675 26.364 0.000 15.701 26.710 0.000
3 16  13.618 21.868 0.000 14.675 26.364 0.000 14.675 21.636 0.000
3 16  13.618 21.868 0.000 13.618 26.132 0.000 14.675 26.364 0.000
3 16  12.541 21.985 0.000 13.618 26.132 0.000 13.618 21.868 0.000
3 16  12.541 21.985 0.000 12.541 26.015 0.000 13.618 26.132 0.000
3 16  11.459 21.985 0.000 12.541 26.015 0.000 12.541 21.985 0.000
3 16  11.459 21.985 0.000 11.459 26.015 0.000 12.541 26.015 0.000
3 16  10.382 21.868 0.000 11.459 26.015 0.000 11.459 21.985 0.000
3 16  10.382 21.868 0.000 10.382 26.132 0.000 11.459 26.015 0.000
3 16  9.325 21.636 0.000 10.382 26.132 0.000 10.382 21.868 0.000
3 16  9.325 21.636 0.000 9.325 26.364 0.000 10.382 26.132 0.000
3 16  8.299 21.290 0.000 9.325 26.364 0.000 9.325 21.636 0.000
3 16  8.299 21.290 0.000 8.299 26.710 0.000 9.325 26.364 0.000
3 16  7.316 20.835 0.000 8.299 26.710 0.000 8.299 21.290 0.000
3 16  7.316 20.835 0.000 7.316 27.165 0.000 8.299 26.710 0.000
3 16  6.388 20.277 0.000 7.316 27.165 0.000 7.316 20.835 0.000
3 16  6.388 20.277 0.000 6.388 27.723 0.000 7.316 27.165 0.000
3 16  5.526 19.622 0.000 6.388 27.723 0.000 6.388 20.277 0.000
3 16  5.526 19.622 0.000 5.526 28.378 0.000 6.388 27.723 0.000
3 16  4.740 18.877 0.000 5.526 28.378 0.000 5.526 19.622 0.000
3 16  4.740 18.877 0.000 4.740 29.123 0.000 5.526 28.378 0.000
3 16  4.039 18.052 0.000 4.740 29.123 0.000 4.740 18.877 0.000
3 16  4.039 18.052 0.000 4.039 29.948 0.000 4.740 29.123 0.000
3 16  3.431 17.156 0.000 4.039 29.948 0.000 4.039 18.052 0.000
3 16  3.431 17.156 0.000 3.431 30.845 0.000 4.039 29.948 0.000
3 16  2.924 16.199 0.000 3.431 30.845 0.000 3.431 17.156 0.000
3 16  2.924 16.199 0.000 2.924 31.801 0.000 3.431 30.845 0.000
3 16  0.000 12.000 0.000 2.924 16.199 0.000 2.523 15.193 0.000
3 16  2.924 16.199 0.000 0.000 12.000 0.000 2.924 31.801 0.000
3 16  0.000 12.000 0.000 2.523 15.193 0.000 2.234 14.150 0.000
3 16  0.000 36.000 0.000 2.924 31.801 0.000 0.000 12.000 0.000
3 16  0.000 12.000 0.000 2.234 14.150 0.000 2.059 13.081 0.000
3 16  2.924 31.801 0.000 0.000 36.000 0.000 2.523 32.807 0.000
3 16  0.000 12.000 0.000 2.059 13.081 0.000 2.000 12.000 0.000
3 16  2.523 32.807 0.000 0.000 36.000 0.000 2.234 33.850 0.000
3 16  22.000 12.000 0.000 24.000 12.000 0.000 23.930 10.703 0.000
3 16  21.941 13.081 0.000 24.000 12.000 0.000 22.000 12.000 0.000
3 16  21.941 10.919 0.000 23.930 10.703 0.000 23.719 9.420 0.000
3 16  21.766 14.150 0.000 24.000 12.000 0.000 21.941 13.081 0.000
3 16  21.766 9.850 0.000 23.719 9.420 0.000 23.372 8.168 0.000
3 16  24.000 36.000 0.000 22.000 36.000 0.000 23.930 37.297 0.000
3 16  21.477 8.807 0.000 23.372 8.168 0.000 22.891 6.961 0.000
3 16  21.941 37.081 0.000 23.930 37.297 0.000 22.000 36.000 0.000
3 16  21.076 7.801 0.000 22.891 6.961 0.000 22.282 5.813 0.000
3 16  23.930 37.297 0.000 21.941 37.081 0.000 23.719 38.580 0.000
3 16  21.766 38.150 0.000 23.719 38.580 0.000 21.941 37.081 0.000
3 16  23.930 10.703 0.000 21.941 10.919 0.000 22.000 12.000 0.000
3 16  23.719 9.420 0.000 21.766 9.850 0.000 21.941 10.919 0.000
3 16  20.569 6.844 0.000 22.282 5.813 0.000 21.553 4.738 0.000
3 16  23.372 8.168 0.000 21.477 8.807 0.000 21.766 9.850 0.000
3 16  22.891 6.961 0.000 21.076 7.801 0.000 21.477 8.807 0.000
3 16  19.961 5.948 0.000 21.553 4.738 0.000 20.712 3.748 0.000
3 16  22.282 5.813 0.000 20.569 6.844 0.000 21.076 7.801 0.000
3 16  21.553 4.738 0.000 19.961 5.948 0.000 20.569 6.844 0.000
3 16  19.260 5.123 0.000 20.712 3.748 0.000 19.769 2.854 0.000
3 16  20.712 3.748 0.000 19.260 5.123 0.000 19.961 5.948 0.000
3 16  18.474 4.378 0.000 19.769 2.854 0.000 18.734 2.068 0.000
3 16  19.769 2.854 0.000 18.474 4.378 0.000 19.260 5.123 0.000
3 16  17.612 3.723 0.000 18.734 2.068 0.000 17.621 1.398 0.000
3 16  18.734 2.068 0.000 17.612 3.723 0.000 18.474 4.378 0.000
3 16  17.621 1.398 0.000 16.684 3.165 0.000 17.612 3.723 0.000
3 16  16.442 0.852 0.000 16.684 3.165 0.000 17.621 1.398 0.000
3 16  16.442 0.852 0.000 15.701 2.710 0.000 16.684 3.165 0.000
3 16  15.210 0.437 0.000 15.701 2.710 0.000 16.442 0.852 0.000
3 16  15.210 0.437 0.000 14.675 2.364 0.000 15.701 2.710 0.000
3 16  13.941 0.158 0.000 14.675 2.364 0.000 15.210 0.437 0.000
3 16  13.941 0.158 0.000 13.618 2.132 0.000 14.675 2.364 0.000
3 16  12.650 0.018 0.000 13.618 2.132 0.000 13.941 0.158 0.000
3 16  12.650 0.018 0.000 12.541 2.015 0.000 13.618 2.132 0.000
3 16  12.650 0.018 0.000 11.459 2.015 0.000 12.541 2.015 0.000
3 16  11.350 0.018 0.000 11.459 2.015 0.000 12.650 0.018 0.000
3 16  11.350 0.018 0.000 10.382 2.132 0.000 11.459 2.015 0.000
3 16  10.059 0.158 0.000 10.382 2.132 0.000 11.350 0.018 0.000
3 16  10.059 0.158 0.000 9.325 2.364 0.000 10.382 2.132 0.000
3 16  8.790 0.437 0.000 9.325 2.364 0.000 10.059 0.158 0.000
3 16  8.790 0.437 0.000 8.299 2.710 0.000 9.325 2.364 0.000
3 16  7.558 0.852 0.000 8.299 2.710 0.000 8.790 0.437 0.000
3 16  7.558 0.852 0.000 7.316 3.165 0.000 8.299 2.710 0.000
3 16  6.379 1.398 0.000 7.316 3.165 0.000 7.558 0.852 0.000
3 16  7.316 3.165 0.000 6.379 1.398 0.000 6.388 3.723 0.000
3 16  5.266 2.068 0.000 6.388 3.723 0.000 6.379 1.398 0.000
3 16  6.388 3.723 0.000 5.266 2.068 0.000 5.526 4.378 0.000
3 16  4.231 2.854 0.000 5.526 4.378 0.000 5.266 2.068 0.000
3 16  5.526 4.378 0.000 4.231 2.854 0.000 4.740 5.123 0.000
3 16  3.288 3.748 0.000 4.740 5.123 0.000 4.231 2.854 0.000
3 16  4.740 5.123 0.000 3.288 3.748 0.000 4.039 5.948 0.000
3 16  2.447 4.738 0.000 4.039 5.948 0.000 3.288 3.748 0.000
3 16  4.039 5.948 0.000 2.447 4.738 0.000 3.431 6.844 0.000
3 16  1.718 5.813 0.000 3.431 6.844 0.000 2.447 4.738 0.000
3 16  3.431 6.844 0.000 1.718 5.813 0.000 2.924 7.801 0.000
3 16  1.109 6.961 0.000 2.924 7.801 0.000 1.718 5.813 0.000
3 16  2.924 7.801 0.000 1.109 6.961 0.000 2.523 8.807 0.000
3 16  0.281 9.420 0.000 2.234 9.850 0.000 0.628 8.168 0.000
3 16  2.523 8.807 0.000 0.628 8.168 0.000 2.234 9.850 0.000
3 16  0.628 8.168 0.000 2.523 8.807 0.000 1.109 6.961 0.000
3 16  23.719 38.580 0.000 21.766 38.150 0.000 23.372 39.832 0.000
3 16  21.477 39.193 0.000 23.372 39.832 0.000 21.766 38.150 0.000
3 16  23.372 39.832 0.000 21.477 39.193 0.000 22.891 41.039 0.000
3 16  21.076 40.199 0.000 22.891 41.039 0.000 21.477 39.193 0.000
3 16  22.891 41.039 0.000 21.076 40.199 0.000 22.282 42.187 0.000
3 16  20.569 41.155 0.000 22.282 42.187 0.000 21.076 40.199 0.000
3 16  22.282 42.187 0.000 20.569 41.155 0.000 21.553 43.262 0.000
3 16  19.961 42.052 0.000 21.553 43.262 0.000 20.569 41.155 0.000
3 16  21.553 43.262 0.000 19.961 42.052 0.000 20.712 44.252 0.000
3 16  19.260 42.877 0.000 20.712 44.252 0.000 19.961 42.052 0.000
3 16  20.712 44.252 0.000 19.260 42.877 0.000 19.769 45.146 0.000
3 16  18.474 43.621 0.000 19.769 45.146 0.000 19.260 42.877 0.000
3 16  19.769 45.146 0.000 18.474 43.621 0.000 18.734 45.932 0.000
3 16  17.612 44.277 0.000 18.734 45.932 0.000 18.474 43.621 0.000
3 16  18.734 45.932 0.000 17.612 44.277 0.000 17.621 46.602 0.000
3 16  16.684 44.835 0.000 17.621 46.602 0.000 17.612 44.277 0.000
3 16  16.684 44.835 0.000 16.442 47.148 0.000 17.621 46.602 0.000
3 16  15.701 45.290 0.000 16.442 47.148 0.000 16.684 44.835 0.000
3 16  15.701 45.290 0.000 15.210 47.562 0.000 16.442 47.148 0.000
3 16  14.675 45.636 0.000 15.210 47.562 0.000 15.701 45.290 0.000
3 16  14.675 45.636 0.000 13.941 47.842 0.000 15.210 47.562 0.000
3 16  13.618 45.868 0.000 13.941 47.842 0.000 14.675 45.636 0.000
3 16  13.618 45.868 0.000 12.650 47.983 0.000 13.941 47.842 0.000
3 16  12.541 45.985 0.000 12.650 47.983 0.000 13.618 45.868 0.000
3 16  11.459 45.985 0.000 12.650 47.983 0.000 12.541 45.985 0.000
3 16  11.459 45.985 0.000 11.350 47.983 0.000 12.650 47.983 0.000
3 16  10.382 45.868 0.000 11.350 47.983 0.000 11.459 45.985 0.000
3 16  10.382 45.868 0.000 10.059 47.842 0.000 11.350 47.983 0.000
3 16  9.325 45.636 0.000 10.059 47.842 0.000 10.382 45.868 0.000
3 16  9.325 45.636 0.000 8.790 47.562 0.000 10.059 47.842 0.000
3 16  8.299 45.290 0.000 8.790 47.562 0.000 9.325 45.636 0.000
3 16  8.299 45.290 0.000 7.558 47.148 0.000 8.790 47.562 0.000
3 16  7.316 44.835 0.000 7.558 47.148 0.000 8.299 45.290 0.000
3 16  6.379 46.602 0.000 7.316 44.835 0.000 6.388 44.277 0.000
3 16  7.316 44.835 0.000 6.379 46.602 0.000 7.558 47.148 0.000
3 16  5.266 45.932 0.000 6.388 44.277 0.000 5.526 43.621 0.000
3 16  6.388 44.277 0.000 5.266 45.932 0.000 6.379 46.602 0.000
3 16  4.231 45.146 0.000 5.526 43.621 0.000 4.740 42.877 0.000
3 16  5.526 43.621 0.000 4.231 45.146 0.000 5.266 45.932 0.000
3 16  3.288 44.252 0.000 4.740 42.877 0.000 4.039 42.052 0.000
3 16  2.447 43.262 0.000 4.039 42.052 0.000 3.431 41.155 0.000
3 16  4.740 42.877 0.000 3.288 44.252 0.000 4.231 45.146 0.000
3 16  1.718 42.187 0.000 3.431 41.155 0.000 2.924 40.199 0.000
3 16  1.109 41.039 0.000 2.924 40.199 0.000 2.523 39.193 0.000
3 16  4.039 42.052 0.000 2.447 43.262 0.000 3.288 44.252 0.000
3 16  0.628 39.832 0.000 2.523 39.193 0.000 2.234 38.150 0.000
3 16  0.281 38.580 0.000 2.234 38.150 0.000 2.059 37.081 0.000
3 16  3.431 41.155 0.000 1.718 42.187 0.000 2.447 43.262 0.000
3 16  0.070 37.297 0.000 2.059 37.081 0.000 2.000 36.000 0.000
3 16  2.234 33.850 0.000 0.000 36.000 0.000 2.059 34.919 0.000
3 16  2.234 9.850 0.000 0.281 9.420 0.000 2.059 10.919 0.000
3 16  2.059 34.919 0.000 0.000 36.000 0.000 2.000 36.000 0.000
3 16  0.070 10.703 0.000 2.059 10.919 0.000 0.281 9.420 0.000
3 16  0.070 37.297 0.000 2.000 36.000 0.000 0.000 36.000 0.000
3 16  2.059 10.919 0.000 0.070 10.703 0.000 2.000 12.000 0.000
3 16  2.924 40.199 0.000 1.109 41.039 0.000 1.718 42.187 0.000
3 16  2.000 12.000 0.000 0.070 10.703 0.000 0.000 12.000 0.000
3 16  2.523 39.193 0.000 0.628 39.832 0.000 1.109 41.039 0.000
3 16  2.234 38.150 0.000 0.281 38.580 0.000 0.628 39.832 0.000
3 16  2.059 37.081 0.000 0.070 37.297 0.000 0.281 38.580 0.000
3 16  23.930 10.703 12.000 24.000 12.000 0.000 24.000 12.000 12.000
3 16  24.000 12.000 0.000 23.930 10.703 12.000 23.930 10.703 0.000
3 16  23.719 9.420 12.000 23.930 10.703 0.000 23.930 10.703 12.000
3 16  23.930 10.703 0.000 23.719 9.420 12.000 23.719 9.420 0.000
3 16  23.372 8.168 12.000 23.719 9.420 0.000 23.719 9.420 12.000
3 16  23.719 9.420 0.000 23.372 8.168 12.000 23.372 8.168 0.000
3 16  22.891 6.961 12.000 23.372 8.168 0.000 23.372 8.168 12.000
3 16  23.372 8.168 0.000 22.891 6.961 12.000 22.891 6.961 0.000
3 16  22.282 5.813 12.000 22.891 6.961 0.000 22.891 6.961 12.000
3 16  22.891 6.961 0.000 22.282 5.813 12.000 22.282 5.813 0.000
3 16  21.553 4.738 12.000 22.282 5.813 0.000 22.282 5.813 12.000
3 16  22.282 5.813 0.000 21.553 4.738 12.000 21.553 4.738 0.000
3 16  20.712 3.748 12.000 21.553 4.738 0.000 21.553 4.738 12.000
3 16  21.553 4.738 0.000 20.712 3.748 12.000 20.712 3.748 0.000
3 16  19.769 2.854 0.000 20.712 3.748 12.000 19.769 2.854 12.000
3 16  20.712 3.748 12.000 19.769 2.854 0.000 20.712 3.748 0.000
3 16  18.734 2.068 0.000 19.769 2.854 12.000 18.734 2.068 12.000
3 16  19.769 2.854 12.000 18.734 2.068 0.000 19.769 2.854 0.000
3 16  17.621 1.398 0.000 18.734 2.068 12.000 17.621 1.398 12.000
3 16  18.734 2.068 12.000 17.621 1.398 0.000 18.734 2.068 0.000
3 16  16.442 0.852 0.000 17.621 1.398 12.000 16.442 0.852 12.000
3 16  17.621 1.398 12.000 16.442 0.852 0.000 17.621 1.398 0.000
3 16  15.210 0.437 0.000 16.442 0.852 12.000 15.210 0.437 12.000
3 16  16.442 0.852 12.000 15.210 0.437 0.000 16.442 0.852 0.000
3 16  13.941 0.158 0.000 15.210 0.437 12.000 13.941 0.158 12.000
3 16  15.210 0.437 12.000 13.941 0.158 0.000 15.210 0.437 0.000
3 16  12.650 0.018 0.000 13.941 0.158 12.000 12.650 0.018 12.000
3 16  13.941 0.158 12.000 12.650 0.018 0.000 13.941 0.158 0.000
3 16  11.350 0.018 0.000 12.650 0.018 12.000 11.350 0.018 12.000
3 16  12.650 0.018 12.000 11.350 0.018 0.000 12.650 0.018 0.000
3 16  10.059 0.158 0.000 11.350 0.018 12.000 10.059 0.158 12.000
3 16  11.350 0.018 12.000 10.059 0.158 0.000 11.350 0.018 0.000
3 16  8.790 0.437 0.000 10.059 0.158 12.000 8.790 0.437 12.000
3 16  10.059 0.158 12.000 8.790 0.437 0.000 10.059 0.158 0.000
3 16  7.558 0.852 0.000 8.790 0.437 12.000 7.558 0.852 12.000
3 16  8.790 0.437 12.000 7.558 0.852 0.000 8.790 0.437 0.000
3 16  6.379 1.398 0.000 7.558 0.852 12.000 6.379 1.398 12.000
3 16  7.558 0.852 12.000 6.379 1.398 0.000 7.558 0.852 0.000
3 16  5.266 2.068 0.000 6.379 1.398 12.000 5.266 2.068 12.000
3 16  6.379 1.398 12.000 5.266 2.068 0.000 6.379 1.398 0.000
3 16  4.231 2.854 0.000 5.266 2.068 12.000 4.231 2.854 12.000
3 16  5.266 2.068 12.000 4.231 2.854 0.000 5.266 2.068 0.000
3 16  3.288 3.748 0.000 4.231 2.854 12.000 3.288 3.748 12.000
3 16  4.231 2.854 12.000 3.288 3.748 0.000 4.231 2.854 0.000
3 16  3.288 3.748 0.000 2.447 4.738 12.000 2.447 4.738 0.000
3 16  2.447 4.738 12.000 3.288 3.748 0.000 3.288 3.748 12.000
3 16  2.447 4.738 0.000 1.718 5.813 12.000 1.718 5.813 0.000
3 16  1.718 5.813 12.000 2.447 4.738 0.000 2.447 4.738 12.000
3 16  1.718 5.813 0.000 1.109 6.961 12.000 1.109 6.961 0.000
3 16  1.109 6.961 12.000 1.718 5.813 0.000 1.718 5.813 12.000
3 16  1.109 6.961 0.000 0.628 8.168 12.000 0.628 8.168 0.000
3 16  0.628 8.168 12.000 1.109 6.961 0.000 1.109 6.961 12.000
3 16  0.628 8.168 0.000 0.281 9.420 12.000 0.281 9.420 0.000
3 16  0.281 9.420 12.000 0.628 8.168 0.000 0.628 8.168 12.000
3 16  0.281 9.420 0.000 0.070 10.703 12.000 0.070 10.703 0.000
3 16  0.070 10.703 12.000 0.281 9.420 0.000 0.281 9.420 12.000
3 16  0.070 10.703 0.000 0.000 12.000 12.000 0.000 12.000 0.000
3 16  0.000 12.000 12.000 0.070 10.703 0.000 0.070 10.703 12.000
3 16  21.477 15.193 12.000 24.000 12.000 12.000 24.000 24.000 12.000
3 16  21.766 14.150 12.000 24.000 12.000 12.000 21.477 15.193 12.000
3 16  22.000 12.000 12.000 24.000 12.000 12.000 21.941 13.081 12.000
3 16  21.941 10.919 12.000 23.930 10.703 12.000 22.000 12.000 12.000
3 16  21.766 9.850 12.000 23.719 9.420 12.000 21.941 10.919 12.000
3 16  23.719 9.420 12.000 21.766 9.850 12.000 23.372 8.168 12.000
3 16  23.930 10.703 12.000 21.941 10.919 12.000 23.719 9.420 12.000
3 16  24.000 12.000 12.000 22.000 12.000 12.000 23.930 10.703 12.000
3 16  21.941 13.081 12.000 24.000 12.000 12.000 21.766 14.150 12.000
3 16  24.000 24.000 12.000 21.076 16.199 12.000 21.477 15.193 12.000
3 16  24.000 24.000 12.000 20.569 17.156 12.000 21.076 16.199 12.000
3 16  24.000 24.000 12.000 19.961 18.052 12.000 20.569 17.156 12.000
3 16  24.000 24.000 12.000 19.260 18.877 12.000 19.961 18.052 12.000
3 16  24.000 24.000 12.000 18.474 19.622 12.000 19.260 18.877 12.000
3 16  24.000 24.000 12.000 17.612 20.277 12.000 18.474 19.622 12.000
3 16  24.000 24.000 12.000 16.684 20.835 12.000 17.612 20.277 12.000
3 16  24.000 24.000 12.000 15.701 21.290 12.000 16.684 20.835 12.000
3 16  24.000 24.000 12.000 14.675 21.636 12.000 15.701 21.290 12.000
3 16  24.000 24.000 12.000 13.618 21.868 12.000 14.675 21.636 12.000
3 16  24.000 24.000 12.000 12.541 21.985 12.000 13.618 21.868 12.000
3 16  24.000 24.000 12.000 11.459 21.985 12.000 12.541 21.985 12.000
3 16  0.000 24.000 12.000 11.459 21.985 12.000 24.000 24.000 12.000
3 16  2.924 7.801 12.000 1.109 6.961 12.000 1.718 5.813 12.000
3 16  0.000 12.000 12.000 2.000 12.000 12.000 2.059 13.081 12.000
3 16  2.059 10.919 12.000 0.628 8.168 12.000 1.109 6.961 12.000
3 16  0.000 12.000 12.000 2.059 13.081 12.000 2.234 14.150 12.000
3 16  2.059 10.919 12.000 0.281 9.420 12.000 0.628 8.168 12.000
3 16  0.000 12.000 12.000 2.234 14.150 12.000 2.523 15.193 12.000
3 16  2.059 10.919 12.000 0.070 10.703 12.000 0.281 9.420 12.000
3 16  0.000 24.000 12.000 2.523 15.193 12.000 2.924 16.199 12.000
3 16  11.459 21.985 12.000 0.000 24.000 12.000 10.382 21.868 12.000
3 16  0.000 24.000 12.000 9.325 21.636 12.000 10.382 21.868 12.000
3 16  0.000 24.000 12.000 8.299 21.290 12.000 9.325 21.636 12.000
3 16  0.000 24.000 12.000 7.316 20.835 12.000 8.299 21.290 12.000
3 16  0.000 24.000 12.000 6.388 20.277 12.000 7.316 20.835 12.000
3 16  0.000 24.000 12.000 5.526 19.622 12.000 6.388 20.277 12.000
3 16  0.000 24.000 12.000 4.740 18.877 12.000 5.526 19.622 12.000
3 16  0.000 24.000 12.000 4.039 18.052 12.000 4.740 18.877 12.000
3 16  0.000 24.000 12.000 3.431 17.156 12.000 4.039 18.052 12.000
3 16  0.000 24.000 12.000 2.924 16.199 12.000 3.431 17.156 12.000
3 16  2.523 15.193 12.000 0.000 24.000 12.000 0.000 12.000 12.000
3 16  2.000 12.000 12.000 0.000 12.000 12.000 0.070 10.703 12.000
3 16  21.477 8.807 12.000 23.372 8.168 12.000 21.766 9.850 12.000
3 16  23.372 8.168 12.000 21.477 8.807 12.000 22.891 6.961 12.000
3 16  21.076 7.801 12.000 22.891 6.961 12.000 21.477 8.807 12.000
3 16  22.891 6.961 12.000 21.076 7.801 12.000 22.282 5.813 12.000
3 16  20.569 6.844 12.000 22.282 5.813 12.000 21.076 7.801 12.000
3 16  22.282 5.813 12.000 20.569 6.844 12.000 21.553 4.738 12.000
3 16  19.961 5.948 12.000 21.553 4.738 12.000 20.569 6.844 12.000
3 16  21.553 4.738 12.000 19.961 5.948 12.000 20.712 3.748 12.000
3 16  19.260 5.123 12.000 20.712 3.748 12.000 19.961 5.948 12.000
3 16  20.712 3.748 12.000 19.260 5.123 12.000 19.769 2.854 12.000
3 16  18.474 4.378 12.000 19.769 2.854 12.000 19.260 5.123 12.000
3 16  19.769 2.854 12.000 18.474 4.378 12.000 18.734 2.068 12.000
3 16  17.612 3.723 12.000 18.734 2.068 12.000 18.474 4.378 12.000
3 16  18.734 2.068 12.000 17.612 3.723 12.000 17.621 1.398 12.000
3 16  16.684 3.165 12.000 17.621 1.398 12.000 17.612 3.723 12.000
3 16  16.684 3.165 12.000 16.442 0.852 12.000 17.621 1.398 12.000
3 16  15.701 2.710 12.000 16.442 0.852 12.000 16.684 3.165 12.000
3 16  15.701 2.710 12.000 15.210 0.437 12.000 16.442 0.852 12.000
3 16  14.675 2.364 12.000 15.210 0.437 12.000 15.701 2.710 12.000
3 16  14.675 2.364 12.000 13.941 0.158 12.000 15.210 0.437 12.000
3 16  13.618 2.132 12.000 13.941 0.158 12.000 14.675 2.364 12.000
3 16  13.618 2.132 12.000 12.650 0.018 12.000 13.941 0.158 12.000
3 16  12.541 2.015 12.000 12.650 0.018 12.000 13.618 2.132 12.000
3 16  11.459 2.015 12.000 12.650 0.018 12.000 12.541 2.015 12.000
3 16  11.459 2.015 12.000 11.350 0.018 12.000 12.650 0.018 12.000
3 16  10.382 2.132 12.000 11.350 0.018 12.000 11.459 2.015 12.000
3 16  10.382 2.132 12.000 10.059 0.158 12.000 11.350 0.018 12.000
3 16  9.325 2.364 12.000 10.059 0.158 12.000 10.382 2.132 12.000
3 16  9.325 2.364 12.000 8.790 0.437 12.000 10.059 0.158 12.000
3 16  8.299 2.710 12.000 8.790 0.437 12.000 9.325 2.364 12.000
3 16  8.299 2.710 12.000 7.558 0.852 12.000 8.790 0.437 12.000
3 16  7.316 3.165 12.000 7.558 0.852 12.000 8.299 2.710 12.000
3 16  6.379 1.398 12.000 7.316 3.165 12.000 6.388 3.723 12.000
3 16  7.316 3.165 12.000 6.379 1.398 12.000 7.558 0.852 12.000
3 16  5.266 2.068 12.000 6.388 3.723 12.000 5.526 4.378 12.000
3 16  6.388 3.723 12.000 5.266 2.068 12.000 6.379 1.398 12.000
3 16  4.231 2.854 12.000 5.526 4.378 12.000 4.740 5.123 12.000
3 16  5.526 4.378 12.000 4.231 2.854 12.000 5.266 2.068 12.000
3 16  3.288 3.748 12.000 4.740 5.123 12.000 4.039 5.948 12.000
3 16  2.447 4.738 12.000 4.039 5.948 12.000 3.431 6.844 12.000
3 16  4.740 5.123 12.000 3.288 3.748 12.000 4.231 2.854 12.000
3 16  1.718 5.813 12.000 3.431 6.844 12.000 2.924 7.801 12.000
3 16  1.109 6.961 12.000 2.924 7.801 12.000 2.523 8.807 12.000
3 16  4.039 5.948 12.000 2.447 4.738 12.000 3.288 3.748 12.000
3 16  1.109 6.961 12.000 2.523 8.807 12.000 2.234 9.850 12.000
3 16  1.109 6.961 12.000 2.234 9.850 12.000 2.059 10.919 12.000
3 16  3.431 6.844 12.000 1.718 5.813 12.000 2.447 4.738 12.000
3 16  0.070 10.703 12.000 2.059 10.919 12.000 2.000 12.000 12.000
3 16  19.953 11.135 6.000 21.941 10.919 0.000 19.813 10.280 6.000
3 16  21.941 10.919 0.000 21.766 9.850 0.000 19.813 10.280 6.000
3 16  19.813 10.280 6.000 21.766 9.850 0.000 19.581 9.446 6.000
3 16  21.766 9.850 0.000 21.477 8.807 0.000 19.581 9.446 6.000
3 16  19.581 9.446 6.000 21.477 8.807 0.000 19.261 8.641 6.000
3 16  21.477 8.807 0.000 21.076 7.801 0.000 19.261 8.641 6.000
3 16  19.261 8.641 6.000 21.076 7.801 0.000 18.855 7.876 6.000
3 16  21.076 7.801 0.000 20.569 6.844 0.000 18.855 7.876 6.000
3 16  18.855 7.876 6.000 20.569 6.844 0.000 18.369 7.159 6.000
3 16  20.569 6.844 0.000 19.961 5.948 0.000 18.369 7.159 6.000
3 16  18.369 7.159 6.000 19.961 5.948 0.000 17.808 6.498 6.000
3 16  19.961 5.948 0.000 19.260 5.123 0.000 17.808 6.498 6.000
3 16  17.808 6.498 6.000 19.260 5.123 0.000 17.179 5.903 6.000
3 16  19.260 5.123 0.000 18.474 4.378 0.000 17.179 5.903 6.000
3 16  17.179 5.903 6.000 18.474 4.378 0.000 16.489 5.379 6.000
3 16  18.474 4.378 0.000 17.612 3.723 0.000 16.489 5.379 6.000
3 16  16.489 5.379 6.000 17.612 3.723 0.000 15.747 4.932 6.000
3 16  17.612 3.723 0.000 16.684 3.165 0.000 15.747 4.932 6.000
3 16  15.747 4.932 6.000 16.684 3.165 0.000 14.961 4.568 6.000
3 16  16.684 3.165 0.000 15.701 2.710 0.000 14.961 4.568 6.000
3 16  14.961 4.568 6.000 15.701 2.710 0.000 14.140 4.292 6.000
3 16  15.701 2.710 0.000 14.675 2.364 0.000 14.140 4.292 6.000
3 16  14.140 4.292 6.000 14.675 2.364 0.000 13.294 4.105 6.000
3 16  14.675 2.364 0.000 13.618 2.132 0.000 13.294 4.105 6.000
3 16  13.294 4.105 6.000 13.618 2.132 0.000 12.433 4.012 6.000
3 16  13.618 2.132 0.000 12.541 2.015 0.000 12.433 4.012 6.000
3 16  12.541 2.015 0.000 11.567 4.012 6.000 12.433 4.012 6.000
3 16  11.567 4.012 6.000 12.541 2.015 0.000 11.459 2.015 0.000
3 16  11.567 4.012 6.000 11.459 2.015 0.000 10.706 4.105 6.000
3 16  10.706 4.105 6.000 11.459 2.015 0.000 10.382 2.132 0.000
3 16  10.706 4.105 6.000 10.382 2.132 0.000 9.860 4.292 6.000
3 16  9.860 4.292 6.000 10.382 2.132 0.000 9.325 2.364 0.000
3 16  9.860 4.292 6.000 9.325 2.364 0.000 9.039 4.568 6.000
3 16  9.039 4.568 6.000 9.325 2.364 0.000 8.299 2.710 0.000
3 16  9.039 4.568 6.000 8.299 2.710 0.000 8.253 4.932 6.000
3 16  8.253 4.932 6.000 8.299 2.710 0.000 7.316 3.165 0.000
3 16  7.511 5.379 6.000 8.253 4.932 6.000 7.316 3.165 0.000
3 16  7.511 5.379 6.000 7.316 3.165 0.000 6.388 3.723 0.000
3 16  6.821 5.903 6.000 7.511 5.379 6.000 6.388 3.723 0.000
3 16  6.821 5.903 6.000 6.388 3.723 0.000 5.526 4.378 0.000
3 16  6.192 6.498 6.000 6.821 5.903 6.000 5.526 4.378 0.000
3 16  6.192 6.498 6.000 5.526 4.378 0.000 4.740 5.123 0.000
3 16  5.631 7.159 6.000 6.192 6.498 6.000 4.740 5.123 0.000
3 16  5.631 7.159 6.000 4.740 5.123 0.000 4.039 5.948 0.000
3 16  5.145 7.876 6.000 5.631 7.159 6.000 4.039 5.948 0.000
3 16  5.145 7.876 6.000 4.039 5.948 0.000 3.431 6.844 0.000
3 16  4.739 8.641 6.000 5.145 7.876 6.000 3.431 6.844 0.000
3 16  4.739 8.641 6.000 3.431 6.844 0.000 2.924 7.801 0.000
3 16  4.419 9.446 6.000 4.739 8.641 6.000 2.924 7.801 0.000
3 16  4.419 9.446 6.000 2.924 7.801 0.000 2.523 8.807 0.000
3 16  4.187 10.280 6.000 4.419 9.446 6.000 2.523 8.807 0.000
3 16  4.187 10.280 6.000 2.523 8.807 0.000 2.234 9.850 0.000
3 16  4.047 11.135 6.000 4.187 10.280 6.000 2.234 9.850 0.000
3 16  4.047 11.135 6.000 2.234 9.850 0.000 2.059 10.919 0.000
3 16  4.000 12.000 6.000 4.047 11.135 6.000 2.059 10.919 0.000
3 16  4.000 12.000 6.000 2.059 10.919 0.000 2.000 12.000 0.000
3 16  4.047 12.865 6.000 4.000 12.000 6.000 2.000 12.000 0.000
3 16  2.059 13.081 0.000 4.047 12.865 6.000 2.000 12.000 0.000
3 16  4.187 13.720 6.000 4.047 12.865 6.000 2.059 13.081 0.000
3 16  2.234 14.150 0.000 4.187 13.720 6.000 2.059 13.081 0.000
3 16  4.419 14.554 6.000 4.187 13.720 6.000 2.234 14.150 0.000
3 16  2.523 15.193 0.000 4.419 14.554 6.000 2.234 14.150 0.000
3 16  4.739 15.359 6.000 4.419 14.554 6.000 2.523 15.193 0.000
3 16  2.924 16.199 0.000 4.739 15.359 6.000 2.523 15.193 0.000
3 16  5.145 16.124 6.000 4.739 15.359 6.000 2.924 16.199 0.000
3 16  3.431 17.156 0.000 5.145 16.124 6.000 2.924 16.199 0.000
3 16  5.631 16.841 6.000 5.145 16.124 6.000 3.431 17.156 0.000
3 16  4.039 18.052 0.000 5.631 16.841 6.000 3.431 17.156 0.000
3 16  6.192 17.502 6.000 5.631 16.841 6.000 4.039 18.052 0.000
3 16  4.740 18.877 0.000 6.192 17.502 6.000 4.039 18.052 0.000
3 16  6.821 18.097 6.000 6.192 17.502 6.000 4.740 18.877 0.000
3 16  5.526 19.622 0.000 6.821 18.097 6.000 4.740 18.877 0.000
3 16  7.511 18.622 6.000 6.821 18.097 6.000 5.526 19.622 0.000
3 16  6.388 20.277 0.000 7.511 18.622 6.000 5.526 19.622 0.000
3 16  8.253 19.068 6.000 7.511 18.622 6.000 6.388 20.277 0.000
3 16  7.316 20.835 0.000 8.253 19.068 6.000 6.388 20.277 0.000
3 16  9.039 19.432 6.000 8.253 19.068 6.000 7.316 20.835 0.000
3 16  8.299 21.290 0.000 9.039 19.432 6.000 7.316 20.835 0.000
3 16  9.860 19.708 6.000 9.039 19.432 6.000 8.299 21.290 0.000
3 16  9.325 21.636 0.000 9.860 19.708 6.000 8.299 21.290 0.000
3 16  10.706 19.895 6.000 9.860 19.708 6.000 9.325 21.636 0.000
3 16  10.382 21.868 0.000 10.706 19.895 6.000 9.325 21.636 0.000
3 16  11.567 19.988 6.000 10.706 19.895 6.000 10.382 21.868 0.000
3 16  11.459 21.985 0.000 11.567 19.988 6.000 10.382 21.868 0.000
3 16  11.459 21.985 0.000 12.433 19.988 6.000 11.567 19.988 6.000
3 16  12.433 19.988 6.000 11.459 21.985 0.000 12.541 21.985 0.000
3 16  12.541 21.985 0.000 13.294 19.895 6.000 12.433 19.988 6.000
3 16  13.618 21.868 0.000 13.294 19.895 6.000 12.541 21.985 0.000
3 16  13.618 21.868 0.000 14.140 19.708 6.000 13.294 19.895 6.000
3 16  14.675 21.636 0.000 14.140 19.708 6.000 13.618 21.868 0.000
3 16  14.675 21.636 0.000 14.961 19.432 6.000 14.140 19.708 6.000
3 16  15.701 21.290 0.000 14.961 19.432 6.000 14.675 21.636 0.000
3 16  15.701 21.290 0.000 15.747 19.068 6.000 14.961 19.432 6.000
3 16  16.684 20.835 0.000 15.747 19.068 6.000 15.701 21.290 0.000
3 16  16.684 20.835 0.000 16.489 18.622 6.000 15.747 19.068 6.000
3 16  16.684 20.835 0.000 17.612 20.277 0.000 16.489 18.622 6.000
3 16  17.612 20.277 0.000 17.179 18.097 6.000 16.489 18.622 6.000
3 16  17.612 20.277 0.000 18.474 19.622 0.000 17.179 18.097 6.000
3 16  18.474 19.622 0.000 17.808 17.502 6.000 17.179 18.097 6.000
3 16  18.474 19.622 0.000 19.260 18.877 0.000 17.808 17.502 6.000
3 16  19.260 18.877 0.000 18.369 16.841 6.000 17.808 17.502 6.000
3 16  19.260 18.877 0.000 19.961 18.052 0.000 18.369 16.841 6.000
3 16  19.961 18.052 0.000 18.855 16.124 6.000 18.369 16.841 6.000
3 16  19.961 18.052 0.000 20.569 17.156 0.000 18.855 16.124 6.000
3 16  20.569 17.156 0.000 19.261 15.359 6.000 18.855 16.124 6.000
3 16  20.569 17.156 0.000 21.076 16.199 0.000 19.261 15.359 6.000
3 16  21.076 16.199 0.000 19.581 14.554 6.000 19.261 15.359 6.000
3 16  21.076 16.199 0.000 21.477 15.193 0.000 19.581 14.554 6.000
3 16  21.477 15.193 0.000 19.813 13.720 6.000 19.581 14.554 6.000
3 16  21.477 15.193 0.000 21.766 14.150 0.000 19.813 13.720 6.000
3 16  21.766 14.150 0.000 19.953 12.865 6.000 19.813 13.720 6.000
3 16  21.766 14.150 0.000 21.941 13.081 0.000 19.953 12.865 6.000
3 16  21.941 13.081 0.000 20.000 12.000 6.000 19.953 12.865 6.000
3 16  21.941 13.081 0.000 22.000 12.000 0.000 20.000 12.000 6.000
3 16  20.000 12.000 6.000 22.000 12.000 0.000 19.953 11.135 6.000
3 16  22.000 12.000 0.000 21.941 10.919 0.000 19.953 11.135 6.000
3 16  4.187 10.280 6.000 4.047 11.135 6.000 2.059 10.919 12.000
3 16  2.234 9.850 12.000 4.187 10.280 6.000 2.059 10.919 12.000
3 16  4.419 9.446 6.000 4.187 10.280 6.000 2.234 9.850 12.000
3 16  2.523 8.807 12.000 4.419 9.446 6.000 2.234 9.850 12.000
3 16  4.739 8.641 6.000 4.419 9.446 6.000 2.523 8.807 12.000
3 16  2.924 7.801 12.000 4.739 8.641 6.000 2.523 8.807 12.000
3 16  5.145 7.876 6.000 4.739 8.641 6.000 2.924 7.801 12.000
3 16  3.431 6.844 12.000 5.145 7.876 6.000 2.924 7.801 12.000
3 16  5.631 7.159 6.000 5.145 7.876 6.000 3.431 6.844 12.000
3 16  4.039 5.948 12.000 5.631 7.159 6.000 3.431 6.844 12.000
3 16  6.192 6.498 6.000 5.631 7.159 6.000 4.039 5.948 12.000
3 16  4.740 5.123 12.000 6.192 6.498 6.000 4.039 5.948 12.000
3 16  6.821 5.903 6.000 6.192 6.498 6.000 4.740 5.123 12.000
3 16  5.526 4.378 12.000 6.821 5.903 6.000 4.740 5.123 12.000
3 16  7.511 5.379 6.000 6.821 5.903 6.000 5.526 4.378 12.000
3 16  6.388 3.723 12.000 7.511 5.379 6.000 5.526 4.378 12.000
3 16  8.253 4.932 6.000 7.511 5.379 6.000 6.388 3.723 12.000
3 16  7.316 3.165 12.000 8.253 4.932 6.000 6.388 3.723 12.000
3 16  9.039 4.568 6.000 8.253 4.932 6.000 7.316 3.165 12.000
3 16  8.299 2.710 12.000 9.039 4.568 6.000 7.316 3.165 12.000
3 16  9.860 4.292 6.000 9.039 4.568 6.000 8.299 2.710 12.000
3 16  9.325 2.364 12.000 9.860 4.292 6.000 8.299 2.710 12.000
3 16  10.706 4.105 6.000 9.860 4.292 6.000 9.325 2.364 12.000
3 16  10.382 2.132 12.000 10.706 4.105 6.000 9.325 2.364 12.000
3 16  11.567 4.012 6.000 10.706 4.105 6.000 10.382 2.132 12.000
3 16  11.459 2.015 12.000 11.567 4.012 6.000 10.382 2.132 12.000
3 16  12.433 4.012 6.000 11.459 2.015 12.000 12.541 2.015 12.000
3 16  11.459 2.015 12.000 12.433 4.012 6.000 11.567 4.012 6.000
3 16  12.541 2.015 12.000 13.294 4.105 6.000 12.433 4.012 6.000
3 16  13.618 2.132 12.000 13.294 4.105 6.000 12.541 2.015 12.000
3 16  13.618 2.132 12.000 14.140 4.292 6.000 13.294 4.105 6.000
3 16  14.675 2.364 12.000 14.140 4.292 6.000 13.618 2.132 12.000
3 16  14.675 2.364 12.000 14.961 4.568 6.000 14.140 4.292 6.000
3 16  15.701 2.710 12.000 14.961 4.568 6.000 14.675 2.364 12.000
3 16  15.701 2.710 12.000 15.747 4.932 6.000 14.961 4.568 6.000
3 16  16.684 3.165 12.000 15.747 4.932 6.000 15.701 2.710 12.000
3 16  16.684 3.165 12.000 16.489 5.379 6.000 15.747 4.932 6.000
3 16  16.684 3.165 12.000 17.612 3.723 12.000 16.489 5.379 6.000
3 16  17.612 3.723 12.000 17.179 5.903 6.000 16.489 5.379 6.000
3 16  17.612 3.723 12.000 18.474 4.378 12.000 17.179 5.903 6.000
3 16  18.474 4.378 12.000 17.808 6.498 6.000 17.179 5.903 6.000
3 16  18.474 4.378 12.000 19.260 5.123 12.000 17.808 6.498 6.000
3 16  19.260 5.123 12.000 18.369 7.159 6.000 17.808 6.498 6.000
3 16  19.260 5.123 12.000 19.961 5.948 12.000 18.369 7.159 6.000
3 16  19.961 5.948 12.000 18.855 7.876 6.000 18.369 7.159 6.000
3 16  19.961 5.948 12.000 20.569 6.844 12.000 18.855 7.876 6.000
3 16  20.569 6.844 12.000 19.261 8.641 6.000 18.855 7.876 6.000
3 16  20.569 6.844 12.000 21.076 7.801 12.000 19.261 8.641 6.000
3 16  21.076 7.801 12.000 19.581 9.446 6.000 19.261 8.641 6.000
3 16  21.076 7.801 12.000 21.477 8.807 12.000 19.581 9.446 6.000
3 16  21.477 8.807 12.000 19.813 10.280 6.000 19.581 9.446 6.000
3 16  21.477 8.807 12.000 21.766 9.850 12.000 19.813 10.280 6.000
3 16  21.766 9.850 12.000 19.953 11.135 6.000 19.813 10.280 6.000
3 16  21.766 9.850 12.000 21.941 10.919 12.000 19.953 11.135 6.000
3 16  21.941 10.919 12.000 20.000 12.000 6.000 19.953 11.135 6.000
3 16  21.941 10.919 12.000 22.000 12.000 12.000 20.000 12.000 6.000
3 16  20.000 12.000 6.000 22.000 12.000 12.000 19.953 12.865 6.000
3 16  22.000 12.000 12.000 21.941 13.081 12.000 19.953 12.865 6.000
3 16  19.953 12.865 6.000 21.941 13.081 12.000 19.813 13.720 6.000
3 16  21.941 13.081 12.000 21.766 14.150 12.000 19.813 13.720 6.000
3 16  19.813 13.720 6.000 21.766 14.150 12.000 19.581 14.554 6.000
3 16  21.766 14.150 12.000 21.477 15.193 12.000 19.581 14.554 6.000
3 16  19.581 14.554 6.000 21.477 15.193 12.000 19.261 15.359 6.000
3 16  21.477 15.193 12.000 21.076 16.199 12.000 19.261 15.359 6.000
3 16  19.261 15.359 6.000 21.076 16.199 12.000 18.855 16.124 6.000
3 16  21.076 16.199 12.000 20.569 17.156 12.000 18.855 16.124 6.000
3 16  18.855 16.124 6.000 20.569 17.156 12.000 18.369 16.841 6.000
3 16  20.569 17.156 12.000 19.961 18.052 12.000 18.369 16.841 6.000
3 16  18.369 16.841 6.000 19.961 18.052 12.000 17.808 17.502 6.000
3 16  19.961 18.052 12.000 19.260 18.877 12.000 17.808 17.502 6.000
3 16  17.808 17.502 6.000 19.260 18.877 12.000 17.179 18.097 6.000
3 16  19.260 18.877 12.000 18.474 19.622 12.000 17.179 18.097 6.000
3 16  17.179 18.097 6.000 18.474 19.622 12.000 16.489 18.622 6.000
3 16  18.474 19.622 12.000 17.612 20.277 12.000 16.489 18.622 6.000
3 16  16.489 18.622 6.000 17.612 20.277 12.000 15.747 19.068 6.000
3 16  17.612 20.277 12.000 16.684 20.835 12.000 15.747 19.068 6.000
3 16  15.747 19.068 6.000 16.684 20.835 12.000 14.961 19.432 6.000
3 16  16.684 20.835 12.000 15.701 21.290 12.000 14.961 19.432 6.000
3 16  14.961 19.432 6.000 15.701 21.290 12.000 14.140 19.708 6.000
3 16  15.701 21.290 12.000 14.675 21.636 12.000 14.140 19.708 6.000
3 16  14.140 19.708 6.000 14.675 21.636 12.000 13.294 19.895 6.000
3 16  14.675 21.636 12.000 13.618 21.868 12.000 13.294 19.895 6.000
3 16  13.294 19.895 6.000 13.618 21.868 12.000 12.433 19.988 6.000
3 16  13.618 21.868 12.000 12.541 21.985 12.000 12.433 19.988 6.000
3 16  11.567 19.988 6.000 12.541 21.985 12.000 11.459 21.985 12.000
3 16  12.541 21.985 12.000 11.567 19.988 6.000 12.433 19.988 6.000
3 16  11.567 19.988 6.000 11.459 21.985 12.000 10.706 19.895 6.000
3 16  10.706 19.895 6.000 11.459 21.985 12.000 10.382 21.868 12.000
3 16  10.706 19.895 6.000 10.382 21.868 12.000 9.860 19.708 6.000
3 16  9.860 19.708 6.000 10.382 21.868 12.000 9.325 21.636 12.000
3 16  9.860 19.708 6.000 9.325 21.636 12.000 9.039 19.432 6.000
3 16  9.039 19.432 6.000 9.325 21.636 12.000 8.299 21.290 12.000
3 16  9.039 19.432 6.000 8.299 21.290 12.000 8.253 19.068 6.000
3 16  8.253 19.068 6.000 8.299 21.290 12.000 7.316 20.835 12.000
3 16  7.511 18.622 6.000 8.253 19.068 6.000 7.316 20.835 12.000
3 16  7.511 18.622 6.000 7.316 20.835 12.000 6.388 20.277 12.000
3 16  6.821 18.097 6.000 7.511 18.622 6.000 6.388 20.277 12.000
3 16  6.821 18.097 6.000 6.388 20.277 12.000 5.526 19.622 12.000
3 16  6.192 17.502 6.000 6.821 18.097 6.000 5.526 19.622 12.000
3 16  6.192 17.502 6.000 5.526 19.622 12.000 4.740 18.877 12.000
3 16  5.631 16.841 6.000 6.192 17.502 6.000 4.740 18.877 12.000
3 16  5.631 16.841 6.000 4.740 18.877 12.000 4.039 18.052 12.000
3 16  5.145 16.124 6.000 5.631 16.841 6.000 4.039 18.052 12.000
3 16  5.145 16.124 6.000 4.039 18.052 12.000 3.431 17.156 12.000
3 16  4.739 15.359 6.000 5.145 16.124 6.000 3.431 17.156 12.000
3 16  4.739 15.359 6.000 3.431 17.156 12.000 2.924 16.199 12.000
3 16  4.419 14.554 6.000 4.739 15.359 6.000 2.924 16.199 12.000
3 16  4.419 14.554 6.000 2.924 16.199 12.000 2.523 15.193 12.000
3 16  4.187 13.720 6.000 4.419 14.554 6.000 2.523 15.193 12.000
3 16  4.187 13.720 6.000 2.523 15.193 12.000 2.234 14.150 12.000
3 16  4.047 12.865 6.000 4.187 13.720 6.000 2.234 14.150 12.000
3 16  4.047 12.865 6.000 2.234 14.150 12.000 2.059 13.081 12.000
3 16  4.000 12.000 6.000 4.047 12.865 6.000 2.059 13.081 12.000
3 16  4.000 12.000 6.000 2.059 13.081 12.000 2.000 12.000 12.000
3 16  4.047 11.135 6.000 4.000 12.000 6.000 2.000 12.000 12.000
3 16  2.059 10.919 12.000 4.047 11.135 6.000 2.000 12.000 12.000
3 16  24.000 36.000 12.000 24.000 24.000 12.000 24.000 36.000 0.000
3 16  24.000 12.000 0.000 24.000 24.000 12.000 24.000 12.000 12.000
3 16  24.000 24.000 12.000 24.000 12.000 0.000 24.000 36.000 0.000
3 16  23.930 37.297 12.000 21.941 37.081 12.000 22.000 36.000 12.000
3 16  22.891 41.039 12.000 21.766 38.150 12.000 21.941 37.081 12.000
3 16  20.569 41.155 12.000 22.282 42.187 12.000 21.553 43.262 12.000
3 16  22.891 41.039 12.000 21.477 39.193 12.000 21.766 38.150 12.000
3 16  22.891 41.039 12.000 21.076 40.199 12.000 21.477 39.193 12.000
3 16  19.961 42.052 12.000 21.553 43.262 12.000 20.712 44.252 12.000
3 16  22.282 42.187 12.000 20.569 41.155 12.000 21.076 40.199 12.000
3 16  21.553 43.262 12.000 19.961 42.052 12.000 20.569 41.155 12.000
3 16  19.260 42.877 12.000 20.712 44.252 12.000 19.769 45.146 12.000
3 16  20.712 44.252 12.000 19.260 42.877 12.000 19.961 42.052 12.000
3 16  18.474 43.621 12.000 19.769 45.146 12.000 18.734 45.932 12.000
3 16  19.769 45.146 12.000 18.474 43.621 12.000 19.260 42.877 12.000
3 16  17.612 44.277 12.000 18.734 45.932 12.000 17.621 46.602 12.000
3 16  18.734 45.932 12.000 17.612 44.277 12.000 18.474 43.621 12.000
3 16  17.621 46.602 12.000 16.684 44.835 12.000 17.612 44.277 12.000
3 16  16.442 47.148 12.000 16.684 44.835 12.000 17.621 46.602 12.000
3 16  16.442 47.148 12.000 15.701 45.290 12.000 16.684 44.835 12.000
3 16  15.210 47.562 12.000 15.701 45.290 12.000 16.442 47.148 12.000
3 16  15.210 47.562 12.000 14.675 45.636 12.000 15.701 45.290 12.000
3 16  13.941 47.842 12.000 14.675 45.636 12.000 15.210 47.562 12.000
3 16  13.941 47.842 12.000 13.618 45.868 12.000 14.675 45.636 12.000
3 16  12.650 47.983 12.000 13.618 45.868 12.000 13.941 47.842 12.000
3 16  12.650 47.983 12.000 12.541 45.985 12.000 13.618 45.868 12.000
3 16  12.650 47.983 12.000 11.459 45.985 12.000 12.541 45.985 12.000
3 16  11.350 47.983 12.000 11.459 45.985 12.000 12.650 47.983 12.000
3 16  11.350 47.983 12.000 10.382 45.868 12.000 11.459 45.985 12.000
3 16  10.059 47.842 12.000 10.382 45.868 12.000 11.350 47.983 12.000
3 16  10.059 47.842 12.000 9.325 45.636 12.000 10.382 45.868 12.000
3 16  8.790 47.562 12.000 9.325 45.636 12.000 10.059 47.842 12.000
3 16  8.790 47.562 12.000 8.299 45.290 12.000 9.325 45.636 12.000
3 16  7.558 47.148 12.000 8.299 45.290 12.000 8.790 47.562 12.000
3 16  7.558 47.148 12.000 7.316 44.835 12.000 8.299 45.290 12.000
3 16  6.379 46.602 12.000 7.316 44.835 12.000 7.558 47.148 12.000
3 16  7.316 44.835 12.000 6.379 46.602 12.000 6.388 44.277 12.000
3 16  5.266 45.932 12.000 6.388 44.277 12.000 6.379 46.602 12.000
3 16  6.388 44.277 12.000 5.266 45.932 12.000 5.526 43.621 12.000
3 16  4.231 45.146 12.000 5.526 43.621 12.000 5.266 45.932 12.000
3 16  5.526 43.621 12.000 4.231 45.146 12.000 4.740 42.877 12.000
3 16  3.288 44.252 12.000 4.740 42.877 12.000 4.231 45.146 12.000
3 16  4.740 42.877 12.000 3.288 44.252 12.000 4.039 42.052 12.000
3 16  2.447 43.262 12.000 4.039 42.052 12.000 3.288 44.252 12.000
3 16  4.039 42.052 12.000 2.447 43.262 12.000 3.431 41.155 12.000
3 16  1.718 42.187 12.000 3.431 41.155 12.000 2.447 43.262 12.000
3 16  3.431 41.155 12.000 1.718 42.187 12.000 2.924 40.199 12.000
3 16  1.109 41.039 12.000 2.924 40.199 12.000 1.718 42.187 12.000
3 16  2.924 40.199 12.000 1.109 41.039 12.000 2.523 39.193 12.000
3 16  2.523 39.193 12.000 0.628 39.832 12.000 2.234 38.150 12.000
3 16  0.628 39.832 12.000 2.523 39.193 12.000 1.109 41.039 12.000
3 16  22.000 36.000 12.000 24.000 36.000 12.000 23.930 37.297 12.000
3 16  21.941 37.081 12.000 23.930 37.297 12.000 23.719 38.580 12.000
3 16  21.941 37.081 12.000 23.719 38.580 12.000 23.372 39.832 12.000
3 16  21.941 37.081 12.000 23.372 39.832 12.000 22.891 41.039 12.000
3 16  21.076 40.199 12.000 22.891 41.039 12.000 22.282 42.187 12.000
3 16  24.000 36.000 12.000 22.000 36.000 12.000 21.941 34.919 12.000
3 16  24.000 36.000 12.000 21.941 34.919 12.000 21.766 33.850 12.000
3 16  24.000 36.000 12.000 21.766 33.850 12.000 21.477 32.807 12.000
3 16  24.000 36.000 12.000 21.477 32.807 12.000 24.000 24.000 12.000
3 16  21.076 31.801 12.000 24.000 24.000 12.000 21.477 32.807 12.000
3 16  20.569 30.845 12.000 24.000 24.000 12.000 21.076 31.801 12.000
3 16  19.961 29.948 12.000 24.000 24.000 12.000 20.569 30.845 12.000
3 16  19.260 29.123 12.000 24.000 24.000 12.000 19.961 29.948 12.000
3 16  18.474 28.378 12.000 24.000 24.000 12.000 19.260 29.123 12.000
3 16  17.612 27.723 12.000 24.000 24.000 12.000 18.474 28.378 12.000
3 16  16.684 27.165 12.000 24.000 24.000 12.000 17.612 27.723 12.000
3 16  15.701 26.710 12.000 24.000 24.000 12.000 16.684 27.165 12.000
3 16  14.675 26.364 12.000 24.000 24.000 12.000 15.701 26.710 12.000
3 16  13.618 26.132 12.000 24.000 24.000 12.000 14.675 26.364 12.000
3 16  12.541 26.015 12.000 24.000 24.000 12.000 13.618 26.132 12.000
3 16  11.459 26.015 12.000 24.000 24.000 12.000 12.541 26.015 12.000
3 16  0.000 24.000 12.000 11.459 26.015 12.000 10.382 26.132 12.000
3 16  0.281 38.580 12.000 2.234 38.150 12.000 0.628 39.832 12.000
3 16  2.234 38.150 12.000 0.281 38.580 12.000 2.059 37.081 12.000
3 16  0.070 37.297 12.000 2.059 37.081 12.000 0.281 38.580 12.000
3 16  2.059 37.081 12.000 0.070 37.297 12.000 2.000 36.000 12.000
3 16  0.000 36.000 12.000 2.000 36.000 12.000 0.070 37.297 12.000
3 16  2.000 36.000 12.000 0.000 36.000 12.000 2.059 34.919 12.000
3 16  2.059 34.919 12.000 0.000 36.000 12.000 2.234 33.850 12.000
3 16  2.234 33.850 12.000 0.000 36.000 12.000 2.523 32.807 12.000
3 16  0.000 24.000 12.000 2.523 32.807 12.000 0.000 36.000 12.000
3 16  2.523 32.807 12.000 0.000 24.000 12.000 2.924 31.801 12.000
3 16  11.459 26.015 12.000 0.000 24.000 12.000 24.000 24.000 12.000
3 16  9.325 26.364 12.000 0.000 24.000 12.000 10.382 26.132 12.000
3 16  8.299 26.710 12.000 0.000 24.000 12.000 9.325 26.364 12.000
3 16  7.316 27.165 12.000 0.000 24.000 12.000 8.299 26.710 12.000
3 16  6.388 27.723 12.000 0.000 24.000 12.000 7.316 27.165 12.000
3 16  5.526 28.378 12.000 0.000 24.000 12.000 6.388 27.723 12.000
3 16  4.740 29.123 12.000 0.000 24.000 12.000 5.526 28.378 12.000
3 16  4.039 29.948 12.000 0.000 24.000 12.000 4.740 29.123 12.000
3 16  3.431 30.845 12.000 0.000 24.000 12.000 4.039 29.948 12.000
3 16  2.924 31.801 12.000 0.000 24.000 12.000 3.431 30.845 12.000
3 16  24.000 36.000 12.000 23.930 37.297 0.000 23.930 37.297 12.000
3 16  23.930 37.297 0.000 24.000 36.000 12.000 24.000 36.000 0.000
3 16  23.930 37.297 12.000 23.719 38.580 0.000 23.719 38.580 12.000
3 16  23.719 38.580 0.000 23.930 37.297 12.000 23.930 37.297 0.000
3 16  23.719 38.580 12.000 23.372 39.832 0.000 23.372 39.832 12.000
3 16  23.372 39.832 0.000 23.719 38.580 12.000 23.719 38.580 0.000
3 16  23.372 39.832 12.000 22.891 41.039 0.000 22.891 41.039 12.000
3 16  22.891 41.039 0.000 23.372 39.832 12.000 23.372 39.832 0.000
3 16  22.891 41.039 12.000 22.282 42.187 0.000 22.282 42.187 12.000
3 16  22.282 42.187 0.000 22.891 41.039 12.000 22.891 41.039 0.000
3 16  22.282 42.187 12.000 21.553 43.262 0.000 21.553 43.262 12.000
3 16  21.553 43.262 0.000 22.282 42.187 12.000 22.282 42.187 0.000
3 16  21.553 43.262 12.000 20.712 44.252 0.000 20.712 44.252 12.000
3 16  20.712 44.252 0.000 21.553 43.262 12.000 21.553 43.262 0.000
3 16  20.712 44.252 0.000 19.769 45.146 12.000 20.712 44.252 12.000
3 16  19.769 45.146 12.000 20.712 44.252 0.000 19.769 45.146 0.000
3 16  19.769 45.146 0.000 18.734 45.932 12.000 19.769 45.146 12.000
3 16  18.734 45.932 12.000 19.769 45.146 0.000 18.734 45.932 0.000
3 16  18.734 45.932 0.000 17.621 46.602 12.000 18.734 45.932 12.000
3 16  17.621 46.602 12.000 18.734 45.932 0.000 17.621 46.602 0.000
3 16  17.621 46.602 0.000 16.442 47.148 12.000 17.621 46.602 12.000
3 16  16.442 47.148 12.000 17.621 46.602 0.000 16.442 47.148 0.000
3 16  16.442 47.148 0.000 15.210 47.562 12.000 16.442 47.148 12.000
3 16  15.210 47.562 12.000 16.442 47.148 0.000 15.210 47.562 0.000
3 16  15.210 47.562 0.000 13.941 47.842 12.000 15.210 47.562 12.000
3 16  13.941 47.842 12.000 15.210 47.562 0.000 13.941 47.842 0.000
3 16  13.941 47.842 0.000 12.650 47.983 12.000 13.941 47.842 12.000
3 16  12.650 47.983 12.000 13.941 47.842 0.000 12.650 47.983 0.000
3 16  12.650 47.983 0.000 11.350 47.983 12.000 12.650 47.983 12.000
3 16  11.350 47.983 12.000 12.650 47.983 0.000 11.350 47.983 0.000
3 16  11.350 47.983 0.000 10.059 47.842 12.000 11.350 47.983 12.000
3 16  10.059 47.842 12.000 11.350 47.983 0.000 10.059 47.842 0.000
3 16  10.059 47.842 0.000 8.790 47.562 12.000 10.059 47.842 12.000
3 16  8.790 47.562 12.000 10.059 47.842 0.000 8.790 47.562 0.000
3 16  8.790 47.562 0.000 7.558 47.148 12.000 8.790 47.562 12.000
3 16  7.558 47.148 12.000 8.790 47.562 0.000 7.558 47.148 0.000
3 16  7.558 47.148 0.000 6.379 46.602 12.000 7.558 47.148 12.000
3 16  6.379 46.602 12.000 7.558 47.148 0.000 6.379 46.602 0.000
3 16  6.379 46.602 0.000 5.266 45.932 12.000 6.379 46.602 12.000
3 16  5.266 45.932 12.000 6.379 46.602 0.000 5.266 45.932 0.000
3 16  5.266 45.932 0.000 4.231 45.146 12.000 5.266 45.932 12.000
3 16  4.231 45.146 12.000 5.266 45.932 0.000 4.231 45.146 0.000
3 16  4.231 45.146 0.000 3.288 44.252 12.000 4.231 45.146 12.000
3 16  3.288 44.252 12.000 4.231 45.146 0.000 3.288 44.252 0.000
3 16  2.447 43.262 0.000 3.288 44.252 12.000 3.288 44.252 0.000
3 16  3.288 44.252 12.000 2.447 43.262 0.000 2.447 43.262 12.000
3 16  1.718 42.187 0.000 2.447 43.262 12.000 2.447 43.262 0.000
3 16  2.447 43.262 12.000 1.718 42.187 0.000 1.718 42.187 12.000
3 16  1.109 41.039 0.000 1.718 42.187 12.000 1.718 42.187 0.000
3 16  1.718 42.187 12.000 1.109 41.039 0.000 1.109 41.039 12.000
3 16  0.628 39.832 0.000 1.109 41.039 12.000 1.109 41.039 0.000
3 16  1.109 41.039 12.000 0.628 39.832 0.000 0.628 39.832 12.000
3 16  0.281 38.580 0.000 0.628 39.832 12.000 0.628 39.832 0.000
3 16  0.628 39.832 12.000 0.281 38.580 0.000 0.281 38.580 12.000
3 16  0.070 37.297 0.000 0.281 38.580 12.000 0.281 38.580 0.000
3 16  0.281 38.580 12.000 0.070 37.297 0.000 0.070 37.297 12.000
3 16  0.000 36.000 0.000 0.070 37.297 12.000 0.070 37.297 0.000
3 16  0.070 37.297 12.000 0.000 36.000 0.000 0.000 36.000 12.000
3 16  19.953 36.865 6.000 21.941 37.081 12.000 19.813 37.720 6.000
3 16  21.941 37.081 12.000 21.766 38.150 12.000 19.813 37.720 6.000
3 16  19.813 37.720 6.000 21.766 38.150 12.000 19.581 38.554 6.000
3 16  21.766 38.150 12.000 21.477 39.193 12.000 19.581 38.554 6.000
3 16  19.581 38.554 6.000 21.477 39.193 12.000 19.261 39.359 6.000
3 16  21.477 39.193 12.000 21.076 40.199 12.000 19.261 39.359 6.000
3 16  19.261 39.359 6.000 21.076 40.199 12.000 18.855 40.125 6.000
3 16  21.076 40.199 12.000 20.569 41.155 12.000 18.855 40.125 6.000
3 16  18.855 40.125 6.000 20.569 41.155 12.000 18.369 40.842 6.000
3 16  20.569 41.155 12.000 19.961 42.052 12.000 18.369 40.842 6.000
3 16  18.369 40.842 6.000 19.961 42.052 12.000 17.808 41.502 6.000
3 16  19.961 42.052 12.000 19.260 42.877 12.000 17.808 41.502 6.000
3 16  17.808 41.502 6.000 19.260 42.877 12.000 17.179 42.097 6.000
3 16  19.260 42.877 12.000 18.474 43.621 12.000 17.179 42.097 6.000
3 16  17.179 42.097 6.000 18.474 43.621 12.000 16.489 42.621 6.000
3 16  18.474 43.621 12.000 17.612 44.277 12.000 16.489 42.621 6.000
3 16  16.489 42.621 6.000 17.612 44.277 12.000 15.747 43.068 6.000
3 16  17.612 44.277 12.000 16.684 44.835 12.000 15.747 43.068 6.000
3 16  15.747 43.068 6.000 16.684 44.835 12.000 14.961 43.432 6.000
3 16  16.684 44.835 12.000 15.701 45.290 12.000 14.961 43.432 6.000
3 16  14.961 43.432 6.000 15.701 45.290 12.000 14.140 43.709 6.000
3 16  15.701 45.290 12.000 14.675 45.636 12.000 14.140 43.709 6.000
3 16  14.140 43.709 6.000 14.675 45.636 12.000 13.294 43.895 6.000
3 16  14.675 45.636 12.000 13.618 45.868 12.000 13.294 43.895 6.000
3 16  13.294 43.895 6.000 13.618 45.868 12.000 12.433 43.988 6.000
3 16  13.618 45.868 12.000 12.541 45.985 12.000 12.433 43.988 6.000
3 16  11.567 43.988 6.000 12.541 45.985 12.000 11.459 45.985 12.000
3 16  12.541 45.985 12.000 11.567 43.988 6.000 12.433 43.988 6.000
3 16  11.567 43.988 6.000 11.459 45.985 12.000 10.706 43.895 6.000
3 16  10.706 43.895 6.000 11.459 45.985 12.000 10.382 45.868 12.000
3 16  10.706 43.895 6.000 10.382 45.868 12.000 9.860 43.709 6.000
3 16  9.860 43.709 6.000 10.382 45.868 12.000 9.325 45.636 12.000
3 16  9.860 43.709 6.000 9.325 45.636 12.000 9.039 43.432 6.000
3 16  9.039 43.432 6.000 9.325 45.636 12.000 8.299 45.290 12.000
3 16  9.039 43.432 6.000 8.299 45.290 12.000 8.253 43.068 6.000
3 16  8.253 43.068 6.000 8.299 45.290 12.000 7.316 44.835 12.000
3 16  7.511 42.621 6.000 8.253 43.068 6.000 7.316 44.835 12.000
3 16  7.511 42.621 6.000 7.316 44.835 12.000 6.388 44.277 12.000
3 16  6.821 42.097 6.000 7.511 42.621 6.000 6.388 44.277 12.000
3 16  6.821 42.097 6.000 6.388 44.277 12.000 5.526 43.621 12.000
3 16  6.192 41.502 6.000 6.821 42.097 6.000 5.526 43.621 12.000
3 16  6.192 41.502 6.000 5.526 43.621 12.000 4.740 42.877 12.000
3 16  5.631 40.842 6.000 6.192 41.502 6.000 4.740 42.877 12.000
3 16  5.631 40.842 6.000 4.740 42.877 12.000 4.039 42.052 12.000
3 16  5.145 40.125 6.000 5.631 40.842 6.000 4.039 42.052 12.000
3 16  5.145 40.125 6.000 4.039 42.052 12.000 3.431 41.155 12.000
3 16  4.739 39.359 6.000 5.145 40.125 6.000 3.431 41.155 12.000
3 16  4.739 39.359 6.000 3.431 41.155 12.000 2.924 40.199 12.000
3 16  4.419 38.554 6.000 4.739 39.359 6.000 2.924 40.199 12.000
3 16  4.419 38.554 6.000 2.924 40.199 12.000 2.523 39.193 12.000
3 16  4.187 37.720 6.000 4.419 38.554 6.000 2.523 39.193 12.000
3 16  4.187 37.720 6.000 2.523 39.193 12.000 2.234 38.150 12.000
3 16  4.047 36.865 6.000 4.187 37.720 6.000 2.234 38.150 12.000
3 16  4.047 36.865 6.000 2.234 38.150 12.000 2.059 37.081 12.000
3 16  4.000 36.000 6.000 4.047 36.865 6.000 2.059 37.081 12.000
3 16  4.000 36.000 6.000 2.059 37.081 12.000 2.000 36.000 12.000
3 16  4.047 35.135 6.000 4.000 36.000 6.000 2.000 36.000 12.000
3 16  2.059 34.919 12.000 4.047 35.135 6.000 2.000 36.000 12.000
3 16  4.187 34.280 6.000 4.047 35.135 6.000 2.059 34.919 12.000
3 16  2.234 33.850 12.000 4.187 34.280 6.000 2.059 34.919 12.000
3 16  4.419 33.445 6.000 4.187 34.280 6.000 2.234 33.850 12.000
3 16  2.523 32.807 12.000 4.419 33.445 6.000 2.234 33.850 12.000
3 16  4.739 32.641 6.000 4.419 33.445 6.000 2.523 32.807 12.000
3 16  2.924 31.801 12.000 4.739 32.641 6.000 2.523 32.807 12.000
3 16  5.145 31.875 6.000 4.739 32.641 6.000 2.924 31.801 12.000
3 16  3.431 30.845 12.000 5.145 31.875 6.000 2.924 31.801 12.000
3 16  5.631 31.159 6.000 5.145 31.875 6.000 3.431 30.845 12.000
3 16  4.039 29.948 12.000 5.631 31.159 6.000 3.431 30.845 12.000
3 16  6.192 30.498 6.000 5.631 31.159 6.000 4.039 29.948 12.000
3 16  4.740 29.123 12.000 6.192 30.498 6.000 4.039 29.948 12.000
3 16  6.821 29.903 6.000 6.192 30.498 6.000 4.740 29.123 12.000
3 16  5.526 28.378 12.000 6.821 29.903 6.000 4.740 29.123 12.000
3 16  7.511 29.379 6.000 6.821 29.903 6.000 5.526 28.378 12.000
3 16  6.388 27.723 12.000 7.511 29.379 6.000 5.526 28.378 12.000
3 16  8.253 28.932 6.000 7.511 29.379 6.000 6.388 27.723 12.000
3 16  7.316 27.165 12.000 8.253 28.932 6.000 6.388 27.723 12.000
3 16  9.039 28.568 6.000 8.253 28.932 6.000 7.316 27.165 12.000
3 16  8.299 26.710 12.000 9.039 28.568 6.000 7.316 27.165 12.000
3 16  9.860 28.291 6.000 9.039 28.568 6.000 8.299 26.710 12.000
3 16  9.325 26.364 12.000 9.860 28.291 6.000 8.299 26.710 12.000
3 16  10.706 28.105 6.000 9.860 28.291 6.000 9.325 26.364 12.000
3 16  10.382 26.132 12.000 10.706 28.105 6.000 9.325 26.364 12.000
3 16  11.567 28.012 6.000 10.706 28.105 6.000 10.382 26.132 12.000
3 16  11.459 26.015 12.000 11.567 28.012 6.000 10.382 26.132 12.000
3 16  12.433 28.012 6.000 11.459 26.015 12.000 12.541 26.015 12.000
3 16  11.459 26.015 12.000 12.433 28.012 6.000 11.567 28.012 6.000
3 16  12.541 26.015 12.000 13.294 28.105 6.000 12.433 28.012 6.000
3 16  13.618 26.132 12.000 13.294 28.105 6.000 12.541 26.015 12.000
3 16  13.618 26.132 12.000 14.140 28.291 6.000 13.294 28.105 6.000
3 16  14.675 26.364 12.000 14.140 28.291 6.000 13.618 26.132 12.000
3 16  14.675 26.364 12.000 14.961 28.568 6.000 14.140 28.291 6.000
3 16  15.701 26.710 12.000 14.961 28.568 6.000 14.675 26.364 12.000
3 16  15.701 26.710 12.000 15.747 28.932 6.000 14.961 28.568 6.000
3 16  16.684 27.165 12.000 15.747 28.932 6.000 15.701 26.710 12.000
3 16  16.684 27.165 12.000 16.489 29.379 6.000 15.747 28.932 6.000
3 16  16.684 27.165 12.000 17.612 27.723 12.000 16.489 29.379 6.000
3 16  17.612 27.723 12.000 17.179 29.903 6.000 16.489 29.379 6.000
3 16  17.612 27.723 12.000 18.474 28.378 12.000 17.179 29.903 6.000
3 16  18.474 28.378 12.000 17.808 30.498 6.000 17.179 29.903 6.000
3 16  18.474 28.378 12.000 19.260 29.123 12.000 17.808 30.498 6.000
3 16  19.260 29.123 12.000 18.369 31.159 6.000 17.808 30.498 6.000
3 16  19.260 29.123 12.000 19.961 29.948 12.000 18.369 31.159 6.000
3 16  19.961 29.948 12.000 18.855 31.875 6.000 18.369 31.159 6.000
3 16  19.961 29.948 12.000 20.569 30.845 12.000 18.855 31.875 6.000
3 16  20.569 30.845 12.000 19.261 32.641 6.000 18.855 31.875 6.000
3 16  20.569 30.845 12.000 21.076 31.801 12.000 19.261 32.641 6.000
3 16  21.076 31.801 12.000 19.581 33.445 6.000 19.261 32.641 6.000
3 16  21.076 31.801 12.000 21.477 32.807 12.000 19.581 33.445 6.000
3 16  21.477 32.807 12.000 19.813 34.280 6.000 19.581 33.445 6.000
3 16  21.477 32.807 12.000 21.766 33.850 12.000 19.813 34.280 6.000
3 16  21.766 33.850 12.000 19.953 35.135 6.000 19.813 34.280 6.000
3 16  21.766 33.850 12.000 21.941 34.919 12.000 19.953 35.135 6.000
3 16  21.941 34.919 12.000 20.000 36.000 6.000 19.953 35.135 6.000
3 16  21.941 34.919 12.000 22.000 36.000 12.000 20.000 36.000 6.000
3 16  20.000 36.000 6.000 22.000 36.000 12.000 19.953 36.865 6.000
3 16  22.000 36.000 12.000 21.941 37.081 12.000 19.953 36.865 6.000
3 16  4.187 37.720 6.000 4.047 36.865 6.000 2.059 37.081 0.000
3 16  2.234 38.150 0.000 4.187 37.720 6.000 2.059 37.081 0.000
3 16  4.419 38.554 6.000 4.187 37.720 6.000 2.234 38.150 0.000
3 16  2.523 39.193 0.000 4.419 38.554 6.000 2.234 38.150 0.000
3 16  4.739 39.359 6.000 4.419 38.554 6.000 2.523 39.193 0.000
3 16  2.924 40.199 0.000 4.739 39.359 6.000 2.523 39.193 0.000
3 16  5.145 40.125 6.000 4.739 39.359 6.000 2.924 40.199 0.000
3 16  3.431 41.155 0.000 5.145 40.125 6.000 2.924 40.199 0.000
3 16  5.631 40.842 6.000 5.145 40.125 6.000 3.431 41.155 0.000
3 16  4.039 42.052 0.000 5.631 40.842 6.000 3.431 41.155 0.000
3 16  6.192 41.502 6.000 5.631 40.842 6.000 4.039 42.052 0.000
3 16  4.740 42.877 0.000 6.192 41.502 6.000 4.039 42.052 0.000
3 16  6.821 42.097 6.000 6.192 41.502 6.000 4.740 42.877 0.000
3 16  5.526 43.621 0.000 6.821 42.097 6.000 4.740 42.877 0.000
3 16  7.511 42.621 6.000 6.821 42.097 6.000 5.526 43.621 0.000
3 16  6.388 44.277 0.000 7.511 42.621 6.000 5.526 43.621 0.000
3 16  8.253 43.068 6.000 7.511 42.621 6.000 6.388 44.277 0.000
3 16  7.316 44.835 0.000 8.253 43.068 6.000 6.388 44.277 0.000
3 16  9.039 43.432 6.000 8.253 43.068 6.000 7.316 44.835 0.000
3 16  8.299 45.290 0.000 9.039 43.432 6.000 7.316 44.835 0.000
3 16  9.860 43.709 6.000 9.039 43.432 6.000 8.299 45.290 0.000
3 16  9.325 45.636 0.000 9.860 43.709 6.000 8.299 45.290 0.000
3 16  10.706 43.895 6.000 9.860 43.709 6.000 9.325 45.636 0.000
3 16  10.382 45.868 0.000 10.706 43.895 6.000 9.325 45.636 0.000
3 16  11.567 43.988 6.000 10.706 43.895 6.000 10.382 45.868 0.000
3 16  11.459 45.985 0.000 11.567 43.988 6.000 10.382 45.868 0.000
3 16  11.459 45.985 0.000 12.433 43.988 6.000 11.567 43.988 6.000
3 16  12.433 43.988 6.000 11.459 45.985 0.000 12.541 45.985 0.000
3 16  12.541 45.985 0.000 13.294 43.895 6.000 12.433 43.988 6.000
3 16  13.618 45.868 0.000 13.294 43.895 6.000 12.541 45.985 0.000
3 16  13.618 45.868 0.000 14.140 43.709 6.000 13.294 43.895 6.000
3 16  14.675 45.636 0.000 14.140 43.709 6.000 13.618 45.868 0.000
3 16  14.675 45.636 0.000 14.961 43.432 6.000 14.140 43.709 6.000
3 16  15.701 45.290 0.000 14.961 43.432 6.000 14.675 45.636 0.000
3 16  15.701 45.290 0.000 15.747 43.068 6.000 14.961 43.432 6.000
3 16  16.684 44.835 0.000 15.747 43.068 6.000 15.701 45.290 0.000
3 16  16.684 44.835 0.000 16.489 42.621 6.000 15.747 43.068 6.000
3 16  16.684 44.835 0.000 17.612 44.277 0.000 16.489 42.621 6.000
3 16  17.612 44.277 0.000 17.179 42.097 6.000 16.489 42.621 6.000
3 16  17.612 44.277 0.000 18.474 43.621 0.000 17.179 42.097 6.000
3 16  18.474 43.621 0.000 17.808 41.502 6.000 17.179 42.097 6.000
3 16  18.474 43.621 0.000 19.260 42.877 0.000 17.808 41.502 6.000
3 16  19.260 42.877 0.000 18.369 40.842 6.000 17.808 41.502 6.000
3 16  19.260 42.877 0.000 19.961 42.052 0.000 18.369 40.842 6.000
3 16  19.961 42.052 0.000 18.855 40.125 6.000 18.369 40.842 6.000
3 16  19.961 42.052 0.000 20.569 41.155 0.000 18.855 40.125 6.000
3 16  20.569 41.155 0.000 19.261 39.359 6.000 18.855 40.125 6.000
3 16  20.569 41.155 0.000 21.076 40.199 0.000 19.261 39.359 6.000
3 16  21.076 40.199 0.000 19.581 38.554 6.000 19.261 39.359 6.000
3 16  21.076 40.199 0.000 21.477 39.193 0.000 19.581 38.554 6.000
3 16  21.477 39.193 0.000 19.813 37.720 6.000 19.581 38.554 6.000
3 16  21.477 39.193 0.000 21.766 38.150 0.000 19.813 37.720 6.000
3 16  21.766 38.150 0.000 19.953 36.865 6.000 19.813 37.720 6.000
3 16  21.766 38.150 0.000 21.941 37.081 0.000 19.953 36.865 6.000
3 16  21.941 37.081 0.000 20.000 36.000 6.000 19.953 36.865 6.000
3 16  21.941 37.081 0.000 22.000 36.000 0.000 20.000 36.000 6.000
3 16  20.000 36.000 6.000 22.000 36.000 0.000 19.953 35.135 6.000
3 16  22.000 36.000 0.000 21.941 34.919 0.000 19.953 35.135 6.000
3 16  19.953 35.135 6.000 21.941 34.919 0.000 19.813 34.280 6.000
3 16  21.941 34.919 0.000 21.766 33.850 0.000 19.813 34.280 6.000
3 16  19.813 34.280 6.000 21.766 33.850 0.000 19.581 33.445 6.000
3 16  21.766 33.850 0.000 21.477 32.807 0.000 19.581 33.445 6.000
3 16  19.581 33.445 6.000 21.477 32.807 0.000 19.261 32.641 6.000
3 16  21.477 32.807 0.000 21.076 31.801 0.000 19.261 32.641 6.000
3 16  19.261 32.641 6.000 21.076 31.801 0.000 18.855 31.875 6.000
3 16  21.076 31.801 0.000 20.569 30.845 0.000 18.855 31.875 6.000
3 16  18.855 31.875 6.000 20.569 30.845 0.000 18.369 31.159 6.000
3 16  20.569 30.845 0.000 19.961 29.948 0.000 18.369 31.159 6.000
3 16  18.369 31.159 6.000 19.961 29.948 0.000 17.808 30.498 6.000
3 16  19.961 29.948 0.000 19.260 29.123 0.000 17.808 30.498 6.000
3 16  17.808 30.498 6.000 19.260 29.123 0.000 17.179 29.903 6.000
3 16  19.260 29.123 0.000 18.474 28.378 0.000 17.179 29.903 6.000
3 16  17.179 29.903 6.000 18.474 28.378 0.000 16.489 29.379 6.000
3 16  18.474 28.378 0.000 17.612 27.723 0.000 16.489 29.379 6.000
3 16  16.489 29.379 6.000 17.612 27.723 0.000 15.747 28.932 6.000
3 16  17.612 27.723 0.000 16.684 27.165 0.000 15.747 28.932 6.000
3 16  15.747 28.932 6.000 16.684 27.165 0.000 14.961 28.568 6.000
3 16  16.684 27.165 0.000 15.701 26.710 0.000 14.961 28.568 6.000
3 16  14.961 28.568 6.000 15.701 26.710 0.000 14.140 28.291 6.000
3 16  15.701 26.710 0.000 14.675 26.364 0.000 14.140 28.291 6.000
3 16  14.140 28.291 6.000 14.675 26.364 0.000 13.294 28.105 6.000
3 16  14.675 26.364 0.000 13.618 26.132 0.000 13.294 28.105 6.000
3 16  13.294 28.105 6.000 13.618 26.132 0.000 12.433 28.012 6.000
3 16  13.618 26.132 0.000 12.541 26.015 0.000 12.433 28.012 6.000
3 16  12.541 26.015 0.000 11.567 28.012 6.000 12.433 28.012 6.000
3 16  11.567 28.012 6.000 12.541 26.015 0.000 11.459 26.015 0.000
3 16  11.567 28.012 6.000 11.459 26.015 0.000 10.706 28.105 6.000
3 16  10.706 28.105 6.000 11.459 26.015 0.000 10.382 26.132 0.000
3 16  10.706 28.105 6.000 10.382 26.132 0.000 9.860 28.291 6.000
3 16  9.860 28.291 6.000 10.382 26.132 0.000 9.325 26.364 0.000
3 16  9.860 28.291 6.000 9.325 26.364 0.000 9.039 28.568 6.000
3 16  9.039 28.568 6.000 9.325 26.364 0.000 8.299 26.710 0.000
3 16  9.039 28.568 6.000 8.299 26.710 0.000 8.253 28.932 6.000
3 16  8.253 28.932 6.000 8.299 26.710 0.000 7.316 27.165 0.000
3 16  7.511 29.379 6.000 8.253 28.932 6.000 7.316 27.165 0.000
3 16  7.511 29.379 6.000 7.316 27.165 0.000 6.388 27.723 0.000
3 16  6.821 29.903 6.000 7.511 29.379 6.000 6.388 27.723 0.000
3 16  6.821 29.903 6.000 6.388 27.723 0.000 5.526 28.378 0.000
3 16  6.192 30.498 6.000 6.821 29.903 6.000 5.526 28.378 0.000
3 16  6.192 30.498 6.000 5.526 28.378 0.000 4.740 29.123 0.000
3 16  5.631 31.159 6.000 6.192 30.498 6.000 4.740 29.123 0.000
3 16  5.631 31.159 6.000 4.740 29.123 0.000 4.039 29.948 0.000
3 16  5.145 31.875 6.000 5.631 31.159 6.000 4.039 29.948 0.000
3 16  5.145 31.875 6.000 4.039 29.948 0.000 3.431 30.845 0.000
3 16  4.739 32.641 6.000 5.145 31.875 6.000 3.431 30.845 0.000
3 16  4.739 32.641 6.000 3.431 30.845 0.000 2.924 31.801 0.000
3 16  4.419 33.445 6.000 4.739 32.641 6.000 2.924 31.801 0.000
3 16  4.419 33.445 6.000 2.924 31.801 0.000 2.523 32.807 0.000
3 16  4.187 34.280 6.000 4.419 33.445 6.000 2.523 32.807 0.000
3 16  4.187 34.280 6.000 2.523 32.807 0.000 2.234 33.850 0.000
3 16  4.047 35.135 6.000 4.187 34.280 6.000 2.234 33.850 0.000
3 16  4.047 35.135 6.000 2.234 33.850 0.000 2.059 34.919 0.000
3 16  4.000 36.000 6.000 4.047 35.135 6.000 2.059 34.919 0.000
3 16  4.000 36.000 6.000 2.059 34.919 0.000 2.000 36.000 0.000
3 16  4.047 36.865 6.000 4.000 36.000 6.000 2.000 36.000 0.000
3 16  2.059 37.081 0.000 4.047 36.865 6.000 2.000 36.000 0.000
