0 ./parts/L-1-1-2.dat
0 !LDRAW Unofficial_part
0 BFC CERTIFY CCW
3 16  36.000 0.000 36.000 24.000 0.000 12.000 24.000 0.000 36.000
3 16  36.000 0.000 0.000 24.000 0.000 12.000 36.000 0.000 36.000
3 16  0.000 0.000 0.000 24.000 0.000 12.000 36.000 0.000 0.000
3 16  24.000 0.000 12.000 0.000 0.000 0.000 0.000 0.000 12.000
3 16  21.290 -32.298 0.000 36.000 -48.000 0.000 21.636 -33.325 0.000
3 16  36.000 0.000 0.000 21.868 -13.618 0.000 21.985 -12.541 0.000
3 16  36.000 -48.000 0.000 21.290 -32.298 0.000 36.000 0.000 0.000
3 16  36.000 0.000 0.000 21.636 -14.675 0.000 21.868 -13.618 0.000
3 16  21.290 -15.701 0.000 36.000 0.000 0.000 21.290 -32.298 0.000
3 16  36.000 0.000 0.000 21.290 -15.701 0.000 21.636 -14.675 0.000
3 16  20.835 -31.316 0.000 21.290 -15.701 0.000 21.290 -32.298 0.000
3 16  20.835 -31.316 0.000 20.835 -16.684 0.000 21.290 -15.701 0.000
3 16  20.277 -30.388 0.000 20.835 -16.684 0.000 20.835 -31.316 0.000
3 16  20.277 -30.388 0.000 20.277 -17.612 0.000 20.835 -16.684 0.000
3 16  19.622 -29.526 0.000 20.277 -17.612 0.000 20.277 -30.388 0.000
3 16  19.622 -29.526 0.000 19.622 -18.474 0.000 20.277 -17.612 0.000
3 16  18.877 -28.740 0.000 19.622 -18.474 0.000 19.622 -29.526 0.000
3 16  18.877 -28.740 0.000 18.877 -19.260 0.000 19.622 -18.474 0.000
3 16  18.052 -28.039 0.000 18.877 -19.260 0.000 18.877 -28.740 0.000
3 16  18.052 -28.039 0.000 18.052 -19.961 0.000 18.877 -19.260 0.000
3 16  17.156 -27.431 0.000 18.052 -19.961 0.000 18.052 -28.039 0.000
3 16  17.156 -27.431 0.000 17.156 -20.569 0.000 18.052 -19.961 0.000
3 16  16.199 -26.924 0.000 17.156 -20.569 0.000 17.156 -27.431 0.000
3 16  16.199 -26.924 0.000 16.199 -21.076 0.000 17.156 -20.569 0.000
3 16  15.193 -26.524 0.000 16.199 -21.076 0.000 16.199 -26.924 0.000
3 16  15.193 -26.524 0.000 15.193 -21.477 0.000 16.199 -21.076 0.000
3 16  14.150 -26.234 0.000 15.193 -21.477 0.000 15.193 -26.524 0.000
3 16  14.150 -26.234 0.000 14.150 -21.766 0.000 15.193 -21.477 0.000
3 16  13.081 -26.059 0.000 14.150 -21.766 0.000 14.150 -26.234 0.000
3 16  13.081 -26.059 0.000 13.081 -21.941 0.000 14.150 -21.766 0.000
3 16  12.000 -26.000 0.000 13.081 -21.941 0.000 13.081 -26.059 0.000
3 16  12.000 -26.000 0.000 12.000 -22.000 0.000 13.081 -21.941 0.000
3 16  10.919 -26.059 0.000 12.000 -22.000 0.000 12.000 -26.000 0.000
3 16  10.919 -26.059 0.000 10.919 -21.941 0.000 12.000 -22.000 0.000
3 16  9.850 -26.234 0.000 10.919 -21.941 0.000 10.919 -26.059 0.000
3 16  9.850 -26.234 0.000 9.850 -21.766 0.000 10.919 -21.941 0.000
3 16  8.807 -26.524 0.000 9.850 -21.766 0.000 9.850 -26.234 0.000
3 16  8.807 -26.524 0.000 8.807 -21.477 0.000 9.850 -21.766 0.000
3 16  7.801 -26.924 0.000 8.807 -21.477 0.000 8.807 -26.524 0.000
3 16  7.801 -26.924 0.000 7.801 -21.076 0.000 8.807 -21.477 0.000
3 16  6.844 -27.431 0.000 7.801 -21.076 0.000 7.801 -26.924 0.000
3 16  6.844 -27.431 0.000 6.844 -20.569 0.000 7.801 -21.076 0.000
3 16  5.948 -28.039 0.000 6.844 -20.569 0.000 6.844 -27.431 0.000
3 16  5.948 -28.039 0.000 5.948 -19.961 0.000 6.844 -20.569 0.000
3 16  5.123 -28.740 0.000 5.948 -19.961 0.000 5.948 -28.039 0.000
3 16  5.123 -28.740 0.000 5.123 -19.260 0.000 5.948 -19.961 0.000
3 16  4.378 -29.526 0.000 5.123 -19.260 0.000 5.123 -28.740 0.000
3 16  4.378 -29.526 0.000 4.378 -18.474 0.000 5.123 -19.260 0.000
3 16  3.723 -30.388 0.000 4.378 -18.474 0.000 4.378 -29.526 0.000
3 16  3.723 -30.388 0.000 3.723 -17.612 0.000 4.378 -18.474 0.000
3 16  3.165 -31.316 0.000 3.723 -17.612 0.000 3.723 -30.388 0.000
3 16  3.165 -31.316 0.000 3.165 -16.684 0.000 3.723 -17.612 0.000
3 16  2.710 -32.298 0.000 3.165 -16.684 0.000 3.165 -31.316 0.000
3 16  2.710 -32.298 0.000 2.710 -15.701 0.000 3.165 -16.684 0.000
3 16  2.364 -33.325 0.000 2.710 -15.701 0.000 2.710 -32.298 0.000
3 16  2.364 -33.325 0.000 2.364 -14.675 0.000 2.710 -15.701 0.000
3 16  2.132 -34.382 0.000 2.364 -14.675 0.000 2.364 -33.325 0.000
3 16  2.132 -34.382 0.000 2.132 -13.618 0.000 2.364 -14.675 0.000
3 16  2.015 -35.459 0.000 2.132 -13.618 0.000 2.132 -34.382 0.000
3 16  2.132 -13.618 0.000 2.015 -35.459 0.000 2.015 -12.541 0.000
3 16  21.985 -35.459 0.000 36.000 -48.000 0.000 21.985 -36.541 0.000
3 16  36.000 -48.000 0.000 21.868 -37.618 0.000 21.985 -36.541 0.000
3 16  36.000 -48.000 0.000 21.636 -38.675 0.000 21.868 -37.618 0.000
3 16  36.000 -48.000 0.000 21.290 -39.701 0.000 21.636 -38.675 0.000
3 16  36.000 -48.000 0.000 20.835 -40.684 0.000 21.290 -39.701 0.000
3 16  36.000 -48.000 0.000 20.277 -41.612 0.000 20.835 -40.684 0.000
3 16  36.000 -48.000 0.000 19.622 -42.474 0.000 20.277 -41.612 0.000
3 16  36.000 -48.000 0.000 18.877 -43.260 0.000 19.622 -42.474 0.000
3 16  36.000 -48.000 0.000 18.052 -43.961 0.000 18.877 -43.260 0.000
3 16  36.000 -48.000 0.000 17.156 -44.569 0.000 18.052 -43.961 0.000
3 16  36.000 -48.000 0.000 16.199 -45.076 0.000 17.156 -44.569 0.000
3 16  36.000 -48.000 0.000 15.193 -45.477 0.000 16.199 -45.076 0.000
3 16  36.000 -48.000 0.000 14.150 -45.766 0.000 15.193 -45.477 0.000
3 16  36.000 -48.000 0.000 13.081 -45.941 0.000 14.150 -45.766 0.000
3 16  0.000 -48.000 0.000 13.081 -45.941 0.000 36.000 -48.000 0.000
3 16  13.081 -45.941 0.000 0.000 -48.000 0.000 12.000 -46.000 0.000
3 16  0.000 -48.000 0.000 2.015 -35.459 0.000 2.015 -36.541 0.000
3 16  2.015 -35.459 0.000 0.000 -48.000 0.000 2.015 -12.541 0.000
3 16  0.000 0.000 0.000 2.015 -12.541 0.000 0.000 -48.000 0.000
3 16  2.132 -37.618 0.000 0.000 -48.000 0.000 2.015 -36.541 0.000
3 16  2.364 -38.675 0.000 0.000 -48.000 0.000 2.132 -37.618 0.000
3 16  2.710 -39.701 0.000 0.000 -48.000 0.000 2.364 -38.675 0.000
3 16  3.165 -40.684 0.000 0.000 -48.000 0.000 2.710 -39.701 0.000
3 16  3.723 -41.612 0.000 0.000 -48.000 0.000 3.165 -40.684 0.000
3 16  4.378 -42.474 0.000 0.000 -48.000 0.000 3.723 -41.612 0.000
3 16  5.123 -43.260 0.000 0.000 -48.000 0.000 4.378 -42.474 0.000
3 16  5.948 -43.961 0.000 0.000 -48.000 0.000 5.123 -43.260 0.000
3 16  6.844 -44.569 0.000 0.000 -48.000 0.000 5.948 -43.961 0.000
3 16  7.801 -45.076 0.000 0.000 -48.000 0.000 6.844 -44.569 0.000
3 16  8.807 -45.477 0.000 0.000 -48.000 0.000 7.801 -45.076 0.000
3 16  9.850 -45.766 0.000 0.000 -48.000 0.000 8.807 -45.477 0.000
3 16  10.919 -45.941 0.000 0.000 -48.000 0.000 9.850 -45.766 0.000
3 16  12.000 -46.000 0.000 0.000 -48.000 0.000 10.919 -45.941 0.000
3 16  21.868 -34.382 0.000 36.000 -48.000 0.000 21.985 -35.459 0.000
3 16  21.636 -33.325 0.000 36.000 -48.000 0.000 21.868 -34.382 0.000
3 16  21.985 -11.459 0.000 36.000 0.000 0.000 21.985 -12.541 0.000
3 16  21.868 -10.382 0.000 36.000 0.000 0.000 21.985 -11.459 0.000
3 16  21.636 -9.325 0.000 36.000 0.000 0.000 21.868 -10.382 0.000
3 16  21.290 -8.299 0.000 36.000 0.000 0.000 21.636 -9.325 0.000
3 16  20.835 -7.316 0.000 36.000 0.000 0.000 21.290 -8.299 0.000
3 16  20.277 -6.388 0.000 36.000 0.000 0.000 20.835 -7.316 0.000
3 16  19.622 -5.526 0.000 36.000 0.000 0.000 20.277 -6.388 0.000
3 16  18.877 -4.740 0.000 36.000 0.000 0.000 19.622 -5.526 0.000
3 16  18.052 -4.039 0.000 36.000 0.000 0.000 18.877 -4.740 0.000
3 16  17.156 -3.431 0.000 36.000 0.000 0.000 18.052 -4.039 0.000
3 16  16.199 -2.924 0.000 36.000 0.000 0.000 17.156 -3.431 0.000
3 16  15.193 -2.523 0.000 36.000 0.000 0.000 16.199 -2.924 0.000
3 16  14.150 -2.234 0.000 36.000 0.000 0.000 15.193 -2.523 0.000
3 16  13.081 -2.059 0.000 36.000 0.000 0.000 14.150 -2.234 0.000
3 16  0.000 0.000 0.000 13.081 -2.059 0.000 12.000 -2.000 0.000
3 16  0.000 0.000 0.000 12.000 -2.000 0.000 10.919 -2.059 0.000
3 16  13.081 -2.059 0.000 0.000 0.000 0.000 36.000 0.000 0.000
3 16  9.850 -2.234 0.000 0.000 0.000 0.000 10.919 -2.059 0.000
3 16  8.807 -2.523 0.000 0.000 0.000 0.000 9.850 -2.234 0.000
3 16  7.801 -2.924 0.000 0.000 0.000 0.000 8.807 -2.523 0.000
3 16  6.844 -3.431 0.000 0.000 0.000 0.000 7.801 -2.924 0.000
3 16  5.948 -4.039 0.000 0.000 0.000 0.000 6.844 -3.431 0.000
3 16  5.123 -4.740 0.000 0.000 0.000 0.000 5.948 -4.039 0.000
3 16  4.378 -5.526 0.000 0.000 0.000 0.000 5.123 -4.740 0.000
3 16  3.723 -6.388 0.000 0.000 0.000 0.000 4.378 -5.526 0.000
3 16  3.165 -7.316 0.000 0.000 0.000 0.000 3.723 -6.388 0.000
3 16  2.710 -8.299 0.000 0.000 0.000 0.000 3.165 -7.316 0.000
3 16  2.364 -9.325 0.000 0.000 0.000 0.000 2.710 -8.299 0.000
3 16  2.132 -10.382 0.000 0.000 0.000 0.000 2.364 -9.325 0.000
3 16  2.015 -11.459 0.000 0.000 0.000 0.000 2.132 -10.382 0.000
3 16  2.015 -12.541 0.000 0.000 0.000 0.000 2.015 -11.459 0.000
3 16  21.868 -13.618 12.000 21.985 -35.459 12.000 21.985 -12.541 12.000
3 16  21.868 -13.618 12.000 21.868 -34.382 12.000 21.985 -35.459 12.000
3 16  21.636 -14.675 12.000 21.868 -34.382 12.000 21.868 -13.618 12.000
3 16  21.636 -14.675 12.000 21.636 -33.325 12.000 21.868 -34.382 12.000
3 16  21.290 -15.701 12.000 21.636 -33.325 12.000 21.636 -14.675 12.000
3 16  21.290 -15.701 12.000 21.290 -32.298 12.000 21.636 -33.325 12.000
3 16  20.835 -16.684 12.000 21.290 -32.298 12.000 21.290 -15.701 12.000
3 16  20.835 -16.684 12.000 20.835 -31.316 12.000 21.290 -32.298 12.000
3 16  20.277 -17.612 12.000 20.835 -31.316 12.000 20.835 -16.684 12.000
3 16  20.277 -17.612 12.000 20.277 -30.388 12.000 20.835 -31.316 12.000
3 16  19.622 -18.474 12.000 20.277 -30.388 12.000 20.277 -17.612 12.000
3 16  19.622 -18.474 12.000 19.622 -29.526 12.000 20.277 -30.388 12.000
3 16  18.877 -19.260 12.000 19.622 -29.526 12.000 19.622 -18.474 12.000
3 16  18.877 -19.260 12.000 18.877 -28.740 12.000 19.622 -29.526 12.000
3 16  18.052 -19.961 12.000 18.877 -28.740 12.000 18.877 -19.260 12.000
3 16  18.052 -19.961 12.000 18.052 -28.039 12.000 18.877 -28.740 12.000
3 16  17.156 -20.569 12.000 18.052 -28.039 12.000 18.052 -19.961 12.000
3 16  17.156 -20.569 12.000 17.156 -27.431 12.000 18.052 -28.039 12.000
3 16  16.199 -21.076 12.000 17.156 -27.431 12.000 17.156 -20.569 12.000
3 16  16.199 -21.076 12.000 16.199 -26.924 12.000 17.156 -27.431 12.000
3 16  15.193 -21.477 12.000 16.199 -26.924 12.000 16.199 -21.076 12.000
3 16  15.193 -21.477 12.000 15.193 -26.524 12.000 16.199 -26.924 12.000
3 16  14.150 -21.766 12.000 15.193 -26.524 12.000 15.193 -21.477 12.000
3 16  14.150 -21.766 12.000 14.150 -26.234 12.000 15.193 -26.524 12.000
3 16  13.081 -21.941 12.000 14.150 -26.234 12.000 14.150 -21.766 12.000
3 16  13.081 -21.941 12.000 13.081 -26.059 12.000 14.150 -26.234 12.000
3 16  12.000 -22.000 12.000 13.081 -26.059 12.000 13.081 -21.941 12.000
3 16  12.000 -22.000 12.000 12.000 -26.000 12.000 13.081 -26.059 12.000
3 16  10.919 -21.941 12.000 12.000 -26.000 12.000 12.000 -22.000 12.000
3 16  10.919 -21.941 12.000 10.919 -26.059 12.000 12.000 -26.000 12.000
3 16  9.850 -21.766 12.000 10.919 -26.059 12.000 10.919 -21.941 12.000
3 16  9.850 -21.766 12.000 9.850 -26.234 12.000 10.919 -26.059 12.000
3 16  8.807 -21.477 12.000 9.850 -26.234 12.000 9.850 -21.766 12.000
3 16  8.807 -21.477 12.000 8.807 -26.524 12.000 9.850 -26.234 12.000
3 16  7.801 -21.076 12.000 8.807 -26.524 12.000 8.807 -21.477 12.000
3 16  7.801 -21.076 12.000 7.801 -26.924 12.000 8.807 -26.524 12.000
3 16  6.844 -20.569 12.000 7.801 -26.924 12.000 7.801 -21.076 12.000
3 16  6.844 -20.569 12.000 6.844 -27.431 12.000 7.801 -26.924 12.000
3 16  5.948 -19.961 12.000 6.844 -27.431 12.000 6.844 -20.569 12.000
3 16  5.948 -19.961 12.000 5.948 -28.039 12.000 6.844 -27.431 12.000
3 16  5.123 -19.260 12.000 5.948 -28.039 12.000 5.948 -19.961 12.000
3 16  5.123 -19.260 12.000 5.123 -28.740 12.000 5.948 -28.039 12.000
3 16  4.378 -18.474 12.000 5.123 -28.740 12.000 5.123 -19.260 12.000
3 16  4.378 -18.474 12.000 4.378 -29.526 12.000 5.123 -28.740 12.000
3 16  3.723 -17.612 12.000 4.378 -29.526 12.000 4.378 -18.474 12.000
3 16  3.723 -17.612 12.000 3.723 -30.388 12.000 4.378 -29.526 12.000
3 16  3.165 -16.684 12.000 3.723 -30.388 12.000 3.723 -17.612 12.000
3 16  3.165 -16.684 12.000 3.165 -31.316 12.000 3.723 -30.388 12.000
3 16  2.710 -15.701 12.000 3.165 -31.316 12.000 3.165 -16.684 12.000
3 16  2.710 -15.701 12.000 2.710 -32.298 12.000 3.165 -31.316 12.000
3 16  2.364 -14.675 12.000 2.710 -32.298 12.000 2.710 -15.701 12.000
3 16  2.364 -14.675 12.000 2.364 -33.325 12.000 2.710 -32.298 12.000
3 16  2.132 -13.618 12.000 2.364 -33.325 12.000 2.364 -14.675 12.000
3 16  2.132 -13.618 12.000 2.132 -34.382 12.000 2.364 -33.325 12.000
3 16  2.015 -12.541 12.000 2.132 -34.382 12.000 2.132 -13.618 12.000
3 16  2.132 -34.382 12.000 2.015 -12.541 12.000 2.015 -35.459 12.000
3 16  21.985 -12.541 12.000 24.000 0.000 12.000 21.985 -11.459 12.000
3 16  24.000 0.000 12.000 21.868 -10.382 12.000 21.985 -11.459 12.000
3 16  24.000 0.000 12.000 21.636 -9.325 12.000 21.868 -10.382 12.000
3 16  24.000 0.000 12.000 21.290 -8.299 12.000 21.636 -9.325 12.000
3 16  24.000 0.000 12.000 20.835 -7.316 12.000 21.290 -8.299 12.000
3 16  24.000 0.000 12.000 20.277 -6.388 12.000 20.835 -7.316 12.000
3 16  24.000 0.000 12.000 19.622 -5.526 12.000 20.277 -6.388 12.000
3 16  24.000 0.000 12.000 18.877 -4.740 12.000 19.622 -5.526 12.000
3 16  24.000 0.000 12.000 18.052 -4.039 12.000 18.877 -4.740 12.000
3 16  24.000 0.000 12.000 17.156 -3.431 12.000 18.052 -4.039 12.000
3 16  24.000 0.000 12.000 16.199 -2.924 12.000 17.156 -3.431 12.000
3 16  24.000 0.000 12.000 15.193 -2.523 12.000 16.199 -2.924 12.000
3 16  24.000 0.000 12.000 14.150 -2.234 12.000 15.193 -2.523 12.000
3 16  24.000 0.000 12.000 13.081 -2.059 12.000 14.150 -2.234 12.000
3 16  24.000 0.000 12.000 12.000 -2.000 12.000 13.081 -2.059 12.000
3 16  0.000 0.000 12.000 12.000 -2.000 12.000 24.000 0.000 12.000
3 16  0.000 0.000 12.000 2.015 -12.541 12.000 2.015 -11.459 12.000
3 16  2.015 -12.541 12.000 0.000 0.000 12.000 2.015 -35.459 12.000
3 16  0.000 -48.000 12.000 2.015 -35.459 12.000 0.000 0.000 12.000
3 16  2.132 -10.382 12.000 0.000 0.000 12.000 2.015 -11.459 12.000
3 16  2.364 -9.325 12.000 0.000 0.000 12.000 2.132 -10.382 12.000
3 16  2.710 -8.299 12.000 0.000 0.000 12.000 2.364 -9.325 12.000
3 16  3.165 -7.316 12.000 0.000 0.000 12.000 2.710 -8.299 12.000
3 16  3.723 -6.388 12.000 0.000 0.000 12.000 3.165 -7.316 12.000
3 16  4.378 -5.526 12.000 0.000 0.000 12.000 3.723 -6.388 12.000
3 16  5.123 -4.740 12.000 0.000 0.000 12.000 4.378 -5.526 12.000
3 16  5.948 -4.039 12.000 0.000 0.000 12.000 5.123 -4.740 12.000
3 16  6.844 -3.431 12.000 0.000 0.000 12.000 5.948 -4.039 12.000
3 16  7.801 -2.924 12.000 0.000 0.000 12.000 6.844 -3.431 12.000
3 16  8.807 -2.523 12.000 0.000 0.000 12.000 7.801 -2.924 12.000
3 16  9.850 -2.234 12.000 0.000 0.000 12.000 8.807 -2.523 12.000
3 16  10.919 -2.059 12.000 0.000 0.000 12.000 9.850 -2.234 12.000
3 16  12.000 -2.000 12.000 0.000 0.000 12.000 10.919 -2.059 12.000
3 16  24.000 0.000 12.000 21.985 -12.541 12.000 24.000 -48.000 12.000
3 16  21.985 -35.459 12.000 24.000 -48.000 12.000 21.985 -12.541 12.000
3 16  21.985 -36.541 12.000 24.000 -48.000 12.000 21.985 -35.459 12.000
3 16  21.868 -37.618 12.000 24.000 -48.000 12.000 21.985 -36.541 12.000
3 16  21.636 -38.675 12.000 24.000 -48.000 12.000 21.868 -37.618 12.000
3 16  21.290 -39.701 12.000 24.000 -48.000 12.000 21.636 -38.675 12.000
3 16  20.835 -40.684 12.000 24.000 -48.000 12.000 21.290 -39.701 12.000
3 16  20.277 -41.612 12.000 24.000 -48.000 12.000 20.835 -40.684 12.000
3 16  19.622 -42.474 12.000 24.000 -48.000 12.000 20.277 -41.612 12.000
3 16  18.877 -43.260 12.000 24.000 -48.000 12.000 19.622 -42.474 12.000
3 16  18.052 -43.961 12.000 24.000 -48.000 12.000 18.877 -43.260 12.000
3 16  17.156 -44.569 12.000 24.000 -48.000 12.000 18.052 -43.961 12.000
3 16  16.199 -45.076 12.000 24.000 -48.000 12.000 17.156 -44.569 12.000
3 16  15.193 -45.477 12.000 24.000 -48.000 12.000 16.199 -45.076 12.000
3 16  14.150 -45.766 12.000 24.000 -48.000 12.000 15.193 -45.477 12.000
3 16  13.081 -45.941 12.000 24.000 -48.000 12.000 14.150 -45.766 12.000
3 16  12.000 -46.000 12.000 24.000 -48.000 12.000 13.081 -45.941 12.000
3 16  0.000 -48.000 12.000 12.000 -46.000 12.000 10.919 -45.941 12.000
3 16  12.000 -46.000 12.000 0.000 -48.000 12.000 24.000 -48.000 12.000
3 16  9.850 -45.766 12.000 0.000 -48.000 12.000 10.919 -45.941 12.000
3 16  8.807 -45.477 12.000 0.000 -48.000 12.000 9.850 -45.766 12.000
3 16  7.801 -45.076 12.000 0.000 -48.000 12.000 8.807 -45.477 12.000
3 16  6.844 -44.569 12.000 0.000 -48.000 12.000 7.801 -45.076 12.000
3 16  5.948 -43.961 12.000 0.000 -48.000 12.000 6.844 -44.569 12.000
3 16  5.123 -43.260 12.000 0.000 -48.000 12.000 5.948 -43.961 12.000
3 16  4.378 -42.474 12.000 0.000 -48.000 12.000 5.123 -43.260 12.000
3 16  3.723 -41.612 12.000 0.000 -48.000 12.000 4.378 -42.474 12.000
3 16  3.165 -40.684 12.000 0.000 -48.000 12.000 3.723 -41.612 12.000
3 16  2.710 -39.701 12.000 0.000 -48.000 12.000 3.165 -40.684 12.000
3 16  2.364 -38.675 12.000 0.000 -48.000 12.000 2.710 -39.701 12.000
3 16  2.132 -37.618 12.000 0.000 -48.000 12.000 2.364 -38.675 12.000
3 16  2.015 -36.541 12.000 0.000 -48.000 12.000 2.132 -37.618 12.000
3 16  2.015 -35.459 12.000 0.000 -48.000 12.000 2.015 -36.541 12.000
3 16  0.000 -48.000 0.000 0.000 0.000 12.000 0.000 0.000 0.000
3 16  0.000 0.000 12.000 0.000 -48.000 0.000 0.000 -48.000 12.000
3 16  13.720 -4.187 6.000 12.865 -4.047 6.000 13.081 -2.059 0.000
3 16  14.150 -2.234 0.000 13.720 -4.187 6.000 13.081 -2.059 0.000
3 16  14.554 -4.419 6.000 13.720 -4.187 6.000 14.150 -2.234 0.000
3 16  15.193 -2.523 0.000 14.554 -4.419 6.000 14.150 -2.234 0.000
3 16  15.359 -4.739 6.000 14.554 -4.419 6.000 15.193 -2.523 0.000
3 16  16.199 -2.924 0.000 15.359 -4.739 6.000 15.193 -2.523 0.000
3 16  16.124 -5.145 6.000 15.359 -4.739 6.000 16.199 -2.924 0.000
3 16  17.156 -3.431 0.000 16.124 -5.145 6.000 16.199 -2.924 0.000
3 16  16.841 -5.631 6.000 16.124 -5.145 6.000 17.156 -3.431 0.000
3 16  18.052 -4.039 0.000 16.841 -5.631 6.000 17.156 -3.431 0.000
3 16  17.502 -6.192 6.000 16.841 -5.631 6.000 18.052 -4.039 0.000
3 16  18.877 -4.740 0.000 17.502 -6.192 6.000 18.052 -4.039 0.000
3 16  18.097 -6.821 6.000 17.502 -6.192 6.000 18.877 -4.740 0.000
3 16  19.622 -5.526 0.000 18.097 -6.821 6.000 18.877 -4.740 0.000
3 16  18.622 -7.511 6.000 18.097 -6.821 6.000 19.622 -5.526 0.000
3 16  20.277 -6.388 0.000 18.622 -7.511 6.000 19.622 -5.526 0.000
3 16  19.068 -8.253 6.000 18.622 -7.511 6.000 20.277 -6.388 0.000
3 16  20.835 -7.316 0.000 19.068 -8.253 6.000 20.277 -6.388 0.000
3 16  19.432 -9.039 6.000 19.068 -8.253 6.000 20.835 -7.316 0.000
3 16  21.290 -8.299 0.000 19.432 -9.039 6.000 20.835 -7.316 0.000
3 16  19.708 -9.860 6.000 19.432 -9.039 6.000 21.290 -8.299 0.000
3 16  21.636 -9.325 0.000 19.708 -9.860 6.000 21.290 -8.299 0.000
3 16  19.895 -10.706 6.000 19.708 -9.860 6.000 21.636 -9.325 0.000
3 16  21.868 -10.382 0.000 19.895 -10.706 6.000 21.636 -9.325 0.000
3 16  19.988 -11.567 6.000 19.895 -10.706 6.000 21.868 -10.382 0.000
3 16  21.985 -11.459 0.000 19.988 -11.567 6.000 21.868 -10.382 0.000
3 16  21.985 -11.459 0.000 19.988 -12.433 6.000 19.988 -11.567 6.000
3 16  19.988 -12.433 6.000 21.985 -11.459 0.000 21.985 -12.541 0.000
3 16  21.985 -12.541 0.000 19.895 -13.294 6.000 19.988 -12.433 6.000
3 16  21.868 -13.618 0.000 19.895 -13.294 6.000 21.985 -12.541 0.000
3 16  21.868 -13.618 0.000 19.708 -14.140 6.000 19.895 -13.294 6.000
3 16  21.636 -14.675 0.000 19.708 -14.140 6.000 21.868 -13.618 0.000
3 16  21.636 -14.675 0.000 19.432 -14.961 6.000 19.708 -14.140 6.000
3 16  21.290 -15.701 0.000 19.432 -14.961 6.000 21.636 -14.675 0.000
3 16  21.290 -15.701 0.000 19.068 -15.747 6.000 19.432 -14.961 6.000
3 16  20.835 -16.684 0.000 19.068 -15.747 6.000 21.290 -15.701 0.000
3 16  20.835 -16.684 0.000 18.622 -16.489 6.000 19.068 -15.747 6.000
3 16  20.835 -16.684 0.000 20.277 -17.612 0.000 18.622 -16.489 6.000
3 16  20.277 -17.612 0.000 18.097 -17.179 6.000 18.622 -16.489 6.000
3 16  20.277 -17.612 0.000 19.622 -18.474 0.000 18.097 -17.179 6.000
3 16  19.622 -18.474 0.000 17.502 -17.808 6.000 18.097 -17.179 6.000
3 16  19.622 -18.474 0.000 18.877 -19.260 0.000 17.502 -17.808 6.000
3 16  18.877 -19.260 0.000 16.841 -18.369 6.000 17.502 -17.808 6.000
3 16  18.877 -19.260 0.000 18.052 -19.961 0.000 16.841 -18.369 6.000
3 16  18.052 -19.961 0.000 16.124 -18.855 6.000 16.841 -18.369 6.000
3 16  18.052 -19.961 0.000 17.156 -20.569 0.000 16.124 -18.855 6.000
3 16  17.156 -20.569 0.000 15.359 -19.261 6.000 16.124 -18.855 6.000
3 16  17.156 -20.569 0.000 16.199 -21.076 0.000 15.359 -19.261 6.000
3 16  16.199 -21.076 0.000 14.554 -19.581 6.000 15.359 -19.261 6.000
3 16  16.199 -21.076 0.000 15.193 -21.477 0.000 14.554 -19.581 6.000
3 16  15.193 -21.477 0.000 13.720 -19.813 6.000 14.554 -19.581 6.000
3 16  15.193 -21.477 0.000 14.150 -21.766 0.000 13.720 -19.813 6.000
3 16  14.150 -21.766 0.000 12.865 -19.953 6.000 13.720 -19.813 6.000
3 16  14.150 -21.766 0.000 13.081 -21.941 0.000 12.865 -19.953 6.000
3 16  13.081 -21.941 0.000 12.000 -20.000 6.000 12.865 -19.953 6.000
3 16  13.081 -21.941 0.000 12.000 -22.000 0.000 12.000 -20.000 6.000
3 16  12.000 -20.000 6.000 12.000 -22.000 0.000 11.135 -19.953 6.000
3 16  12.000 -22.000 0.000 10.919 -21.941 0.000 11.135 -19.953 6.000
3 16  11.135 -19.953 6.000 10.919 -21.941 0.000 10.280 -19.813 6.000
3 16  10.919 -21.941 0.000 9.850 -21.766 0.000 10.280 -19.813 6.000
3 16  10.280 -19.813 6.000 9.850 -21.766 0.000 9.446 -19.581 6.000
3 16  9.850 -21.766 0.000 8.807 -21.477 0.000 9.446 -19.581 6.000
3 16  9.446 -19.581 6.000 8.807 -21.477 0.000 8.641 -19.261 6.000
3 16  8.807 -21.477 0.000 7.801 -21.076 0.000 8.641 -19.261 6.000
3 16  8.641 -19.261 6.000 7.801 -21.076 0.000 7.876 -18.855 6.000
3 16  7.801 -21.076 0.000 6.844 -20.569 0.000 7.876 -18.855 6.000
3 16  7.876 -18.855 6.000 6.844 -20.569 0.000 7.159 -18.369 6.000
3 16  6.844 -20.569 0.000 5.948 -19.961 0.000 7.159 -18.369 6.000
3 16  7.159 -18.369 6.000 5.948 -19.961 0.000 6.498 -17.808 6.000
3 16  5.948 -19.961 0.000 5.123 -19.260 0.000 6.498 -17.808 6.000
3 16  6.498 -17.808 6.000 5.123 -19.260 0.000 5.903 -17.179 6.000
3 16  5.123 -19.260 0.000 4.378 -18.474 0.000 5.903 -17.179 6.000
3 16  5.903 -17.179 6.000 4.378 -18.474 0.000 5.378 -16.489 6.000
3 16  4.378 -18.474 0.000 3.723 -17.612 0.000 5.378 -16.489 6.000
3 16  5.378 -16.489 6.000 3.723 -17.612 0.000 4.932 -15.747 6.000
3 16  3.723 -17.612 0.000 3.165 -16.684 0.000 4.932 -15.747 6.000
3 16  4.932 -15.747 6.000 3.165 -16.684 0.000 4.568 -14.961 6.000
3 16  3.165 -16.684 0.000 2.710 -15.701 0.000 4.568 -14.961 6.000
3 16  4.568 -14.961 6.000 2.710 -15.701 0.000 4.292 -14.140 6.000
3 16  2.710 -15.701 0.000 2.364 -14.675 0.000 4.292 -14.140 6.000
3 16  4.292 -14.140 6.000 2.364 -14.675 0.000 4.105 -13.294 6.000
3 16  2.364 -14.675 0.000 2.132 -13.618 0.000 4.105 -13.294 6.000
3 16  4.105 -13.294 6.000 2.132 -13.618 0.000 4.012 -12.433 6.000
3 16  2.132 -13.618 0.000 2.015 -12.541 0.000 4.012 -12.433 6.000
3 16  4.012 -12.433 6.000 2.015 -11.459 0.000 4.012 -11.567 6.000
3 16  2.015 -11.459 0.000 4.012 -12.433 6.000 2.015 -12.541 0.000
3 16  4.012 -11.567 6.000 2.015 -11.459 0.000 4.105 -10.706 6.000
3 16  4.105 -10.706 6.000 2.015 -11.459 0.000 2.132 -10.382 0.000
3 16  4.105 -10.706 6.000 2.132 -10.382 0.000 4.292 -9.860 6.000
3 16  4.292 -9.860 6.000 2.132 -10.382 0.000 2.364 -9.325 0.000
3 16  4.292 -9.860 6.000 2.364 -9.325 0.000 4.568 -9.039 6.000
3 16  4.568 -9.039 6.000 2.364 -9.325 0.000 2.710 -8.299 0.000
3 16  4.568 -9.039 6.000 2.710 -8.299 0.000 4.932 -8.253 6.000
3 16  4.932 -8.253 6.000 2.710 -8.299 0.000 3.165 -7.316 0.000
3 16  5.378 -7.511 6.000 4.932 -8.253 6.000 3.165 -7.316 0.000
3 16  5.378 -7.511 6.000 3.165 -7.316 0.000 3.723 -6.388 0.000
3 16  5.903 -6.821 6.000 5.378 -7.511 6.000 3.723 -6.388 0.000
3 16  5.903 -6.821 6.000 3.723 -6.388 0.000 4.378 -5.526 0.000
3 16  6.498 -6.192 6.000 5.903 -6.821 6.000 4.378 -5.526 0.000
3 16  6.498 -6.192 6.000 4.378 -5.526 0.000 5.123 -4.740 0.000
3 16  7.159 -5.631 6.000 6.498 -6.192 6.000 5.123 -4.740 0.000
3 16  7.159 -5.631 6.000 5.123 -4.740 0.000 5.948 -4.039 0.000
3 16  7.876 -5.145 6.000 7.159 -5.631 6.000 5.948 -4.039 0.000
3 16  7.876 -5.145 6.000 5.948 -4.039 0.000 6.844 -3.431 0.000
3 16  8.641 -4.739 6.000 7.876 -5.145 6.000 6.844 -3.431 0.000
3 16  8.641 -4.739 6.000 6.844 -3.431 0.000 7.801 -2.924 0.000
3 16  9.446 -4.419 6.000 8.641 -4.739 6.000 7.801 -2.924 0.000
3 16  9.446 -4.419 6.000 7.801 -2.924 0.000 8.807 -2.523 0.000
3 16  10.280 -4.187 6.000 9.446 -4.419 6.000 8.807 -2.523 0.000
3 16  10.280 -4.187 6.000 8.807 -2.523 0.000 9.850 -2.234 0.000
3 16  11.135 -4.047 6.000 10.280 -4.187 6.000 9.850 -2.234 0.000
3 16  11.135 -4.047 6.000 9.850 -2.234 0.000 10.919 -2.059 0.000
3 16  12.000 -4.000 6.000 11.135 -4.047 6.000 10.919 -2.059 0.000
3 16  12.000 -4.000 6.000 10.919 -2.059 0.000 12.000 -2.000 0.000
3 16  12.865 -4.047 6.000 12.000 -4.000 6.000 12.000 -2.000 0.000
3 16  13.081 -2.059 0.000 12.865 -4.047 6.000 12.000 -2.000 0.000
3 16  12.865 -19.953 6.000 13.081 -21.941 12.000 13.720 -19.813 6.000
3 16  13.081 -21.941 12.000 14.150 -21.766 12.000 13.720 -19.813 6.000
3 16  13.720 -19.813 6.000 14.150 -21.766 12.000 14.554 -19.581 6.000
3 16  14.150 -21.766 12.000 15.193 -21.477 12.000 14.554 -19.581 6.000
3 16  14.554 -19.581 6.000 15.193 -21.477 12.000 15.359 -19.261 6.000
3 16  15.193 -21.477 12.000 16.199 -21.076 12.000 15.359 -19.261 6.000
3 16  15.359 -19.261 6.000 16.199 -21.076 12.000 16.124 -18.855 6.000
3 16  16.199 -21.076 12.000 17.156 -20.569 12.000 16.124 -18.855 6.000
3 16  16.124 -18.855 6.000 17.156 -20.569 12.000 16.841 -18.369 6.000
3 16  17.156 -20.569 12.000 18.052 -19.961 12.000 16.841 -18.369 6.000
3 16  16.841 -18.369 6.000 18.052 -19.961 12.000 17.502 -17.808 6.000
3 16  18.052 -19.961 12.000 18.877 -19.260 12.000 17.502 -17.808 6.000
3 16  17.502 -17.808 6.000 18.877 -19.260 12.000 18.097 -17.179 6.000
3 16  18.877 -19.260 12.000 19.622 -18.474 12.000 18.097 -17.179 6.000
3 16  18.097 -17.179 6.000 19.622 -18.474 12.000 18.622 -16.489 6.000
3 16  19.622 -18.474 12.000 20.277 -17.612 12.000 18.622 -16.489 6.000
3 16  18.622 -16.489 6.000 20.277 -17.612 12.000 19.068 -15.747 6.000
3 16  20.277 -17.612 12.000 20.835 -16.684 12.000 19.068 -15.747 6.000
3 16  19.068 -15.747 6.000 20.835 -16.684 12.000 19.432 -14.961 6.000
3 16  20.835 -16.684 12.000 21.290 -15.701 12.000 19.432 -14.961 6.000
3 16  19.432 -14.961 6.000 21.290 -15.701 12.000 19.708 -14.140 6.000
3 16  21.290 -15.701 12.000 21.636 -14.675 12.000 19.708 -14.140 6.000
3 16  19.708 -14.140 6.000 21.636 -14.675 12.000 19.895 -13.294 6.000
3 16  21.636 -14.675 12.000 21.868 -13.618 12.000 19.895 -13.294 6.000
3 16  19.895 -13.294 6.000 21.868 -13.618 12.000 19.988 -12.433 6.000
3 16  21.868 -13.618 12.000 21.985 -12.541 12.000 19.988 -12.433 6.000
3 16  19.988 -12.433 6.000 21.985 -11.459 12.000 19.988 -11.567 6.000
3 16  21.985 -11.459 12.000 19.988 -12.433 6.000 21.985 -12.541 12.000
3 16  19.988 -11.567 6.000 21.985 -11.459 12.000 19.895 -10.706 6.000
3 16  19.895 -10.706 6.000 21.985 -11.459 12.000 21.868 -10.382 12.000
3 16  19.895 -10.706 6.000 21.868 -10.382 12.000 19.708 -9.860 6.000
3 16  19.708 -9.860 6.000 21.868 -10.382 12.000 21.636 -9.325 12.000
3 16  19.708 -9.860 6.000 21.636 -9.325 12.000 19.432 -9.039 6.000
3 16  19.432 -9.039 6.000 21.636 -9.325 12.000 21.290 -8.299 12.000
3 16  19.432 -9.039 6.000 21.290 -8.299 12.000 19.068 -8.253 6.000
3 16  19.068 -8.253 6.000 21.290 -8.299 12.000 20.835 -7.316 12.000
3 16  18.622 -7.511 6.000 19.068 -8.253 6.000 20.835 -7.316 12.000
3 16  18.622 -7.511 6.000 20.835 -7.316 12.000 20.277 -6.388 12.000
3 16  18.097 -6.821 6.000 18.622 -7.511 6.000 20.277 -6.388 12.000
3 16  18.097 -6.821 6.000 20.277 -6.388 12.000 19.622 -5.526 12.000
3 16  17.502 -6.192 6.000 18.097 -6.821 6.000 19.622 -5.526 12.000
3 16  17.502 -6.192 6.000 19.622 -5.526 12.000 18.877 -4.740 12.000
3 16  16.841 -5.631 6.000 17.502 -6.192 6.000 18.877 -4.740 12.000
3 16  16.841 -5.631 6.000 18.877 -4.740 12.000 18.052 -4.039 12.000
3 16  16.124 -5.145 6.000 16.841 -5.631 6.000 18.052 -4.039 12.000
3 16  16.124 -5.145 6.000 18.052 -4.039 12.000 17.156 -3.431 12.000
3 16  15.359 -4.739 6.000 16.124 -5.145 6.000 17.156 -3.431 12.000
3 16  15.359 -4.739 6.000 17.156 -3.431 12.000 16.199 -2.924 12.000
3 16  14.554 -4.419 6.000 15.359 -4.739 6.000 16.199 -2.924 12.000
3 16  14.554 -4.419 6.000 16.199 -2.924 12.000 15.193 -2.523 12.000
3 16  13.720 -4.187 6.000 14.554 -4.419 6.000 15.193 -2.523 12.000
3 16  13.720 -4.187 6.000 15.193 -2.523 12.000 14.150 -2.234 12.000
3 16  12.865 -4.047 6.000 13.720 -4.187 6.000 14.150 -2.234 12.000
3 16  12.865 -4.047 6.000 14.150 -2.234 12.000 13.081 -2.059 12.000
3 16  12.000 -4.000 6.000 12.865 -4.047 6.000 13.081 -2.059 12.000
3 16  12.000 -4.000 6.000 13.081 -2.059 12.000 12.000 -2.000 12.000
3 16  11.135 -4.047 6.000 12.000 -4.000 6.000 12.000 -2.000 12.000
3 16  10.919 -2.059 12.000 11.135 -4.047 6.000 12.000 -2.000 12.000
3 16  10.280 -4.187 6.000 11.135 -4.047 6.000 10.919 -2.059 12.000
3 16  9.850 -2.234 12.000 10.280 -4.187 6.000 10.919 -2.059 12.000
3 16  9.446 -4.419 6.000 10.280 -4.187 6.000 9.850 -2.234 12.000
3 16  8.807 -2.523 12.000 9.446 -4.419 6.000 9.850 -2.234 12.000
3 16  8.641 -4.739 6.000 9.446 -4.419 6.000 8.807 -2.523 12.000
3 16  7.801 -2.924 12.000 8.641 -4.739 6.000 8.807 -2.523 12.000
3 16  7.876 -5.145 6.000 8.641 -4.739 6.000 7.801 -2.924 12.000
3 16  6.844 -3.431 12.000 7.876 -5.145 6.000 7.801 -2.924 12.000
3 16  7.159 -5.631 6.000 7.876 -5.145 6.000 6.844 -3.431 12.000
3 16  5.948 -4.039 12.000 7.159 -5.631 6.000 6.844 -3.431 12.000
3 16  6.498 -6.192 6.000 7.159 -5.631 6.000 5.948 -4.039 12.000
3 16  5.123 -4.740 12.000 6.498 -6.192 6.000 5.948 -4.039 12.000
3 16  5.903 -6.821 6.000 6.498 -6.192 6.000 5.123 -4.740 12.000
3 16  4.378 -5.526 12.000 5.903 -6.821 6.000 5.123 -4.740 12.000
3 16  5.378 -7.511 6.000 5.903 -6.821 6.000 4.378 -5.526 12.000
3 16  3.723 -6.388 12.000 5.378 -7.511 6.000 4.378 -5.526 12.000
3 16  4.932 -8.253 6.000 5.378 -7.511 6.000 3.723 -6.388 12.000
3 16  3.165 -7.316 12.000 4.932 -8.253 6.000 3.723 -6.388 12.000
3 16  4.568 -9.039 6.000 4.932 -8.253 6.000 3.165 -7.316 12.000
3 16  2.710 -8.299 12.000 4.568 -9.039 6.000 3.165 -7.316 12.000
3 16  4.292 -9.860 6.000 4.568 -9.039 6.000 2.710 -8.299 12.000
3 16  2.364 -9.325 12.000 4.292 -9.860 6.000 2.710 -8.299 12.000
3 16  4.105 -10.706 6.000 4.292 -9.860 6.000 2.364 -9.325 12.000
3 16  2.132 -10.382 12.000 4.105 -10.706 6.000 2.364 -9.325 12.000
3 16  4.012 -11.567 6.000 4.105 -10.706 6.000 2.132 -10.382 12.000
3 16  2.015 -11.459 12.000 4.012 -11.567 6.000 2.132 -10.382 12.000
3 16  2.015 -11.459 12.000 4.012 -12.433 6.000 4.012 -11.567 6.000
3 16  4.012 -12.433 6.000 2.015 -11.459 12.000 2.015 -12.541 12.000
3 16  2.015 -12.541 12.000 4.105 -13.294 6.000 4.012 -12.433 6.000
3 16  2.132 -13.618 12.000 4.105 -13.294 6.000 2.015 -12.541 12.000
3 16  2.132 -13.618 12.000 4.292 -14.140 6.000 4.105 -13.294 6.000
3 16  2.364 -14.675 12.000 4.292 -14.140 6.000 2.132 -13.618 12.000
3 16  2.364 -14.675 12.000 4.568 -14.961 6.000 4.292 -14.140 6.000
3 16  2.710 -15.701 12.000 4.568 -14.961 6.000 2.364 -14.675 12.000
3 16  2.710 -15.701 12.000 4.932 -15.747 6.000 4.568 -14.961 6.000
3 16  3.165 -16.684 12.000 4.932 -15.747 6.000 2.710 -15.701 12.000
3 16  3.165 -16.684 12.000 5.378 -16.489 6.000 4.932 -15.747 6.000
3 16  3.165 -16.684 12.000 3.723 -17.612 12.000 5.378 -16.489 6.000
3 16  3.723 -17.612 12.000 5.903 -17.179 6.000 5.378 -16.489 6.000
3 16  3.723 -17.612 12.000 4.378 -18.474 12.000 5.903 -17.179 6.000
3 16  4.378 -18.474 12.000 6.498 -17.808 6.000 5.903 -17.179 6.000
3 16  4.378 -18.474 12.000 5.123 -19.260 12.000 6.498 -17.808 6.000
3 16  5.123 -19.260 12.000 7.159 -18.369 6.000 6.498 -17.808 6.000
3 16  5.123 -19.260 12.000 5.948 -19.961 12.000 7.159 -18.369 6.000
3 16  5.948 -19.961 12.000 7.876 -18.855 6.000 7.159 -18.369 6.000
3 16  5.948 -19.961 12.000 6.844 -20.569 12.000 7.876 -18.855 6.000
3 16  6.844 -20.569 12.000 8.641 -19.261 6.000 7.876 -18.855 6.000
3 16  6.844 -20.569 12.000 7.801 -21.076 12.000 8.641 -19.261 6.000
3 16  7.801 -21.076 12.000 9.446 -19.581 6.000 8.641 -19.261 6.000
3 16  7.801 -21.076 12.000 8.807 -21.477 12.000 9.446 -19.581 6.000
3 16  8.807 -21.477 12.000 10.280 -19.813 6.000 9.446 -19.581 6.000
3 16  8.807 -21.477 12.000 9.850 -21.766 12.000 10.280 -19.813 6.000
3 16  9.850 -21.766 12.000 11.135 -19.953 6.000 10.280 -19.813 6.000
3 16  9.850 -21.766 12.000 10.919 -21.941 12.000 11.135 -19.953 6.000
3 16  10.919 -21.941 12.000 12.000 -20.000 6.000 11.135 -19.953 6.000
3 16  10.919 -21.941 12.000 12.000 -22.000 12.000 12.000 -20.000 6.000
3 16  12.000 -20.000 6.000 12.000 -22.000 12.000 12.865 -19.953 6.000
3 16  12.000 -22.000 12.000 13.081 -21.941 12.000 12.865 -19.953 6.000
3 16  36.000 -2.059 22.919 36.000 0.000 36.000 36.000 -2.000 24.000
3 16  36.000 0.000 36.000 36.000 -2.059 25.081 36.000 -2.000 24.000
3 16  36.000 0.000 36.000 36.000 -2.234 26.150 36.000 -2.059 25.081
3 16  36.000 0.000 36.000 36.000 -2.523 27.193 36.000 -2.234 26.150
3 16  36.000 0.000 36.000 36.000 -2.924 28.199 36.000 -2.523 27.193
3 16  36.000 0.000 36.000 36.000 -3.431 29.155 36.000 -2.924 28.199
3 16  36.000 0.000 36.000 36.000 -4.039 30.052 36.000 -3.431 29.155
3 16  36.000 0.000 36.000 36.000 -4.740 30.877 36.000 -4.039 30.052
3 16  36.000 0.000 36.000 36.000 -5.526 31.622 36.000 -4.740 30.877
3 16  36.000 0.000 36.000 36.000 -6.388 32.277 36.000 -5.526 31.622
3 16  36.000 0.000 36.000 36.000 -7.316 32.835 36.000 -6.388 32.277
3 16  36.000 0.000 36.000 36.000 -8.299 33.290 36.000 -7.316 32.835
3 16  36.000 0.000 36.000 36.000 -9.325 33.636 36.000 -8.299 33.290
3 16  36.000 0.000 36.000 36.000 -10.382 33.868 36.000 -9.325 33.636
3 16  36.000 0.000 36.000 36.000 -11.459 33.985 36.000 -10.382 33.868
3 16  36.000 0.000 36.000 36.000 -12.541 33.985 36.000 -11.459 33.985
3 16  36.000 -35.459 33.985 36.000 -12.541 33.985 36.000 0.000 36.000
3 16  36.000 -21.941 25.081 36.000 -26.000 24.000 36.000 -22.000 24.000
3 16  36.000 -26.059 25.081 36.000 -21.941 25.081 36.000 -21.766 26.150
3 16  36.000 -26.234 26.150 36.000 -21.766 26.150 36.000 -21.477 27.193
3 16  36.000 -26.524 27.193 36.000 -21.477 27.193 36.000 -21.076 28.199
3 16  36.000 -26.924 28.199 36.000 -21.076 28.199 36.000 -20.569 29.155
3 16  36.000 -27.431 29.155 36.000 -20.569 29.155 36.000 -19.961 30.052
3 16  36.000 -28.039 30.052 36.000 -19.961 30.052 36.000 -19.260 30.877
3 16  36.000 -21.941 25.081 36.000 -26.059 25.081 36.000 -26.000 24.000
3 16  36.000 -28.740 30.877 36.000 -19.260 30.877 36.000 -18.474 31.622
3 16  36.000 -21.766 26.150 36.000 -26.234 26.150 36.000 -26.059 25.081
3 16  36.000 -29.526 31.622 36.000 -18.474 31.622 36.000 -17.612 32.277
3 16  36.000 -21.477 27.193 36.000 -26.524 27.193 36.000 -26.234 26.150
3 16  36.000 -30.388 32.277 36.000 -17.612 32.277 36.000 -16.684 32.835
3 16  36.000 -21.076 28.199 36.000 -26.924 28.199 36.000 -26.524 27.193
3 16  36.000 -31.316 32.835 36.000 -16.684 32.835 36.000 -15.701 33.290
3 16  36.000 -20.569 29.155 36.000 -27.431 29.155 36.000 -26.924 28.199
3 16  36.000 -19.961 30.052 36.000 -28.039 30.052 36.000 -27.431 29.155
3 16  36.000 -32.298 33.290 36.000 -15.701 33.290 36.000 -14.675 33.636
3 16  36.000 -19.260 30.877 36.000 -28.740 30.877 36.000 -28.039 30.052
3 16  36.000 -33.325 33.636 36.000 -14.675 33.636 36.000 -13.618 33.868
3 16  36.000 -18.474 31.622 36.000 -29.526 31.622 36.000 -28.740 30.877
3 16  36.000 -12.541 33.985 36.000 -34.382 33.868 36.000 -13.618 33.868
3 16  36.000 -17.612 32.277 36.000 -30.388 32.277 36.000 -29.526 31.622
3 16  36.000 -16.684 32.835 36.000 -31.316 32.835 36.000 -30.388 32.277
3 16  36.000 -15.701 33.290 36.000 -32.298 33.290 36.000 -31.316 32.835
3 16  36.000 -14.675 33.636 36.000 -33.325 33.636 36.000 -32.298 33.290
3 16  36.000 -13.618 33.868 36.000 -34.382 33.868 36.000 -33.325 33.636
3 16  36.000 -12.541 33.985 36.000 -35.459 33.985 36.000 -34.382 33.868
3 16  36.000 -48.000 36.000 36.000 -35.459 33.985 36.000 0.000 36.000
3 16  36.000 -45.941 25.081 36.000 -48.000 36.000 36.000 -46.000 24.000
3 16  36.000 -45.766 26.150 36.000 -48.000 36.000 36.000 -45.941 25.081
3 16  36.000 -45.477 27.193 36.000 -48.000 36.000 36.000 -45.766 26.150
3 16  36.000 -45.076 28.199 36.000 -48.000 36.000 36.000 -45.477 27.193
3 16  36.000 -44.569 29.155 36.000 -48.000 36.000 36.000 -45.076 28.199
3 16  36.000 -43.961 30.052 36.000 -48.000 36.000 36.000 -44.569 29.155
3 16  36.000 -43.260 30.877 36.000 -48.000 36.000 36.000 -43.961 30.052
3 16  36.000 -42.474 31.622 36.000 -48.000 36.000 36.000 -43.260 30.877
3 16  36.000 -41.612 32.277 36.000 -48.000 36.000 36.000 -42.474 31.622
3 16  36.000 -40.684 32.835 36.000 -48.000 36.000 36.000 -41.612 32.277
3 16  36.000 -39.701 33.290 36.000 -48.000 36.000 36.000 -40.684 32.835
3 16  36.000 -38.675 33.636 36.000 -48.000 36.000 36.000 -39.701 33.290
3 16  36.000 -37.618 33.868 36.000 -48.000 36.000 36.000 -38.675 33.636
3 16  36.000 -36.541 33.985 36.000 -48.000 36.000 36.000 -37.618 33.868
3 16  36.000 -35.459 33.985 36.000 -48.000 36.000 36.000 -36.541 33.985
3 16  36.000 0.000 36.000 36.000 -2.059 22.919 36.000 0.000 0.000
3 16  36.000 -2.234 21.850 36.000 0.000 0.000 36.000 -2.059 22.919
3 16  36.000 -2.523 20.807 36.000 0.000 0.000 36.000 -2.234 21.850
3 16  36.000 -2.924 19.801 36.000 0.000 0.000 36.000 -2.523 20.807
3 16  36.000 -3.431 18.844 36.000 0.000 0.000 36.000 -2.924 19.801
3 16  36.000 -4.039 17.948 36.000 0.000 0.000 36.000 -3.431 18.844
3 16  36.000 -4.740 17.123 36.000 0.000 0.000 36.000 -4.039 17.948
3 16  36.000 -5.526 16.378 36.000 0.000 0.000 36.000 -4.740 17.123
3 16  36.000 -6.388 15.723 36.000 0.000 0.000 36.000 -5.526 16.378
3 16  36.000 -7.316 15.165 36.000 0.000 0.000 36.000 -6.388 15.723
3 16  36.000 -8.299 14.710 36.000 0.000 0.000 36.000 -7.316 15.165
3 16  36.000 -9.325 14.364 36.000 0.000 0.000 36.000 -8.299 14.710
3 16  36.000 -10.382 14.132 36.000 0.000 0.000 36.000 -9.325 14.364
3 16  36.000 -11.459 14.015 36.000 0.000 0.000 36.000 -10.382 14.132
3 16  36.000 -12.541 14.015 36.000 0.000 0.000 36.000 -11.459 14.015
3 16  36.000 -13.618 14.132 36.000 0.000 0.000 36.000 -12.541 14.015
3 16  36.000 -14.675 14.364 36.000 0.000 0.000 36.000 -13.618 14.132
3 16  36.000 -15.701 14.710 36.000 0.000 0.000 36.000 -14.675 14.364
3 16  36.000 -32.298 14.710 36.000 -15.701 14.710 36.000 -16.684 15.165
3 16  36.000 -31.316 15.165 36.000 -16.684 15.165 36.000 -17.612 15.723
3 16  36.000 -30.388 15.723 36.000 -17.612 15.723 36.000 -18.474 16.378
3 16  36.000 -26.000 24.000 36.000 -21.941 22.919 36.000 -22.000 24.000
3 16  36.000 -26.059 22.919 36.000 -21.941 22.919 36.000 -26.000 24.000
3 16  36.000 -21.941 22.919 36.000 -26.059 22.919 36.000 -21.766 21.850
3 16  36.000 -26.234 21.850 36.000 -21.766 21.850 36.000 -26.059 22.919
3 16  36.000 -21.766 21.850 36.000 -26.234 21.850 36.000 -21.477 20.807
3 16  36.000 -26.524 20.807 36.000 -21.477 20.807 36.000 -26.234 21.850
3 16  36.000 -21.477 20.807 36.000 -26.524 20.807 36.000 -21.076 19.801
3 16  36.000 -26.924 19.801 36.000 -21.076 19.801 36.000 -26.524 20.807
3 16  36.000 -21.076 19.801 36.000 -26.924 19.801 36.000 -20.569 18.844
3 16  36.000 -27.431 18.844 36.000 -20.569 18.844 36.000 -26.924 19.801
3 16  36.000 -20.569 18.844 36.000 -27.431 18.844 36.000 -19.961 17.948
3 16  36.000 -28.039 17.948 36.000 -19.961 17.948 36.000 -27.431 18.844
3 16  36.000 -19.961 17.948 36.000 -28.039 17.948 36.000 -19.260 17.123
3 16  36.000 -28.740 17.123 36.000 -19.260 17.123 36.000 -28.039 17.948
3 16  36.000 -19.260 17.123 36.000 -28.740 17.123 36.000 -18.474 16.378
3 16  36.000 -29.526 16.378 36.000 -18.474 16.378 36.000 -28.740 17.123
3 16  36.000 -30.388 15.723 36.000 -18.474 16.378 36.000 -29.526 16.378
3 16  36.000 -17.612 15.723 36.000 -30.388 15.723 36.000 -31.316 15.165
3 16  36.000 -16.684 15.165 36.000 -31.316 15.165 36.000 -32.298 14.710
3 16  36.000 -15.701 14.710 36.000 -32.298 14.710 36.000 0.000 0.000
3 16  36.000 -48.000 0.000 36.000 -32.298 14.710 36.000 -33.325 14.364
3 16  36.000 -48.000 0.000 36.000 -33.325 14.364 36.000 -34.382 14.132
3 16  36.000 -48.000 0.000 36.000 -34.382 14.132 36.000 -35.459 14.015
3 16  36.000 -48.000 0.000 36.000 -35.459 14.015 36.000 -36.541 14.015
3 16  36.000 -48.000 0.000 36.000 -36.541 14.015 36.000 -37.618 14.132
3 16  36.000 -48.000 0.000 36.000 -37.618 14.132 36.000 -38.675 14.364
3 16  36.000 -48.000 0.000 36.000 -38.675 14.364 36.000 -39.701 14.710
3 16  36.000 -48.000 36.000 36.000 -45.941 22.919 36.000 -46.000 24.000
3 16  36.000 -32.298 14.710 36.000 -48.000 0.000 36.000 0.000 0.000
3 16  36.000 -40.684 15.165 36.000 -48.000 0.000 36.000 -39.701 14.710
3 16  36.000 -41.612 15.723 36.000 -48.000 0.000 36.000 -40.684 15.165
3 16  36.000 -42.474 16.378 36.000 -48.000 0.000 36.000 -41.612 15.723
3 16  36.000 -43.260 17.123 36.000 -48.000 0.000 36.000 -42.474 16.378
3 16  36.000 -43.961 17.948 36.000 -48.000 0.000 36.000 -43.260 17.123
3 16  36.000 -44.569 18.844 36.000 -48.000 0.000 36.000 -43.961 17.948
3 16  36.000 -45.076 19.801 36.000 -48.000 0.000 36.000 -44.569 18.844
3 16  36.000 -45.477 20.807 36.000 -48.000 0.000 36.000 -45.076 19.801
3 16  36.000 -45.766 21.850 36.000 -48.000 0.000 36.000 -45.477 20.807
3 16  36.000 -45.941 22.919 36.000 -48.000 0.000 36.000 -45.766 21.850
3 16  36.000 -48.000 0.000 36.000 -45.941 22.919 36.000 -48.000 36.000
3 16  24.000 0.000 12.000 24.000 -2.000 24.000 24.000 0.000 36.000
3 16  24.000 0.000 12.000 24.000 -2.059 22.919 24.000 -2.000 24.000
3 16  24.000 0.000 12.000 24.000 -2.234 21.850 24.000 -2.059 22.919
3 16  24.000 0.000 12.000 24.000 -2.523 20.807 24.000 -2.234 21.850
3 16  24.000 0.000 12.000 24.000 -2.924 19.801 24.000 -2.523 20.807
3 16  24.000 0.000 12.000 24.000 -3.431 18.844 24.000 -2.924 19.801
3 16  24.000 0.000 12.000 24.000 -4.039 17.948 24.000 -3.431 18.844
3 16  24.000 0.000 12.000 24.000 -4.740 17.123 24.000 -4.039 17.948
3 16  24.000 0.000 12.000 24.000 -5.526 16.378 24.000 -4.740 17.123
3 16  24.000 0.000 12.000 24.000 -6.388 15.723 24.000 -5.526 16.378
3 16  24.000 0.000 12.000 24.000 -7.316 15.165 24.000 -6.388 15.723
3 16  24.000 0.000 12.000 24.000 -8.299 14.710 24.000 -7.316 15.165
3 16  24.000 0.000 12.000 24.000 -9.325 14.364 24.000 -8.299 14.710
3 16  24.000 0.000 12.000 24.000 -10.382 14.132 24.000 -9.325 14.364
3 16  24.000 0.000 12.000 24.000 -11.459 14.015 24.000 -10.382 14.132
3 16  24.000 0.000 12.000 24.000 -12.541 14.015 24.000 -11.459 14.015
3 16  24.000 -35.459 14.015 24.000 -12.541 14.015 24.000 0.000 12.000
3 16  24.000 -21.941 22.919 24.000 -26.000 24.000 24.000 -22.000 24.000
3 16  24.000 -26.059 22.919 24.000 -21.941 22.919 24.000 -21.766 21.850
3 16  24.000 -26.234 21.850 24.000 -21.766 21.850 24.000 -21.477 20.807
3 16  24.000 -26.524 20.807 24.000 -21.477 20.807 24.000 -21.076 19.801
3 16  24.000 -26.924 19.801 24.000 -21.076 19.801 24.000 -20.569 18.844
3 16  24.000 -27.431 18.844 24.000 -20.569 18.844 24.000 -19.961 17.948
3 16  24.000 -28.039 17.948 24.000 -19.961 17.948 24.000 -19.260 17.123
3 16  24.000 -21.941 22.919 24.000 -26.059 22.919 24.000 -26.000 24.000
3 16  24.000 -28.740 17.123 24.000 -19.260 17.123 24.000 -18.474 16.378
3 16  24.000 -21.766 21.850 24.000 -26.234 21.850 24.000 -26.059 22.919
3 16  24.000 -29.526 16.378 24.000 -18.474 16.378 24.000 -17.612 15.723
3 16  24.000 -21.477 20.807 24.000 -26.524 20.807 24.000 -26.234 21.850
3 16  24.000 -30.388 15.723 24.000 -17.612 15.723 24.000 -16.684 15.165
3 16  24.000 -21.076 19.801 24.000 -26.924 19.801 24.000 -26.524 20.807
3 16  24.000 -31.316 15.165 24.000 -16.684 15.165 24.000 -15.701 14.710
3 16  24.000 -20.569 18.844 24.000 -27.431 18.844 24.000 -26.924 19.801
3 16  24.000 -19.961 17.948 24.000 -28.039 17.948 24.000 -27.431 18.844
3 16  24.000 -32.298 14.710 24.000 -15.701 14.710 24.000 -14.675 14.364
3 16  24.000 -19.260 17.123 24.000 -28.740 17.123 24.000 -28.039 17.948
3 16  24.000 -33.325 14.364 24.000 -14.675 14.364 24.000 -13.618 14.132
3 16  24.000 -18.474 16.378 24.000 -29.526 16.378 24.000 -28.740 17.123
3 16  24.000 -12.541 14.015 24.000 -34.382 14.132 24.000 -13.618 14.132
3 16  24.000 -17.612 15.723 24.000 -30.388 15.723 24.000 -29.526 16.378
3 16  24.000 -16.684 15.165 24.000 -31.316 15.165 24.000 -30.388 15.723
3 16  24.000 -15.701 14.710 24.000 -32.298 14.710 24.000 -31.316 15.165
3 16  24.000 -14.675 14.364 24.000 -33.325 14.364 24.000 -32.298 14.710
3 16  24.000 -13.618 14.132 24.000 -34.382 14.132 24.000 -33.325 14.364
3 16  24.000 -12.541 14.015 24.000 -35.459 14.015 24.000 -34.382 14.132
3 16  24.000 -48.000 12.000 24.000 -35.459 14.015 24.000 0.000 12.000
3 16  24.000 -45.941 22.919 24.000 -48.000 12.000 24.000 -46.000 24.000
3 16  24.000 -45.766 21.850 24.000 -48.000 12.000 24.000 -45.941 22.919
3 16  24.000 -45.477 20.807 24.000 -48.000 12.000 24.000 -45.766 21.850
3 16  24.000 -45.076 19.801 24.000 -48.000 12.000 24.000 -45.477 20.807
3 16  24.000 -44.569 18.844 24.000 -48.000 12.000 24.000 -45.076 19.801
3 16  24.000 -43.961 17.948 24.000 -48.000 12.000 24.000 -44.569 18.844
3 16  24.000 -43.260 17.123 24.000 -48.000 12.000 24.000 -43.961 17.948
3 16  24.000 -42.474 16.378 24.000 -48.000 12.000 24.000 -43.260 17.123
3 16  24.000 -41.612 15.723 24.000 -48.000 12.000 24.000 -42.474 16.378
3 16  24.000 -40.684 15.165 24.000 -48.000 12.000 24.000 -41.612 15.723
3 16  24.000 -39.701 14.710 24.000 -48.000 12.000 24.000 -40.684 15.165
3 16  24.000 -38.675 14.364 24.000 -48.000 12.000 24.000 -39.701 14.710
3 16  24.000 -37.618 14.132 24.000 -48.000 12.000 24.000 -38.675 14.364
3 16  24.000 -36.541 14.015 24.000 -48.000 12.000 24.000 -37.618 14.132
3 16  24.000 -35.459 14.015 24.000 -48.000 12.000 24.000 -36.541 14.015
3 16  24.000 -2.059 25.081 24.000 0.000 36.000 24.000 -2.000 24.000
3 16  24.000 -2.234 26.150 24.000 0.000 36.000 24.000 -2.059 25.081
3 16  24.000 -2.523 27.193 24.000 0.000 36.000 24.000 -2.234 26.150
3 16  24.000 -2.924 28.199 24.000 0.000 36.000 24.000 -2.523 27.193
3 16  24.000 -3.431 29.155 24.000 0.000 36.000 24.000 -2.924 28.199
3 16  24.000 -4.039 30.052 24.000 0.000 36.000 24.000 -3.431 29.155
3 16  24.000 -4.740 30.877 24.000 0.000 36.000 24.000 -4.039 30.052
3 16  24.000 -5.526 31.622 24.000 0.000 36.000 24.000 -4.740 30.877
3 16  24.000 -6.388 32.277 24.000 0.000 36.000 24.000 -5.526 31.622
3 16  24.000 -7.316 32.835 24.000 0.000 36.000 24.000 -6.388 32.277
3 16  24.000 -8.299 33.290 24.000 0.000 36.000 24.000 -7.316 32.835
3 16  24.000 -9.325 33.636 24.000 0.000 36.000 24.000 -8.299 33.290
3 16  24.000 -10.382 33.868 24.000 0.000 36.000 24.000 -9.325 33.636
3 16  24.000 -11.459 33.985 24.000 0.000 36.000 24.000 -10.382 33.868
3 16  24.000 -12.541 33.985 24.000 0.000 36.000 24.000 -11.459 33.985
3 16  24.000 -34.382 33.868 24.000 -12.541 33.985 24.000 -13.618 33.868
3 16  24.000 -26.000 24.000 24.000 -21.941 25.081 24.000 -22.000 24.000
3 16  24.000 -26.059 25.081 24.000 -21.941 25.081 24.000 -26.000 24.000
3 16  24.000 -21.941 25.081 24.000 -26.059 25.081 24.000 -21.766 26.150
3 16  24.000 -26.234 26.150 24.000 -21.766 26.150 24.000 -26.059 25.081
3 16  24.000 -21.766 26.150 24.000 -26.234 26.150 24.000 -21.477 27.193
3 16  24.000 -26.524 27.193 24.000 -21.477 27.193 24.000 -26.234 26.150
3 16  24.000 -21.477 27.193 24.000 -26.524 27.193 24.000 -21.076 28.199
3 16  24.000 -26.924 28.199 24.000 -21.076 28.199 24.000 -26.524 27.193
3 16  24.000 -21.076 28.199 24.000 -26.924 28.199 24.000 -20.569 29.155
3 16  24.000 -27.431 29.155 24.000 -20.569 29.155 24.000 -26.924 28.199
3 16  24.000 -20.569 29.155 24.000 -27.431 29.155 24.000 -19.961 30.052
3 16  24.000 -28.039 30.052 24.000 -19.961 30.052 24.000 -27.431 29.155
3 16  24.000 -19.961 30.052 24.000 -28.039 30.052 24.000 -19.260 30.877
3 16  24.000 -28.740 30.877 24.000 -19.260 30.877 24.000 -28.039 30.052
3 16  24.000 -19.260 30.877 24.000 -28.740 30.877 24.000 -18.474 31.622
3 16  24.000 -29.526 31.622 24.000 -18.474 31.622 24.000 -28.740 30.877
3 16  24.000 -18.474 31.622 24.000 -29.526 31.622 24.000 -17.612 32.277
3 16  24.000 -30.388 32.277 24.000 -17.612 32.277 24.000 -29.526 31.622
3 16  24.000 -17.612 32.277 24.000 -30.388 32.277 24.000 -16.684 32.835
3 16  24.000 -31.316 32.835 24.000 -16.684 32.835 24.000 -30.388 32.277
3 16  24.000 -16.684 32.835 24.000 -31.316 32.835 24.000 -15.701 33.290
3 16  24.000 -32.298 33.290 24.000 -15.701 33.290 24.000 -31.316 32.835
3 16  24.000 -15.701 33.290 24.000 -32.298 33.290 24.000 -14.675 33.636
3 16  24.000 -33.325 33.636 24.000 -14.675 33.636 24.000 -32.298 33.290
3 16  24.000 -14.675 33.636 24.000 -33.325 33.636 24.000 -13.618 33.868
3 16  24.000 -34.382 33.868 24.000 -13.618 33.868 24.000 -33.325 33.636
3 16  24.000 -35.459 33.985 24.000 -12.541 33.985 24.000 -34.382 33.868
3 16  24.000 -12.541 33.985 24.000 -35.459 33.985 24.000 0.000 36.000
3 16  24.000 -48.000 36.000 24.000 -35.459 33.985 24.000 -36.541 33.985
3 16  24.000 -48.000 36.000 24.000 -46.000 24.000 24.000 -48.000 12.000
3 16  24.000 -35.459 33.985 24.000 -48.000 36.000 24.000 0.000 36.000
3 16  24.000 -37.618 33.868 24.000 -48.000 36.000 24.000 -36.541 33.985
3 16  24.000 -38.675 33.636 24.000 -48.000 36.000 24.000 -37.618 33.868
3 16  24.000 -39.701 33.290 24.000 -48.000 36.000 24.000 -38.675 33.636
3 16  24.000 -40.684 32.835 24.000 -48.000 36.000 24.000 -39.701 33.290
3 16  24.000 -41.612 32.277 24.000 -48.000 36.000 24.000 -40.684 32.835
3 16  24.000 -42.474 31.622 24.000 -48.000 36.000 24.000 -41.612 32.277
3 16  24.000 -43.260 30.877 24.000 -48.000 36.000 24.000 -42.474 31.622
3 16  24.000 -43.961 30.052 24.000 -48.000 36.000 24.000 -43.260 30.877
3 16  24.000 -44.569 29.155 24.000 -48.000 36.000 24.000 -43.961 30.052
3 16  24.000 -45.076 28.199 24.000 -48.000 36.000 24.000 -44.569 29.155
3 16  24.000 -45.477 27.193 24.000 -48.000 36.000 24.000 -45.076 28.199
3 16  24.000 -45.766 26.150 24.000 -48.000 36.000 24.000 -45.477 27.193
3 16  24.000 -45.941 25.081 24.000 -48.000 36.000 24.000 -45.766 26.150
3 16  24.000 -46.000 24.000 24.000 -48.000 36.000 24.000 -45.941 25.081
3 16  30.000 -4.187 25.720 30.000 -4.047 24.865 36.000 -2.059 25.081
3 16  36.000 -2.234 26.150 30.000 -4.187 25.720 36.000 -2.059 25.081
3 16  30.000 -4.419 26.555 30.000 -4.187 25.720 36.000 -2.234 26.150
3 16  36.000 -2.523 27.193 30.000 -4.419 26.555 36.000 -2.234 26.150
3 16  30.000 -4.739 27.359 30.000 -4.419 26.555 36.000 -2.523 27.193
3 16  36.000 -2.924 28.199 30.000 -4.739 27.359 36.000 -2.523 27.193
3 16  30.000 -5.145 28.125 30.000 -4.739 27.359 36.000 -2.924 28.199
3 16  36.000 -3.431 29.155 30.000 -5.145 28.125 36.000 -2.924 28.199
3 16  30.000 -5.631 28.841 30.000 -5.145 28.125 36.000 -3.431 29.155
3 16  36.000 -4.039 30.052 30.000 -5.631 28.841 36.000 -3.431 29.155
3 16  30.000 -6.192 29.502 30.000 -5.631 28.841 36.000 -4.039 30.052
3 16  36.000 -4.740 30.877 30.000 -6.192 29.502 36.000 -4.039 30.052
3 16  30.000 -6.821 30.097 30.000 -6.192 29.502 36.000 -4.740 30.877
3 16  36.000 -5.526 31.622 30.000 -6.821 30.097 36.000 -4.740 30.877
3 16  30.000 -7.511 30.621 30.000 -6.821 30.097 36.000 -5.526 31.622
3 16  36.000 -6.388 32.277 30.000 -7.511 30.621 36.000 -5.526 31.622
3 16  30.000 -8.253 31.068 30.000 -7.511 30.621 36.000 -6.388 32.277
3 16  36.000 -7.316 32.835 30.000 -8.253 31.068 36.000 -6.388 32.277
3 16  30.000 -9.039 31.432 30.000 -8.253 31.068 36.000 -7.316 32.835
3 16  36.000 -8.299 33.290 30.000 -9.039 31.432 36.000 -7.316 32.835
3 16  30.000 -9.860 31.709 30.000 -9.039 31.432 36.000 -8.299 33.290
3 16  36.000 -9.325 33.636 30.000 -9.860 31.709 36.000 -8.299 33.290
3 16  30.000 -10.706 31.895 30.000 -9.860 31.709 36.000 -9.325 33.636
3 16  36.000 -10.382 33.868 30.000 -10.706 31.895 36.000 -9.325 33.636
3 16  30.000 -11.567 31.988 30.000 -10.706 31.895 36.000 -10.382 33.868
3 16  36.000 -11.459 33.985 30.000 -11.567 31.988 36.000 -10.382 33.868
3 16  30.000 -12.433 31.988 36.000 -11.459 33.985 36.000 -12.541 33.985
3 16  36.000 -11.459 33.985 30.000 -12.433 31.988 30.000 -11.567 31.988
3 16  36.000 -12.541 33.985 30.000 -13.294 31.895 30.000 -12.433 31.988
3 16  36.000 -13.618 33.868 30.000 -13.294 31.895 36.000 -12.541 33.985
3 16  36.000 -13.618 33.868 30.000 -14.140 31.709 30.000 -13.294 31.895
3 16  36.000 -14.675 33.636 30.000 -14.140 31.709 36.000 -13.618 33.868
3 16  36.000 -14.675 33.636 30.000 -14.961 31.432 30.000 -14.140 31.709
3 16  36.000 -15.701 33.290 30.000 -14.961 31.432 36.000 -14.675 33.636
3 16  36.000 -15.701 33.290 30.000 -15.747 31.068 30.000 -14.961 31.432
3 16  36.000 -16.684 32.835 30.000 -15.747 31.068 36.000 -15.701 33.290
3 16  36.000 -16.684 32.835 30.000 -16.489 30.621 30.000 -15.747 31.068
3 16  36.000 -16.684 32.835 36.000 -17.612 32.277 30.000 -16.489 30.621
3 16  36.000 -17.612 32.277 30.000 -17.179 30.097 30.000 -16.489 30.621
3 16  36.000 -17.612 32.277 36.000 -18.474 31.622 30.000 -17.179 30.097
3 16  36.000 -18.474 31.622 30.000 -17.808 29.502 30.000 -17.179 30.097
3 16  36.000 -18.474 31.622 36.000 -19.260 30.877 30.000 -17.808 29.502
3 16  36.000 -19.260 30.877 30.000 -18.369 28.841 30.000 -17.808 29.502
3 16  36.000 -19.260 30.877 36.000 -19.961 30.052 30.000 -18.369 28.841
3 16  36.000 -19.961 30.052 30.000 -18.855 28.125 30.000 -18.369 28.841
3 16  36.000 -19.961 30.052 36.000 -20.569 29.155 30.000 -18.855 28.125
3 16  36.000 -20.569 29.155 30.000 -19.261 27.359 30.000 -18.855 28.125
3 16  36.000 -20.569 29.155 36.000 -21.076 28.199 30.000 -19.261 27.359
3 16  36.000 -21.076 28.199 30.000 -19.581 26.555 30.000 -19.261 27.359
3 16  36.000 -21.076 28.199 36.000 -21.477 27.193 30.000 -19.581 26.555
3 16  36.000 -21.477 27.193 30.000 -19.813 25.720 30.000 -19.581 26.555
3 16  36.000 -21.477 27.193 36.000 -21.766 26.150 30.000 -19.813 25.720
3 16  36.000 -21.766 26.150 30.000 -19.953 24.865 30.000 -19.813 25.720
3 16  36.000 -21.766 26.150 36.000 -21.941 25.081 30.000 -19.953 24.865
3 16  36.000 -21.941 25.081 30.000 -20.000 24.000 30.000 -19.953 24.865
3 16  36.000 -21.941 25.081 36.000 -22.000 24.000 30.000 -20.000 24.000
3 16  30.000 -20.000 24.000 36.000 -22.000 24.000 30.000 -19.953 23.135
3 16  36.000 -22.000 24.000 36.000 -21.941 22.919 30.000 -19.953 23.135
3 16  30.000 -19.953 23.135 36.000 -21.941 22.919 30.000 -19.813 22.280
3 16  36.000 -21.941 22.919 36.000 -21.766 21.850 30.000 -19.813 22.280
3 16  30.000 -19.813 22.280 36.000 -21.766 21.850 30.000 -19.581 21.446
3 16  36.000 -21.766 21.850 36.000 -21.477 20.807 30.000 -19.581 21.446
3 16  30.000 -19.581 21.446 36.000 -21.477 20.807 30.000 -19.261 20.641
3 16  36.000 -21.477 20.807 36.000 -21.076 19.801 30.000 -19.261 20.641
3 16  30.000 -19.261 20.641 36.000 -21.076 19.801 30.000 -18.855 19.876
3 16  36.000 -21.076 19.801 36.000 -20.569 18.844 30.000 -18.855 19.876
3 16  30.000 -18.855 19.876 36.000 -20.569 18.844 30.000 -18.369 19.159
3 16  36.000 -20.569 18.844 36.000 -19.961 17.948 30.000 -18.369 19.159
3 16  30.000 -18.369 19.159 36.000 -19.961 17.948 30.000 -17.808 18.498
3 16  36.000 -19.961 17.948 36.000 -19.260 17.123 30.000 -17.808 18.498
3 16  30.000 -17.808 18.498 36.000 -19.260 17.123 30.000 -17.179 17.903
3 16  36.000 -19.260 17.123 36.000 -18.474 16.378 30.000 -17.179 17.903
3 16  30.000 -17.179 17.903 36.000 -18.474 16.378 30.000 -16.489 17.378
3 16  36.000 -18.474 16.378 36.000 -17.612 15.723 30.000 -16.489 17.378
3 16  30.000 -16.489 17.378 36.000 -17.612 15.723 30.000 -15.747 16.932
3 16  36.000 -17.612 15.723 36.000 -16.684 15.165 30.000 -15.747 16.932
3 16  30.000 -15.747 16.932 36.000 -16.684 15.165 30.000 -14.961 16.568
3 16  36.000 -16.684 15.165 36.000 -15.701 14.710 30.000 -14.961 16.568
3 16  30.000 -14.961 16.568 36.000 -15.701 14.710 30.000 -14.140 16.292
3 16  36.000 -15.701 14.710 36.000 -14.675 14.364 30.000 -14.140 16.292
3 16  30.000 -14.140 16.292 36.000 -14.675 14.364 30.000 -13.294 16.105
3 16  36.000 -14.675 14.364 36.000 -13.618 14.132 30.000 -13.294 16.105
3 16  30.000 -13.294 16.105 36.000 -13.618 14.132 30.000 -12.433 16.012
3 16  36.000 -13.618 14.132 36.000 -12.541 14.015 30.000 -12.433 16.012
3 16  30.000 -11.567 16.012 36.000 -12.541 14.015 36.000 -11.459 14.015
3 16  36.000 -12.541 14.015 30.000 -11.567 16.012 30.000 -12.433 16.012
3 16  30.000 -11.567 16.012 36.000 -11.459 14.015 30.000 -10.706 16.105
3 16  30.000 -10.706 16.105 36.000 -11.459 14.015 36.000 -10.382 14.132
3 16  30.000 -10.706 16.105 36.000 -10.382 14.132 30.000 -9.860 16.292
3 16  30.000 -9.860 16.292 36.000 -10.382 14.132 36.000 -9.325 14.364
3 16  30.000 -9.860 16.292 36.000 -9.325 14.364 30.000 -9.039 16.568
3 16  30.000 -9.039 16.568 36.000 -9.325 14.364 36.000 -8.299 14.710
3 16  30.000 -9.039 16.568 36.000 -8.299 14.710 30.000 -8.253 16.932
3 16  30.000 -8.253 16.932 36.000 -8.299 14.710 36.000 -7.316 15.165
3 16  30.000 -7.511 17.378 30.000 -8.253 16.932 36.000 -7.316 15.165
3 16  30.000 -7.511 17.378 36.000 -7.316 15.165 36.000 -6.388 15.723
3 16  30.000 -6.821 17.903 30.000 -7.511 17.378 36.000 -6.388 15.723
3 16  30.000 -6.821 17.903 36.000 -6.388 15.723 36.000 -5.526 16.378
3 16  30.000 -6.192 18.498 30.000 -6.821 17.903 36.000 -5.526 16.378
3 16  30.000 -6.192 18.498 36.000 -5.526 16.378 36.000 -4.740 17.123
3 16  30.000 -5.631 19.159 30.000 -6.192 18.498 36.000 -4.740 17.123
3 16  30.000 -5.631 19.159 36.000 -4.740 17.123 36.000 -4.039 17.948
3 16  30.000 -5.145 19.876 30.000 -5.631 19.159 36.000 -4.039 17.948
3 16  30.000 -5.145 19.876 36.000 -4.039 17.948 36.000 -3.431 18.844
3 16  30.000 -4.739 20.641 30.000 -5.145 19.876 36.000 -3.431 18.844
3 16  30.000 -4.739 20.641 36.000 -3.431 18.844 36.000 -2.924 19.801
3 16  30.000 -4.419 21.446 30.000 -4.739 20.641 36.000 -2.924 19.801
3 16  30.000 -4.419 21.446 36.000 -2.924 19.801 36.000 -2.523 20.807
3 16  30.000 -4.187 22.280 30.000 -4.419 21.446 36.000 -2.523 20.807
3 16  30.000 -4.187 22.280 36.000 -2.523 20.807 36.000 -2.234 21.850
3 16  30.000 -4.047 23.135 30.000 -4.187 22.280 36.000 -2.234 21.850
3 16  30.000 -4.047 23.135 36.000 -2.234 21.850 36.000 -2.059 22.919
3 16  30.000 -4.000 24.000 30.000 -4.047 23.135 36.000 -2.059 22.919
3 16  30.000 -4.000 24.000 36.000 -2.059 22.919 36.000 -2.000 24.000
3 16  30.000 -4.047 24.865 30.000 -4.000 24.000 36.000 -2.000 24.000
3 16  36.000 -2.059 25.081 30.000 -4.047 24.865 36.000 -2.000 24.000
3 16  30.000 -19.953 24.865 24.000 -21.941 25.081 30.000 -19.813 25.720
3 16  24.000 -21.941 25.081 24.000 -21.766 26.150 30.000 -19.813 25.720
3 16  30.000 -19.813 25.720 24.000 -21.766 26.150 30.000 -19.581 26.555
3 16  24.000 -21.766 26.150 24.000 -21.477 27.193 30.000 -19.581 26.555
3 16  30.000 -19.581 26.555 24.000 -21.477 27.193 30.000 -19.261 27.359
3 16  24.000 -21.477 27.193 24.000 -21.076 28.199 30.000 -19.261 27.359
3 16  30.000 -19.261 27.359 24.000 -21.076 28.199 30.000 -18.855 28.125
3 16  24.000 -21.076 28.199 24.000 -20.569 29.155 30.000 -18.855 28.125
3 16  30.000 -18.855 28.125 24.000 -20.569 29.155 30.000 -18.369 28.841
3 16  24.000 -20.569 29.155 24.000 -19.961 30.052 30.000 -18.369 28.841
3 16  30.000 -18.369 28.841 24.000 -19.961 30.052 30.000 -17.808 29.502
3 16  24.000 -19.961 30.052 24.000 -19.260 30.877 30.000 -17.808 29.502
3 16  30.000 -17.808 29.502 24.000 -19.260 30.877 30.000 -17.179 30.097
3 16  24.000 -19.260 30.877 24.000 -18.474 31.622 30.000 -17.179 30.097
3 16  30.000 -17.179 30.097 24.000 -18.474 31.622 30.000 -16.489 30.621
3 16  24.000 -18.474 31.622 24.000 -17.612 32.277 30.000 -16.489 30.621
3 16  30.000 -16.489 30.621 24.000 -17.612 32.277 30.000 -15.747 31.068
3 16  24.000 -17.612 32.277 24.000 -16.684 32.835 30.000 -15.747 31.068
3 16  30.000 -15.747 31.068 24.000 -16.684 32.835 30.000 -14.961 31.432
3 16  24.000 -16.684 32.835 24.000 -15.701 33.290 30.000 -14.961 31.432
3 16  30.000 -14.961 31.432 24.000 -15.701 33.290 30.000 -14.140 31.709
3 16  24.000 -15.701 33.290 24.000 -14.675 33.636 30.000 -14.140 31.709
3 16  30.000 -14.140 31.709 24.000 -14.675 33.636 30.000 -13.294 31.895
3 16  24.000 -14.675 33.636 24.000 -13.618 33.868 30.000 -13.294 31.895
3 16  30.000 -13.294 31.895 24.000 -13.618 33.868 30.000 -12.433 31.988
3 16  24.000 -13.618 33.868 24.000 -12.541 33.985 30.000 -12.433 31.988
3 16  24.000 -12.541 33.985 30.000 -11.567 31.988 30.000 -12.433 31.988
3 16  30.000 -11.567 31.988 24.000 -12.541 33.985 24.000 -11.459 33.985
3 16  30.000 -11.567 31.988 24.000 -11.459 33.985 30.000 -10.706 31.895
3 16  30.000 -10.706 31.895 24.000 -11.459 33.985 24.000 -10.382 33.868
3 16  30.000 -10.706 31.895 24.000 -10.382 33.868 30.000 -9.860 31.709
3 16  30.000 -9.860 31.709 24.000 -10.382 33.868 24.000 -9.325 33.636
3 16  30.000 -9.860 31.709 24.000 -9.325 33.636 30.000 -9.039 31.432
3 16  30.000 -9.039 31.432 24.000 -9.325 33.636 24.000 -8.299 33.290
3 16  30.000 -9.039 31.432 24.000 -8.299 33.290 30.000 -8.253 31.068
3 16  30.000 -8.253 31.068 24.000 -8.299 33.290 24.000 -7.316 32.835
3 16  30.000 -7.511 30.621 30.000 -8.253 31.068 24.000 -7.316 32.835
3 16  30.000 -7.511 30.621 24.000 -7.316 32.835 24.000 -6.388 32.277
3 16  30.000 -6.821 30.097 30.000 -7.511 30.621 24.000 -6.388 32.277
3 16  30.000 -6.821 30.097 24.000 -6.388 32.277 24.000 -5.526 31.622
3 16  30.000 -6.192 29.502 30.000 -6.821 30.097 24.000 -5.526 31.622
3 16  30.000 -6.192 29.502 24.000 -5.526 31.622 24.000 -4.740 30.877
3 16  30.000 -5.631 28.841 30.000 -6.192 29.502 24.000 -4.740 30.877
3 16  30.000 -5.631 28.841 24.000 -4.740 30.877 24.000 -4.039 30.052
3 16  30.000 -5.145 28.125 30.000 -5.631 28.841 24.000 -4.039 30.052
3 16  30.000 -5.145 28.125 24.000 -4.039 30.052 24.000 -3.431 29.155
3 16  30.000 -4.739 27.359 30.000 -5.145 28.125 24.000 -3.431 29.155
3 16  30.000 -4.739 27.359 24.000 -3.431 29.155 24.000 -2.924 28.199
3 16  30.000 -4.419 26.555 30.000 -4.739 27.359 24.000 -2.924 28.199
3 16  30.000 -4.419 26.555 24.000 -2.924 28.199 24.000 -2.523 27.193
3 16  30.000 -4.187 25.720 30.000 -4.419 26.555 24.000 -2.523 27.193
3 16  30.000 -4.187 25.720 24.000 -2.523 27.193 24.000 -2.234 26.150
3 16  30.000 -4.047 24.865 30.000 -4.187 25.720 24.000 -2.234 26.150
3 16  30.000 -4.047 24.865 24.000 -2.234 26.150 24.000 -2.059 25.081
3 16  30.000 -4.000 24.000 30.000 -4.047 24.865 24.000 -2.059 25.081
3 16  30.000 -4.000 24.000 24.000 -2.059 25.081 24.000 -2.000 24.000
3 16  30.000 -4.047 23.135 30.000 -4.000 24.000 24.000 -2.000 24.000
3 16  24.000 -2.059 22.919 30.000 -4.047 23.135 24.000 -2.000 24.000
3 16  30.000 -4.187 22.280 30.000 -4.047 23.135 24.000 -2.059 22.919
3 16  24.000 -2.234 21.850 30.000 -4.187 22.280 24.000 -2.059 22.919
3 16  30.000 -4.419 21.446 30.000 -4.187 22.280 24.000 -2.234 21.850
3 16  24.000 -2.523 20.807 30.000 -4.419 21.446 24.000 -2.234 21.850
3 16  30.000 -4.739 20.641 30.000 -4.419 21.446 24.000 -2.523 20.807
3 16  24.000 -2.924 19.801 30.000 -4.739 20.641 24.000 -2.523 20.807
3 16  30.000 -5.145 19.876 30.000 -4.739 20.641 24.000 -2.924 19.801
3 16  24.000 -3.431 18.844 30.000 -5.145 19.876 24.000 -2.924 19.801
3 16  30.000 -5.631 19.159 30.000 -5.145 19.876 24.000 -3.431 18.844
3 16  24.000 -4.039 17.948 30.000 -5.631 19.159 24.000 -3.431 18.844
3 16  30.000 -6.192 18.498 30.000 -5.631 19.159 24.000 -4.039 17.948
3 16  24.000 -4.740 17.123 30.000 -6.192 18.498 24.000 -4.039 17.948
3 16  30.000 -6.821 17.903 30.000 -6.192 18.498 24.000 -4.740 17.123
3 16  24.000 -5.526 16.378 30.000 -6.821 17.903 24.000 -4.740 17.123
3 16  30.000 -7.511 17.378 30.000 -6.821 17.903 24.000 -5.526 16.378
3 16  24.000 -6.388 15.723 30.000 -7.511 17.378 24.000 -5.526 16.378
3 16  30.000 -8.253 16.932 30.000 -7.511 17.378 24.000 -6.388 15.723
3 16  24.000 -7.316 15.165 30.000 -8.253 16.932 24.000 -6.388 15.723
3 16  30.000 -9.039 16.568 30.000 -8.253 16.932 24.000 -7.316 15.165
3 16  24.000 -8.299 14.710 30.000 -9.039 16.568 24.000 -7.316 15.165
3 16  30.000 -9.860 16.292 30.000 -9.039 16.568 24.000 -8.299 14.710
3 16  24.000 -9.325 14.364 30.000 -9.860 16.292 24.000 -8.299 14.710
3 16  30.000 -10.706 16.105 30.000 -9.860 16.292 24.000 -9.325 14.364
3 16  24.000 -10.382 14.132 30.000 -10.706 16.105 24.000 -9.325 14.364
3 16  30.000 -11.567 16.012 30.000 -10.706 16.105 24.000 -10.382 14.132
3 16  24.000 -11.459 14.015 30.000 -11.567 16.012 24.000 -10.382 14.132
3 16  24.000 -11.459 14.015 30.000 -12.433 16.012 30.000 -11.567 16.012
3 16  30.000 -12.433 16.012 24.000 -11.459 14.015 24.000 -12.541 14.015
3 16  24.000 -12.541 14.015 30.000 -13.294 16.105 30.000 -12.433 16.012
3 16  24.000 -13.618 14.132 30.000 -13.294 16.105 24.000 -12.541 14.015
3 16  24.000 -13.618 14.132 30.000 -14.140 16.292 30.000 -13.294 16.105
3 16  24.000 -14.675 14.364 30.000 -14.140 16.292 24.000 -13.618 14.132
3 16  24.000 -14.675 14.364 30.000 -14.961 16.568 30.000 -14.140 16.292
3 16  24.000 -15.701 14.710 30.000 -14.961 16.568 24.000 -14.675 14.364
3 16  24.000 -15.701 14.710 30.000 -15.747 16.932 30.000 -14.961 16.568
3 16  24.000 -16.684 15.165 30.000 -15.747 16.932 24.000 -15.701 14.710
3 16  24.000 -16.684 15.165 30.000 -16.489 17.378 30.000 -15.747 16.932
3 16  24.000 -16.684 15.165 24.000 -17.612 15.723 30.000 -16.489 17.378
3 16  24.000 -17.612 15.723 30.000 -17.179 17.903 30.000 -16.489 17.378
3 16  24.000 -17.612 15.723 24.000 -18.474 16.378 30.000 -17.179 17.903
3 16  24.000 -18.474 16.378 30.000 -17.808 18.498 30.000 -17.179 17.903
3 16  24.000 -18.474 16.378 24.000 -19.260 17.123 30.000 -17.808 18.498
3 16  24.000 -19.260 17.123 30.000 -18.369 19.159 30.000 -17.808 18.498
3 16  24.000 -19.260 17.123 24.000 -19.961 17.948 30.000 -18.369 19.159
3 16  24.000 -19.961 17.948 30.000 -18.855 19.876 30.000 -18.369 19.159
3 16  24.000 -19.961 17.948 24.000 -20.569 18.844 30.000 -18.855 19.876
3 16  24.000 -20.569 18.844 30.000 -19.261 20.641 30.000 -18.855 19.876
3 16  24.000 -20.569 18.844 24.000 -21.076 19.801 30.000 -19.261 20.641
3 16  24.000 -21.076 19.801 30.000 -19.581 21.446 30.000 -19.261 20.641
3 16  24.000 -21.076 19.801 24.000 -21.477 20.807 30.000 -19.581 21.446
3 16  24.000 -21.477 20.807 30.000 -19.813 22.280 30.000 -19.581 21.446
3 16  24.000 -21.477 20.807 24.000 -21.766 21.850 30.000 -19.813 22.280
3 16  24.000 -21.766 21.850 30.000 -19.953 23.135 30.000 -19.813 22.280
3 16  24.000 -21.766 21.850 24.000 -21.941 22.919 30.000 -19.953 23.135
3 16  24.000 -21.941 22.919 30.000 -20.000 24.000 30.000 -19.953 23.135
3 16  24.000 -21.941 22.919 24.000 -22.000 24.000 30.000 -20.000 24.000
3 16  30.000 -20.000 24.000 24.000 -22.000 24.000 30.000 -19.953 24.865
3 16  24.000 -22.000 24.000 24.000 -21.941 25.081 30.000 -19.953 24.865
3 16  24.000 0.000 36.000 36.000 -48.000 36.000 36.000 0.000 36.000
3 16  36.000 -48.000 36.000 24.000 0.000 36.000 24.000 -48.000 36.000
3 16  13.720 -28.187 6.000 12.865 -28.047 6.000 13.081 -26.059 0.000
3 16  14.150 -26.234 0.000 13.720 -28.187 6.000 13.081 -26.059 0.000
3 16  14.554 -28.419 6.000 13.720 -28.187 6.000 14.150 -26.234 0.000
3 16  15.193 -26.524 0.000 14.554 -28.419 6.000 14.150 -26.234 0.000
3 16  15.359 -28.739 6.000 14.554 -28.419 6.000 15.193 -26.524 0.000
3 16  16.199 -26.924 0.000 15.359 -28.739 6.000 15.193 -26.524 0.000
3 16  16.124 -29.145 6.000 15.359 -28.739 6.000 16.199 -26.924 0.000
3 16  17.156 -27.431 0.000 16.124 -29.145 6.000 16.199 -26.924 0.000
3 16  16.841 -29.631 6.000 16.124 -29.145 6.000 17.156 -27.431 0.000
3 16  18.052 -28.039 0.000 16.841 -29.631 6.000 17.156 -27.431 0.000
3 16  17.502 -30.192 6.000 16.841 -29.631 6.000 18.052 -28.039 0.000
3 16  18.877 -28.740 0.000 17.502 -30.192 6.000 18.052 -28.039 0.000
3 16  18.097 -30.821 6.000 17.502 -30.192 6.000 18.877 -28.740 0.000
3 16  19.622 -29.526 0.000 18.097 -30.821 6.000 18.877 -28.740 0.000
3 16  18.622 -31.511 6.000 18.097 -30.821 6.000 19.622 -29.526 0.000
3 16  20.277 -30.388 0.000 18.622 -31.511 6.000 19.622 -29.526 0.000
3 16  19.068 -32.253 6.000 18.622 -31.511 6.000 20.277 -30.388 0.000
3 16  20.835 -31.316 0.000 19.068 -32.253 6.000 20.277 -30.388 0.000
3 16  19.432 -33.039 6.000 19.068 -32.253 6.000 20.835 -31.316 0.000
3 16  21.290 -32.298 0.000 19.432 -33.039 6.000 20.835 -31.316 0.000
3 16  19.708 -33.860 6.000 19.432 -33.039 6.000 21.290 -32.298 0.000
3 16  21.636 -33.325 0.000 19.708 -33.860 6.000 21.290 -32.298 0.000
3 16  19.895 -34.706 6.000 19.708 -33.860 6.000 21.636 -33.325 0.000
3 16  21.868 -34.382 0.000 19.895 -34.706 6.000 21.636 -33.325 0.000
3 16  19.988 -35.567 6.000 19.895 -34.706 6.000 21.868 -34.382 0.000
3 16  21.985 -35.459 0.000 19.988 -35.567 6.000 21.868 -34.382 0.000
3 16  21.985 -35.459 0.000 19.988 -36.433 6.000 19.988 -35.567 6.000
3 16  19.988 -36.433 6.000 21.985 -35.459 0.000 21.985 -36.541 0.000
3 16  21.985 -36.541 0.000 19.895 -37.294 6.000 19.988 -36.433 6.000
3 16  21.868 -37.618 0.000 19.895 -37.294 6.000 21.985 -36.541 0.000
3 16  21.868 -37.618 0.000 19.708 -38.140 6.000 19.895 -37.294 6.000
3 16  21.636 -38.675 0.000 19.708 -38.140 6.000 21.868 -37.618 0.000
3 16  21.636 -38.675 0.000 19.432 -38.961 6.000 19.708 -38.140 6.000
3 16  21.290 -39.701 0.000 19.432 -38.961 6.000 21.636 -38.675 0.000
3 16  21.290 -39.701 0.000 19.068 -39.747 6.000 19.432 -38.961 6.000
3 16  20.835 -40.684 0.000 19.068 -39.747 6.000 21.290 -39.701 0.000
3 16  20.835 -40.684 0.000 18.622 -40.489 6.000 19.068 -39.747 6.000
3 16  20.835 -40.684 0.000 20.277 -41.612 0.000 18.622 -40.489 6.000
3 16  20.277 -41.612 0.000 18.097 -41.179 6.000 18.622 -40.489 6.000
3 16  20.277 -41.612 0.000 19.622 -42.474 0.000 18.097 -41.179 6.000
3 16  19.622 -42.474 0.000 17.502 -41.808 6.000 18.097 -41.179 6.000
3 16  19.622 -42.474 0.000 18.877 -43.260 0.000 17.502 -41.808 6.000
3 16  18.877 -43.260 0.000 16.841 -42.369 6.000 17.502 -41.808 6.000
3 16  18.877 -43.260 0.000 18.052 -43.961 0.000 16.841 -42.369 6.000
3 16  18.052 -43.961 0.000 16.124 -42.855 6.000 16.841 -42.369 6.000
3 16  18.052 -43.961 0.000 17.156 -44.569 0.000 16.124 -42.855 6.000
3 16  17.156 -44.569 0.000 15.359 -43.261 6.000 16.124 -42.855 6.000
3 16  17.156 -44.569 0.000 16.199 -45.076 0.000 15.359 -43.261 6.000
3 16  16.199 -45.076 0.000 14.554 -43.581 6.000 15.359 -43.261 6.000
3 16  16.199 -45.076 0.000 15.193 -45.477 0.000 14.554 -43.581 6.000
3 16  15.193 -45.477 0.000 13.720 -43.813 6.000 14.554 -43.581 6.000
3 16  15.193 -45.477 0.000 14.150 -45.766 0.000 13.720 -43.813 6.000
3 16  14.150 -45.766 0.000 12.865 -43.953 6.000 13.720 -43.813 6.000
3 16  14.150 -45.766 0.000 13.081 -45.941 0.000 12.865 -43.953 6.000
3 16  13.081 -45.941 0.000 12.000 -44.000 6.000 12.865 -43.953 6.000
3 16  13.081 -45.941 0.000 12.000 -46.000 0.000 12.000 -44.000 6.000
3 16  12.000 -44.000 6.000 12.000 -46.000 0.000 11.135 -43.953 6.000
3 16  12.000 -46.000 0.000 10.919 -45.941 0.000 11.135 -43.953 6.000
3 16  11.135 -43.953 6.000 10.919 -45.941 0.000 10.280 -43.813 6.000
3 16  10.919 -45.941 0.000 9.850 -45.766 0.000 10.280 -43.813 6.000
3 16  10.280 -43.813 6.000 9.850 -45.766 0.000 9.446 -43.581 6.000
3 16  9.850 -45.766 0.000 8.807 -45.477 0.000 9.446 -43.581 6.000
3 16  9.446 -43.581 6.000 8.807 -45.477 0.000 8.641 -43.261 6.000
3 16  8.807 -45.477 0.000 7.801 -45.076 0.000 8.641 -43.261 6.000
3 16  8.641 -43.261 6.000 7.801 -45.076 0.000 7.876 -42.855 6.000
3 16  7.801 -45.076 0.000 6.844 -44.569 0.000 7.876 -42.855 6.000
3 16  7.876 -42.855 6.000 6.844 -44.569 0.000 7.159 -42.369 6.000
3 16  6.844 -44.569 0.000 5.948 -43.961 0.000 7.159 -42.369 6.000
3 16  7.159 -42.369 6.000 5.948 -43.961 0.000 6.498 -41.808 6.000
3 16  5.948 -43.961 0.000 5.123 -43.260 0.000 6.498 -41.808 6.000
3 16  6.498 -41.808 6.000 5.123 -43.260 0.000 5.903 -41.179 6.000
3 16  5.123 -43.260 0.000 4.378 -42.474 0.000 5.903 -41.179 6.000
3 16  5.903 -41.179 6.000 4.378 -42.474 0.000 5.378 -40.489 6.000
3 16  4.378 -42.474 0.000 3.723 -41.612 0.000 5.378 -40.489 6.000
3 16  5.378 -40.489 6.000 3.723 -41.612 0.000 4.932 -39.747 6.000
3 16  3.723 -41.612 0.000 3.165 -40.684 0.000 4.932 -39.747 6.000
3 16  4.932 -39.747 6.000 3.165 -40.684 0.000 4.568 -38.961 6.000
3 16  3.165 -40.684 0.000 2.710 -39.701 0.000 4.568 -38.961 6.000
3 16  4.568 -38.961 6.000 2.710 -39.701 0.000 4.292 -38.140 6.000
3 16  2.710 -39.701 0.000 2.364 -38.675 0.000 4.292 -38.140 6.000
3 16  4.292 -38.140 6.000 2.364 -38.675 0.000 4.105 -37.294 6.000
3 16  2.364 -38.675 0.000 2.132 -37.618 0.000 4.105 -37.294 6.000
3 16  4.105 -37.294 6.000 2.132 -37.618 0.000 4.012 -36.433 6.000
3 16  2.132 -37.618 0.000 2.015 -36.541 0.000 4.012 -36.433 6.000
3 16  4.012 -36.433 6.000 2.015 -35.459 0.000 4.012 -35.567 6.000
3 16  2.015 -35.459 0.000 4.012 -36.433 6.000 2.015 -36.541 0.000
3 16  4.012 -35.567 6.000 2.015 -35.459 0.000 4.105 -34.706 6.000
3 16  4.105 -34.706 6.000 2.015 -35.459 0.000 2.132 -34.382 0.000
3 16  4.105 -34.706 6.000 2.132 -34.382 0.000 4.292 -33.860 6.000
3 16  4.292 -33.860 6.000 2.132 -34.382 0.000 2.364 -33.325 0.000
3 16  4.292 -33.860 6.000 2.364 -33.325 0.000 4.568 -33.039 6.000
3 16  4.568 -33.039 6.000 2.364 -33.325 0.000 2.710 -32.298 0.000
3 16  4.568 -33.039 6.000 2.710 -32.298 0.000 4.932 -32.253 6.000
3 16  4.932 -32.253 6.000 2.710 -32.298 0.000 3.165 -31.316 0.000
3 16  5.378 -31.511 6.000 4.932 -32.253 6.000 3.165 -31.316 0.000
3 16  5.378 -31.511 6.000 3.165 -31.316 0.000 3.723 -30.388 0.000
3 16  5.903 -30.821 6.000 5.378 -31.511 6.000 3.723 -30.388 0.000
3 16  5.903 -30.821 6.000 3.723 -30.388 0.000 4.378 -29.526 0.000
3 16  6.498 -30.192 6.000 5.903 -30.821 6.000 4.378 -29.526 0.000
3 16  6.498 -30.192 6.000 4.378 -29.526 0.000 5.123 -28.740 0.000
3 16  7.159 -29.631 6.000 6.498 -30.192 6.000 5.123 -28.740 0.000
3 16  7.159 -29.631 6.000 5.123 -28.740 0.000 5.948 -28.039 0.000
3 16  7.876 -29.145 6.000 7.159 -29.631 6.000 5.948 -28.039 0.000
3 16  7.876 -29.145 6.000 5.948 -28.039 0.000 6.844 -27.431 0.000
3 16  8.641 -28.739 6.000 7.876 -29.145 6.000 6.844 -27.431 0.000
3 16  8.641 -28.739 6.000 6.844 -27.431 0.000 7.801 -26.924 0.000
3 16  9.446 -28.419 6.000 8.641 -28.739 6.000 7.801 -26.924 0.000
3 16  9.446 -28.419 6.000 7.801 -26.924 0.000 8.807 -26.524 0.000
3 16  10.280 -28.187 6.000 9.446 -28.419 6.000 8.807 -26.524 0.000
3 16  10.280 -28.187 6.000 8.807 -26.524 0.000 9.850 -26.234 0.000
3 16  11.135 -28.047 6.000 10.280 -28.187 6.000 9.850 -26.234 0.000
3 16  11.135 -28.047 6.000 9.850 -26.234 0.000 10.919 -26.059 0.000
3 16  12.000 -28.000 6.000 11.135 -28.047 6.000 10.919 -26.059 0.000
3 16  12.000 -28.000 6.000 10.919 -26.059 0.000 12.000 -26.000 0.000
3 16  12.865 -28.047 6.000 12.000 -28.000 6.000 12.000 -26.000 0.000
3 16  13.081 -26.059 0.000 12.865 -28.047 6.000 12.000 -26.000 0.000
3 16  12.865 -43.953 6.000 13.081 -45.941 12.000 13.720 -43.813 6.000
3 16  13.081 -45.941 12.000 14.150 -45.766 12.000 13.720 -43.813 6.000
3 16  13.720 -43.813 6.000 14.150 -45.766 12.000 14.554 -43.581 6.000
3 16  14.150 -45.766 12.000 15.193 -45.477 12.000 14.554 -43.581 6.000
3 16  14.554 -43.581 6.000 15.193 -45.477 12.000 15.359 -43.261 6.000
3 16  15.193 -45.477 12.000 16.199 -45.076 12.000 15.359 -43.261 6.000
3 16  15.359 -43.261 6.000 16.199 -45.076 12.000 16.124 -42.855 6.000
3 16  16.199 -45.076 12.000 17.156 -44.569 12.000 16.124 -42.855 6.000
3 16  16.124 -42.855 6.000 17.156 -44.569 12.000 16.841 -42.369 6.000
3 16  17.156 -44.569 12.000 18.052 -43.961 12.000 16.841 -42.369 6.000
3 16  16.841 -42.369 6.000 18.052 -43.961 12.000 17.502 -41.808 6.000
3 16  18.052 -43.961 12.000 18.877 -43.260 12.000 17.502 -41.808 6.000
3 16  17.502 -41.808 6.000 18.877 -43.260 12.000 18.097 -41.179 6.000
3 16  18.877 -43.260 12.000 19.622 -42.474 12.000 18.097 -41.179 6.000
3 16  18.097 -41.179 6.000 19.622 -42.474 12.000 18.622 -40.489 6.000
3 16  19.622 -42.474 12.000 20.277 -41.612 12.000 18.622 -40.489 6.000
3 16  18.622 -40.489 6.000 20.277 -41.612 12.000 19.068 -39.747 6.000
3 16  20.277 -41.612 12.000 20.835 -40.684 12.000 19.068 -39.747 6.000
3 16  19.068 -39.747 6.000 20.835 -40.684 12.000 19.432 -38.961 6.000
3 16  20.835 -40.684 12.000 21.290 -39.701 12.000 19.432 -38.961 6.000
3 16  19.432 -38.961 6.000 21.290 -39.701 12.000 19.708 -38.140 6.000
3 16  21.290 -39.701 12.000 21.636 -38.675 12.000 19.708 -38.140 6.000
3 16  19.708 -38.140 6.000 21.636 -38.675 12.000 19.895 -37.294 6.000
3 16  21.636 -38.675 12.000 21.868 -37.618 12.000 19.895 -37.294 6.000
3 16  19.895 -37.294 6.000 21.868 -37.618 12.000 19.988 -36.433 6.000
3 16  21.868 -37.618 12.000 21.985 -36.541 12.000 19.988 -36.433 6.000
3 16  19.988 -36.433 6.000 21.985 -35.459 12.000 19.988 -35.567 6.000
3 16  21.985 -35.459 12.000 19.988 -36.433 6.000 21.985 -36.541 12.000
3 16  19.988 -35.567 6.000 21.985 -35.459 12.000 19.895 -34.706 6.000
3 16  19.895 -34.706 6.000 21.985 -35.459 12.000 21.868 -34.382 12.000
3 16  19.895 -34.706 6.000 21.868 -34.382 12.000 19.708 -33.860 6.000
3 16  19.708 -33.860 6.000 21.868 -34.382 12.000 21.636 -33.325 12.000
3 16  19.708 -33.860 6.000 21.636 -33.325 12.000 19.432 -33.039 6.000
3 16  19.432 -33.039 6.000 21.636 -33.325 12.000 21.290 -32.298 12.000
3 16  19.432 -33.039 6.000 21.290 -32.298 12.000 19.068 -32.253 6.000
3 16  19.068 -32.253 6.000 21.290 -32.298 12.000 20.835 -31.316 12.000
3 16  18.622 -31.511 6.000 19.068 -32.253 6.000 20.835 -31.316 12.000
3 16  18.622 -31.511 6.000 20.835 -31.316 12.000 20.277 -30.388 12.000
3 16  18.097 -30.821 6.000 18.622 -31.511 6.000 20.277 -30.388 12.000
3 16  18.097 -30.821 6.000 20.277 -30.388 12.000 19.622 -29.526 12.000
3 16  17.502 -30.192 6.000 18.097 -30.821 6.000 19.622 -29.526 12.000
3 16  17.502 -30.192 6.000 19.622 -29.526 12.000 18.877 -28.740 12.000
3 16  16.841 -29.631 6.000 17.502 -30.192 6.000 18.877 -28.740 12.000
3 16  16.841 -29.631 6.000 18.877 -28.740 12.000 18.052 -28.039 12.000
3 16  16.124 -29.145 6.000 16.841 -29.631 6.000 18.052 -28.039 12.000
3 16  16.124 -29.145 6.000 18.052 -28.039 12.000 17.156 -27.431 12.000
3 16  15.359 -28.739 6.000 16.124 -29.145 6.000 17.156 -27.431 12.000
3 16  15.359 -28.739 6.000 17.156 -27.431 12.000 16.199 -26.924 12.000
3 16  14.554 -28.419 6.000 15.359 -28.739 6.000 16.199 -26.924 12.000
3 16  14.554 -28.419 6.000 16.199 -26.924 12.000 15.193 -26.524 12.000
3 16  13.720 -28.187 6.000 14.554 -28.419 6.000 15.193 -26.524 12.000
3 16  13.720 -28.187 6.000 15.193 -26.524 12.000 14.150 -26.234 12.000
3 16  12.865 -28.047 6.000 13.720 -28.187 6.000 14.150 -26.234 12.000
3 16  12.865 -28.047 6.000 14.150 -26.234 12.000 13.081 -26.059 12.000
3 16  12.000 -28.000 6.000 12.865 -28.047 6.000 13.081 -26.059 12.000
3 16  12.000 -28.000 6.000 13.081 -26.059 12.000 12.000 -26.000 12.000
3 16  11.135 -28.047 6.000 12.000 -28.000 6.000 12.000 -26.000 12.000
3 16  10.919 -26.059 12.000 11.135 -28.047 6.000 12.000 -26.000 12.000
3 16  10.280 -28.187 6.000 11.135 -28.047 6.000 10.919 -26.059 12.000
3 16  9.850 -26.234 12.000 10.280 -28.187 6.000 10.919 -26.059 12.000
3 16  9.446 -28.419 6.000 10.280 -28.187 6.000 9.850 -26.234 12.000
3 16  8.807 -26.524 12.000 9.446 -28.419 6.000 9.850 -26.234 12.000
3 16  8.641 -28.739 6.000 9.446 -28.419 6.000 8.807 -26.524 12.000
3 16  7.801 -26.924 12.000 8.641 -28.739 6.000 8.807 -26.524 12.000
3 16  7.876 -29.145 6.000 8.641 -28.739 6.000 7.801 -26.924 12.000
3 16  6.844 -27.431 12.000 7.876 -29.145 6.000 7.801 -26.924 12.000
3 16  7.159 -29.631 6.000 7.876 -29.145 6.000 6.844 -27.431 12.000
3 16  5.948 -28.039 12.000 7.159 -29.631 6.000 6.844 -27.431 12.000
3 16  6.498 -30.192 6.000 7.159 -29.631 6.000 5.948 -28.039 12.000
3 16  5.123 -28.740 12.000 6.498 -30.192 6.000 5.948 -28.039 12.000
3 16  5.903 -30.821 6.000 6.498 -30.192 6.000 5.123 -28.740 12.000
3 16  4.378 -29.526 12.000 5.903 -30.821 6.000 5.123 -28.740 12.000
3 16  5.378 -31.511 6.000 5.903 -30.821 6.000 4.378 -29.526 12.000
3 16  3.723 -30.388 12.000 5.378 -31.511 6.000 4.378 -29.526 12.000
3 16  4.932 -32.253 6.000 5.378 -31.511 6.000 3.723 -30.388 12.000
3 16  3.165 -31.316 12.000 4.932 -32.253 6.000 3.723 -30.388 12.000
3 16  4.568 -33.039 6.000 4.932 -32.253 6.000 3.165 -31.316 12.000
3 16  2.710 -32.298 12.000 4.568 -33.039 6.000 3.165 -31.316 12.000
3 16  4.292 -33.860 6.000 4.568 -33.039 6.000 2.710 -32.298 12.000
3 16  2.364 -33.325 12.000 4.292 -33.860 6.000 2.710 -32.298 12.000
3 16  4.105 -34.706 6.000 4.292 -33.860 6.000 2.364 -33.325 12.000
3 16  2.132 -34.382 12.000 4.105 -34.706 6.000 2.364 -33.325 12.000
3 16  4.012 -35.567 6.000 4.105 -34.706 6.000 2.132 -34.382 12.000
3 16  2.015 -35.459 12.000 4.012 -35.567 6.000 2.132 -34.382 12.000
3 16  2.015 -35.459 12.000 4.012 -36.433 6.000 4.012 -35.567 6.000
3 16  4.012 -36.433 6.000 2.015 -35.459 12.000 2.015 -36.541 12.000
3 16  2.015 -36.541 12.000 4.105 -37.294 6.000 4.012 -36.433 6.000
3 16  2.132 -37.618 12.000 4.105 -37.294 6.000 2.015 -36.541 12.000
3 16  2.132 -37.618 12.000 4.292 -38.140 6.000 4.105 -37.294 6.000
3 16  2.364 -38.675 12.000 4.292 -38.140 6.000 2.132 -37.618 12.000
3 16  2.364 -38.675 12.000 4.568 -38.961 6.000 4.292 -38.140 6.000
3 16  2.710 -39.701 12.000 4.568 -38.961 6.000 2.364 -38.675 12.000
3 16  2.710 -39.701 12.000 4.932 -39.747 6.000 4.568 -38.961 6.000
3 16  3.165 -40.684 12.000 4.932 -39.747 6.000 2.710 -39.701 12.000
3 16  3.165 -40.684 12.000 5.378 -40.489 6.000 4.932 -39.747 6.000
3 16  3.165 -40.684 12.000 3.723 -41.612 12.000 5.378 -40.489 6.000
3 16  3.723 -41.612 12.000 5.903 -41.179 6.000 5.378 -40.489 6.000
3 16  3.723 -41.612 12.000 4.378 -42.474 12.000 5.903 -41.179 6.000
3 16  4.378 -42.474 12.000 6.498 -41.808 6.000 5.903 -41.179 6.000
3 16  4.378 -42.474 12.000 5.123 -43.260 12.000 6.498 -41.808 6.000
3 16  5.123 -43.260 12.000 7.159 -42.369 6.000 6.498 -41.808 6.000
3 16  5.123 -43.260 12.000 5.948 -43.961 12.000 7.159 -42.369 6.000
3 16  5.948 -43.961 12.000 7.876 -42.855 6.000 7.159 -42.369 6.000
3 16  5.948 -43.961 12.000 6.844 -44.569 12.000 7.876 -42.855 6.000
3 16  6.844 -44.569 12.000 8.641 -43.261 6.000 7.876 -42.855 6.000
3 16  6.844 -44.569 12.000 7.801 -45.076 12.000 8.641 -43.261 6.000
3 16  7.801 -45.076 12.000 9.446 -43.581 6.000 8.641 -43.261 6.000
3 16  7.801 -45.076 12.000 8.807 -45.477 12.000 9.446 -43.581 6.000
3 16  8.807 -45.477 12.000 10.280 -43.813 6.000 9.446 -43.581 6.000
3 16  8.807 -45.477 12.000 9.850 -45.766 12.000 10.280 -43.813 6.000
3 16  9.850 -45.766 12.000 11.135 -43.953 6.000 10.280 -43.813 6.000
3 16  9.850 -45.766 12.000 10.919 -45.941 12.000 11.135 -43.953 6.000
3 16  10.919 -45.941 12.000 12.000 -44.000 6.000 11.135 -43.953 6.000
3 16  10.919 -45.941 12.000 12.000 -46.000 12.000 12.000 -44.000 6.000
3 16  12.000 -44.000 6.000 12.000 -46.000 12.000 12.865 -43.953 6.000
3 16  12.000 -46.000 12.000 13.081 -45.941 12.000 12.865 -43.953 6.000
3 16  0.000 -48.000 12.000 0.000 -48.000 0.000 24.000 -48.000 12.000
3 16  24.000 -48.000 12.000 36.000 -48.000 36.000 24.000 -48.000 36.000
3 16  24.000 -48.000 12.000 36.000 -48.000 0.000 36.000 -48.000 36.000
3 16  36.000 -48.000 0.000 24.000 -48.000 12.000 0.000 -48.000 0.000
3 16  30.000 -28.187 25.720 30.000 -28.047 24.865 36.000 -26.059 25.081
3 16  36.000 -26.234 26.150 30.000 -28.187 25.720 36.000 -26.059 25.081
3 16  30.000 -28.419 26.555 30.000 -28.187 25.720 36.000 -26.234 26.150
3 16  36.000 -26.524 27.193 30.000 -28.419 26.555 36.000 -26.234 26.150
3 16  30.000 -28.739 27.359 30.000 -28.419 26.555 36.000 -26.524 27.193
3 16  36.000 -26.924 28.199 30.000 -28.739 27.359 36.000 -26.524 27.193
3 16  30.000 -29.145 28.125 30.000 -28.739 27.359 36.000 -26.924 28.199
3 16  36.000 -27.431 29.155 30.000 -29.145 28.125 36.000 -26.924 28.199
3 16  30.000 -29.631 28.841 30.000 -29.145 28.125 36.000 -27.431 29.155
3 16  36.000 -28.039 30.052 30.000 -29.631 28.841 36.000 -27.431 29.155
3 16  30.000 -30.192 29.502 30.000 -29.631 28.841 36.000 -28.039 30.052
3 16  36.000 -28.740 30.877 30.000 -30.192 29.502 36.000 -28.039 30.052
3 16  30.000 -30.821 30.097 30.000 -30.192 29.502 36.000 -28.740 30.877
3 16  36.000 -29.526 31.622 30.000 -30.821 30.097 36.000 -28.740 30.877
3 16  30.000 -31.511 30.621 30.000 -30.821 30.097 36.000 -29.526 31.622
3 16  36.000 -30.388 32.277 30.000 -31.511 30.621 36.000 -29.526 31.622
3 16  30.000 -32.253 31.068 30.000 -31.511 30.621 36.000 -30.388 32.277
3 16  36.000 -31.316 32.835 30.000 -32.253 31.068 36.000 -30.388 32.277
3 16  30.000 -33.039 31.432 30.000 -32.253 31.068 36.000 -31.316 32.835
3 16  36.000 -32.298 33.290 30.000 -33.039 31.432 36.000 -31.316 32.835
3 16  30.000 -33.860 31.709 30.000 -33.039 31.432 36.000 -32.298 33.290
3 16  36.000 -33.325 33.636 30.000 -33.860 31.709 36.000 -32.298 33.290
3 16  30.000 -34.706 31.895 30.000 -33.860 31.709 36.000 -33.325 33.636
3 16  36.000 -34.382 33.868 30.000 -34.706 31.895 36.000 -33.325 33.636
3 16  30.000 -35.567 31.988 30.000 -34.706 31.895 36.000 -34.382 33.868
3 16  36.000 -35.459 33.985 30.000 -35.567 31.988 36.000 -34.382 33.868
3 16  30.000 -36.433 31.988 36.000 -35.459 33.985 36.000 -36.541 33.985
3 16  36.000 -35.459 33.985 30.000 -36.433 31.988 30.000 -35.567 31.988
3 16  36.000 -36.541 33.985 30.000 -37.294 31.895 30.000 -36.433 31.988
3 16  36.000 -37.618 33.868 30.000 -37.294 31.895 36.000 -36.541 33.985
3 16  36.000 -37.618 33.868 30.000 -38.140 31.709 30.000 -37.294 31.895
3 16  36.000 -38.675 33.636 30.000 -38.140 31.709 36.000 -37.618 33.868
3 16  36.000 -38.675 33.636 30.000 -38.961 31.432 30.000 -38.140 31.709
3 16  36.000 -39.701 33.290 30.000 -38.961 31.432 36.000 -38.675 33.636
3 16  36.000 -39.701 33.290 30.000 -39.747 31.068 30.000 -38.961 31.432
3 16  36.000 -40.684 32.835 30.000 -39.747 31.068 36.000 -39.701 33.290
3 16  36.000 -40.684 32.835 30.000 -40.489 30.621 30.000 -39.747 31.068
3 16  36.000 -40.684 32.835 36.000 -41.612 32.277 30.000 -40.489 30.621
3 16  36.000 -41.612 32.277 30.000 -41.179 30.097 30.000 -40.489 30.621
3 16  36.000 -41.612 32.277 36.000 -42.474 31.622 30.000 -41.179 30.097
3 16  36.000 -42.474 31.622 30.000 -41.808 29.502 30.000 -41.179 30.097
3 16  36.000 -42.474 31.622 36.000 -43.260 30.877 30.000 -41.808 29.502
3 16  36.000 -43.260 30.877 30.000 -42.369 28.841 30.000 -41.808 29.502
3 16  36.000 -43.260 30.877 36.000 -43.961 30.052 30.000 -42.369 28.841
3 16  36.000 -43.961 30.052 30.000 -42.855 28.125 30.000 -42.369 28.841
3 16  36.000 -43.961 30.052 36.000 -44.569 29.155 30.000 -42.855 28.125
3 16  36.000 -44.569 29.155 30.000 -43.261 27.359 30.000 -42.855 28.125
3 16  36.000 -44.569 29.155 36.000 -45.076 28.199 30.000 -43.261 27.359
3 16  36.000 -45.076 28.199 30.000 -43.581 26.555 30.000 -43.261 27.359
3 16  36.000 -45.076 28.199 36.000 -45.477 27.193 30.000 -43.581 26.555
3 16  36.000 -45.477 27.193 30.000 -43.813 25.720 30.000 -43.581 26.555
3 16  36.000 -45.477 27.193 36.000 -45.766 26.150 30.000 -43.813 25.720
3 16  36.000 -45.766 26.150 30.000 -43.953 24.865 30.000 -43.813 25.720
3 16  36.000 -45.766 26.150 36.000 -45.941 25.081 30.000 -43.953 24.865
3 16  36.000 -45.941 25.081 30.000 -44.000 24.000 30.000 -43.953 24.865
3 16  36.000 -45.941 25.081 36.000 -46.000 24.000 30.000 -44.000 24.000
3 16  30.000 -44.000 24.000 36.000 -46.000 24.000 30.000 -43.953 23.135
3 16  36.000 -46.000 24.000 36.000 -45.941 22.919 30.000 -43.953 23.135
3 16  30.000 -43.953 23.135 36.000 -45.941 22.919 30.000 -43.813 22.280
3 16  36.000 -45.941 22.919 36.000 -45.766 21.850 30.000 -43.813 22.280
3 16  30.000 -43.813 22.280 36.000 -45.766 21.850 30.000 -43.581 21.446
3 16  36.000 -45.766 21.850 36.000 -45.477 20.807 30.000 -43.581 21.446
3 16  30.000 -43.581 21.446 36.000 -45.477 20.807 30.000 -43.261 20.641
3 16  36.000 -45.477 20.807 36.000 -45.076 19.801 30.000 -43.261 20.641
3 16  30.000 -43.261 20.641 36.000 -45.076 19.801 30.000 -42.855 19.876
3 16  36.000 -45.076 19.801 36.000 -44.569 18.844 30.000 -42.855 19.876
3 16  30.000 -42.855 19.876 36.000 -44.569 18.844 30.000 -42.369 19.159
3 16  36.000 -44.569 18.844 36.000 -43.961 17.948 30.000 -42.369 19.159
3 16  30.000 -42.369 19.159 36.000 -43.961 17.948 30.000 -41.808 18.498
3 16  36.000 -43.961 17.948 36.000 -43.260 17.123 30.000 -41.808 18.498
3 16  30.000 -41.808 18.498 36.000 -43.260 17.123 30.000 -41.179 17.903
3 16  36.000 -43.260 17.123 36.000 -42.474 16.378 30.000 -41.179 17.903
3 16  30.000 -41.179 17.903 36.000 -42.474 16.378 30.000 -40.489 17.378
3 16  36.000 -42.474 16.378 36.000 -41.612 15.723 30.000 -40.489 17.378
3 16  30.000 -40.489 17.378 36.000 -41.612 15.723 30.000 -39.747 16.932
3 16  36.000 -41.612 15.723 36.000 -40.684 15.165 30.000 -39.747 16.932
3 16  30.000 -39.747 16.932 36.000 -40.684 15.165 30.000 -38.961 16.568
3 16  36.000 -40.684 15.165 36.000 -39.701 14.710 30.000 -38.961 16.568
3 16  30.000 -38.961 16.568 36.000 -39.701 14.710 30.000 -38.140 16.292
3 16  36.000 -39.701 14.710 36.000 -38.675 14.364 30.000 -38.140 16.292
3 16  30.000 -38.140 16.292 36.000 -38.675 14.364 30.000 -37.294 16.105
3 16  36.000 -38.675 14.364 36.000 -37.618 14.132 30.000 -37.294 16.105
3 16  30.000 -37.294 16.105 36.000 -37.618 14.132 30.000 -36.433 16.012
3 16  36.000 -37.618 14.132 36.000 -36.541 14.015 30.000 -36.433 16.012
3 16  30.000 -35.567 16.012 36.000 -36.541 14.015 36.000 -35.459 14.015
3 16  36.000 -36.541 14.015 30.000 -35.567 16.012 30.000 -36.433 16.012
3 16  30.000 -35.567 16.012 36.000 -35.459 14.015 30.000 -34.706 16.105
3 16  30.000 -34.706 16.105 36.000 -35.459 14.015 36.000 -34.382 14.132
3 16  30.000 -34.706 16.105 36.000 -34.382 14.132 30.000 -33.860 16.292
3 16  30.000 -33.860 16.292 36.000 -34.382 14.132 36.000 -33.325 14.364
3 16  30.000 -33.860 16.292 36.000 -33.325 14.364 30.000 -33.039 16.568
3 16  30.000 -33.039 16.568 36.000 -33.325 14.364 36.000 -32.298 14.710
3 16  30.000 -33.039 16.568 36.000 -32.298 14.710 30.000 -32.253 16.932
3 16  30.000 -32.253 16.932 36.000 -32.298 14.710 36.000 -31.316 15.165
3 16  30.000 -31.511 17.378 30.000 -32.253 16.932 36.000 -31.316 15.165
3 16  30.000 -31.511 17.378 36.000 -31.316 15.165 36.000 -30.388 15.723
3 16  30.000 -30.821 17.903 30.000 -31.511 17.378 36.000 -30.388 15.723
3 16  30.000 -30.821 17.903 36.000 -30.388 15.723 36.000 -29.526 16.378
3 16  30.000 -30.192 18.498 30.000 -30.821 17.903 36.000 -29.526 16.378
3 16  30.000 -30.192 18.498 36.000 -29.526 16.378 36.000 -28.740 17.123
3 16  30.000 -29.631 19.159 30.000 -30.192 18.498 36.000 -28.740 17.123
3 16  30.000 -29.631 19.159 36.000 -28.740 17.123 36.000 -28.039 17.948
3 16  30.000 -29.145 19.876 30.000 -29.631 19.159 36.000 -28.039 17.948
3 16  30.000 -29.145 19.876 36.000 -28.039 17.948 36.000 -27.431 18.844
3 16  30.000 -28.739 20.641 30.000 -29.145 19.876 36.000 -27.431 18.844
3 16  30.000 -28.739 20.641 36.000 -27.431 18.844 36.000 -26.924 19.801
3 16  30.000 -28.419 21.446 30.000 -28.739 20.641 36.000 -26.924 19.801
3 16  30.000 -28.419 21.446 36.000 -26.924 19.801 36.000 -26.524 20.807
3 16  30.000 -28.187 22.280 30.000 -28.419 21.446 36.000 -26.524 20.807
3 16  30.000 -28.187 22.280 36.000 -26.524 20.807 36.000 -26.234 21.850
3 16  30.000 -28.047 23.135 30.000 -28.187 22.280 36.000 -26.234 21.850
3 16  30.000 -28.047 23.135 36.000 -26.234 21.850 36.000 -26.059 22.919
3 16  30.000 -28.000 24.000 30.000 -28.047 23.135 36.000 -26.059 22.919
3 16  30.000 -28.000 24.000 36.000 -26.059 22.919 36.000 -26.000 24.000
3 16  30.000 -28.047 24.865 30.000 -28.000 24.000 36.000 -26.000 24.000
3 16  36.000 -26.059 25.081 30.000 -28.047 24.865 36.000 -26.000 24.000
3 16  30.000 -43.953 24.865 24.000 -45.941 25.081 30.000 -43.813 25.720
3 16  24.000 -45.941 25.081 24.000 -45.766 26.150 30.000 -43.813 25.720
3 16  30.000 -43.813 25.720 24.000 -45.766 26.150 30.000 -43.581 26.555
3 16  24.000 -45.766 26.150 24.000 -45.477 27.193 30.000 -43.581 26.555
3 16  30.000 -43.581 26.555 24.000 -45.477 27.193 30.000 -43.261 27.359
3 16  24.000 -45.477 27.193 24.000 -45.076 28.199 30.000 -43.261 27.359
3 16  30.000 -43.261 27.359 24.000 -45.076 28.199 30.000 -42.855 28.125
3 16  24.000 -45.076 28.199 24.000 -44.569 29.155 30.000 -42.855 28.125
3 16  30.000 -42.855 28.125 24.000 -44.569 29.155 30.000 -42.369 28.841
3 16  24.000 -44.569 29.155 24.000 -43.961 30.052 30.000 -42.369 28.841
3 16  30.000 -42.369 28.841 24.000 -43.961 30.052 30.000 -41.808 29.502
3 16  24.000 -43.961 30.052 24.000 -43.260 30.877 30.000 -41.808 29.502
3 16  30.000 -41.808 29.502 24.000 -43.260 30.877 30.000 -41.179 30.097
3 16  24.000 -43.260 30.877 24.000 -42.474 31.622 30.000 -41.179 30.097
3 16  30.000 -41.179 30.097 24.000 -42.474 31.622 30.000 -40.489 30.621
3 16  24.000 -42.474 31.622 24.000 -41.612 32.277 30.000 -40.489 30.621
3 16  30.000 -40.489 30.621 24.000 -41.612 32.277 30.000 -39.747 31.068
3 16  24.000 -41.612 32.277 24.000 -40.684 32.835 30.000 -39.747 31.068
3 16  30.000 -39.747 31.068 24.000 -40.684 32.835 30.000 -38.961 31.432
3 16  24.000 -40.684 32.835 24.000 -39.701 33.290 30.000 -38.961 31.432
3 16  30.000 -38.961 31.432 24.000 -39.701 33.290 30.000 -38.140 31.709
3 16  24.000 -39.701 33.290 24.000 -38.675 33.636 30.000 -38.140 31.709
3 16  30.000 -38.140 31.709 24.000 -38.675 33.636 30.000 -37.294 31.895
3 16  24.000 -38.675 33.636 24.000 -37.618 33.868 30.000 -37.294 31.895
3 16  30.000 -37.294 31.895 24.000 -37.618 33.868 30.000 -36.433 31.988
3 16  24.000 -37.618 33.868 24.000 -36.541 33.985 30.000 -36.433 31.988
3 16  24.000 -36.541 33.985 30.000 -35.567 31.988 30.000 -36.433 31.988
3 16  30.000 -35.567 31.988 24.000 -36.541 33.985 24.000 -35.459 33.985
3 16  30.000 -35.567 31.988 24.000 -35.459 33.985 30.000 -34.706 31.895
3 16  30.000 -34.706 31.895 24.000 -35.459 33.985 24.000 -34.382 33.868
3 16  30.000 -34.706 31.895 24.000 -34.382 33.868 30.000 -33.860 31.709
3 16  30.000 -33.860 31.709 24.000 -34.382 33.868 24.000 -33.325 33.636
3 16  30.000 -33.860 31.709 24.000 -33.325 33.636 30.000 -33.039 31.432
3 16  30.000 -33.039 31.432 24.000 -33.325 33.636 24.000 -32.298 33.290
3 16  30.000 -33.039 31.432 24.000 -32.298 33.290 30.000 -32.253 31.068
3 16  30.000 -32.253 31.068 24.000 -32.298 33.290 24.000 -31.316 32.835
3 16  30.000 -31.511 30.621 30.000 -32.253 31.068 24.000 -31.316 32.835
3 16  30.000 -31.511 30.621 24.000 -31.316 32.835 24.000 -30.388 32.277
3 16  30.000 -30.821 30.097 30.000 -31.511 30.621 24.000 -30.388 32.277
3 16  30.000 -30.821 30.097 24.000 -30.388 32.277 24.000 -29.526 31.622
3 16  30.000 -30.192 29.502 30.000 -30.821 30.097 24.000 -29.526 31.622
3 16  30.000 -30.192 29.502 24.000 -29.526 31.622 24.000 -28.740 30.877
3 16  30.000 -29.631 28.841 30.000 -30.192 29.502 24.000 -28.740 30.877
3 16  30.000 -29.631 28.841 24.000 -28.740 30.877 24.000 -28.039 30.052
3 16  30.000 -29.145 28.125 30.000 -29.631 28.841 24.000 -28.039 30.052
3 16  30.000 -29.145 28.125 24.000 -28.039 30.052 24.000 -27.431 29.155
3 16  30.000 -28.739 27.359 30.000 -29.145 28.125 24.000 -27.431 29.155
3 16  30.000 -28.739 27.359 24.000 -27.431 29.155 24.000 -26.924 28.199
3 16  30.000 -28.419 26.555 30.000 -28.739 27.359 24.000 -26.924 28.199
3 16  30.000 -28.419 26.555 24.000 -26.924 28.199 24.000 -26.524 27.193
3 16  30.000 -28.187 25.720 30.000 -28.419 26.555 24.000 -26.524 27.193
3 16  30.000 -28.187 25.720 24.000 -26.524 27.193 24.000 -26.234 26.150
3 16  30.000 -28.047 24.865 30.000 -28.187 25.720 24.000 -26.234 26.150
3 16  30.000 -28.047 24.865 24.000 -26.234 26.150 24.000 -26.059 25.081
3 16  30.000 -28.000 24.000 30.000 -28.047 24.865 24.000 -26.059 25.081
3 16  30.000 -28.000 24.000 24.000 -26.059 25.081 24.000 -26.000 24.000
3 16  30.000 -28.047 23.135 30.000 -28.000 24.000 24.000 -26.000 24.000
3 16  24.000 -26.059 22.919 30.000 -28.047 23.135 24.000 -26.000 24.000
3 16  30.000 -28.187 22.280 30.000 -28.047 23.135 24.000 -26.059 22.919
3 16  24.000 -26.234 21.850 30.000 -28.187 22.280 24.000 -26.059 22.919
3 16  30.000 -28.419 21.446 30.000 -28.187 22.280 24.000 -26.234 21.850
3 16  24.000 -26.524 20.807 30.000 -28.419 21.446 24.000 -26.234 21.850
3 16  30.000 -28.739 20.641 30.000 -28.419 21.446 24.000 -26.524 20.807
3 16  24.000 -26.924 19.801 30.000 -28.739 20.641 24.000 -26.524 20.807
3 16  30.000 -29.145 19.876 30.000 -28.739 20.641 24.000 -26.924 19.801
3 16  24.000 -27.431 18.844 30.000 -29.145 19.876 24.000 -26.924 19.801
3 16  30.000 -29.631 19.159 30.000 -29.145 19.876 24.000 -27.431 18.844
3 16  24.000 -28.039 17.948 30.000 -29.631 19.159 24.000 -27.431 18.844
3 16  30.000 -30.192 18.498 30.000 -29.631 19.159 24.000 -28.039 17.948
3 16  24.000 -28.740 17.123 30.000 -30.192 18.498 24.000 -28.039 17.948
3 16  30.000 -30.821 17.903 30.000 -30.192 18.498 24.000 -28.740 17.123
3 16  24.000 -29.526 16.378 30.000 -30.821 17.903 24.000 -28.740 17.123
3 16  30.000 -31.511 17.378 30.000 -30.821 17.903 24.000 -29.526 16.378
3 16  24.000 -30.388 15.723 30.000 -31.511 17.378 24.000 -29.526 16.378
3 16  30.000 -32.253 16.932 30.000 -31.511 17.378 24.000 -30.388 15.723
3 16  24.000 -31.316 15.165 30.000 -32.253 16.932 24.000 -30.388 15.723
3 16  30.000 -33.039 16.568 30.000 -32.253 16.932 24.000 -31.316 15.165
3 16  24.000 -32.298 14.710 30.000 -33.039 16.568 24.000 -31.316 15.165
3 16  30.000 -33.860 16.292 30.000 -33.039 16.568 24.000 -32.298 14.710
3 16  24.000 -33.325 14.364 30.000 -33.860 16.292 24.000 -32.298 14.710
3 16  30.000 -34.706 16.105 30.000 -33.860 16.292 24.000 -33.325 14.364
3 16  24.000 -34.382 14.132 30.000 -34.706 16.105 24.000 -33.325 14.364
3 16  30.000 -35.567 16.012 30.000 -34.706 16.105 24.000 -34.382 14.132
3 16  24.000 -35.459 14.015 30.000 -35.567 16.012 24.000 -34.382 14.132
3 16  24.000 -35.459 14.015 30.000 -36.433 16.012 30.000 -35.567 16.012
3 16  30.000 -36.433 16.012 24.000 -35.459 14.015 24.000 -36.541 14.015
3 16  24.000 -36.541 14.015 30.000 -37.294 16.105 30.000 -36.433 16.012
3 16  24.000 -37.618 14.132 30.000 -37.294 16.105 24.000 -36.541 14.015
3 16  24.000 -37.618 14.132 30.000 -38.140 16.292 30.000 -37.294 16.105
3 16  24.000 -38.675 14.364 30.000 -38.140 16.292 24.000 -37.618 14.132
3 16  24.000 -38.675 14.364 30.000 -38.961 16.568 30.000 -38.140 16.292
3 16  24.000 -39.701 14.710 30.000 -38.961 16.568 24.000 -38.675 14.364
3 16  24.000 -39.701 14.710 30.000 -39.747 16.932 30.000 -38.961 16.568
3 16  24.000 -40.684 15.165 30.000 -39.747 16.932 24.000 -39.701 14.710
3 16  24.000 -40.684 15.165 30.000 -40.489 17.378 30.000 -39.747 16.932
3 16  24.000 -40.684 15.165 24.000 -41.612 15.723 30.000 -40.489 17.378
3 16  24.000 -41.612 15.723 30.000 -41.179 17.903 30.000 -40.489 17.378
3 16  24.000 -41.612 15.723 24.000 -42.474 16.378 30.000 -41.179 17.903
3 16  24.000 -42.474 16.378 30.000 -41.808 18.498 30.000 -41.179 17.903
3 16  24.000 -42.474 16.378 24.000 -43.260 17.123 30.000 -41.808 18.498
3 16  24.000 -43.260 17.123 30.000 -42.369 19.159 30.000 -41.808 18.498
3 16  24.000 -43.260 17.123 24.000 -43.961 17.948 30.000 -42.369 19.159
3 16  24.000 -43.961 17.948 30.000 -42.855 19.876 30.000 -42.369 19.159
3 16  24.000 -43.961 17.948 24.000 -44.569 18.844 30.000 -42.855 19.876
3 16  24.000 -44.569 18.844 30.000 -43.261 20.641 30.000 -42.855 19.876
3 16  24.000 -44.569 18.844 24.000 -45.076 19.801 30.000 -43.261 20.641
3 16  24.000 -45.076 19.801 30.000 -43.581 21.446 30.000 -43.261 20.641
3 16  24.000 -45.076 19.801 24.000 -45.477 20.807 30.000 -43.581 21.446
3 16  24.000 -45.477 20.807 30.000 -43.813 22.280 30.000 -43.581 21.446
3 16  24.000 -45.477 20.807 24.000 -45.766 21.850 30.000 -43.813 22.280
3 16  24.000 -45.766 21.850 30.000 -43.953 23.135 30.000 -43.813 22.280
3 16  24.000 -45.766 21.850 24.000 -45.941 22.919 30.000 -43.953 23.135
3 16  24.000 -45.941 22.919 30.000 -44.000 24.000 30.000 -43.953 23.135
3 16  24.000 -45.941 22.919 24.000 -46.000 24.000 30.000 -44.000 24.000
3 16  30.000 -44.000 24.000 24.000 -46.000 24.000 30.000 -43.953 24.865
3 16  24.000 -46.000 24.000 24.000 -45.941 25.081 30.000 -43.953 24.865
