0 ./parts/L-3-1-1.dat
0 !LDRAW Unofficial_part
0 BFC CERTIFY CCW
3 16  84.000 0.000 36.000 72.000 0.000 12.000 72.000 0.000 36.000
3 16  84.000 0.000 0.000 72.000 0.000 12.000 84.000 0.000 36.000
3 16  0.000 0.000 0.000 72.000 0.000 12.000 84.000 0.000 0.000
3 16  72.000 0.000 12.000 0.000 0.000 0.000 0.000 0.000 12.000
3 16  72.000 -24.000 0.000 69.868 -13.618 0.000 69.985 -12.541 0.000
3 16  72.000 -24.000 0.000 69.635 -14.675 0.000 69.868 -13.618 0.000
3 16  72.000 -24.000 0.000 69.290 -15.701 0.000 69.635 -14.675 0.000
3 16  72.000 -24.000 0.000 68.835 -16.684 0.000 69.290 -15.701 0.000
3 16  72.000 -24.000 0.000 68.277 -17.612 0.000 68.835 -16.684 0.000
3 16  72.000 -24.000 0.000 67.621 -18.474 0.000 68.277 -17.612 0.000
3 16  72.000 -24.000 0.000 66.877 -19.260 0.000 67.621 -18.474 0.000
3 16  72.000 -24.000 0.000 66.052 -19.961 0.000 66.877 -19.260 0.000
3 16  72.000 -24.000 0.000 65.156 -20.569 0.000 66.052 -19.961 0.000
3 16  72.000 -24.000 0.000 64.199 -21.076 0.000 65.156 -20.569 0.000
3 16  72.000 -24.000 0.000 63.193 -21.477 0.000 64.199 -21.076 0.000
3 16  72.000 -24.000 0.000 62.150 -21.766 0.000 63.193 -21.477 0.000
3 16  72.000 -24.000 0.000 61.081 -21.941 0.000 62.150 -21.766 0.000
3 16  72.000 -24.000 0.000 60.000 -22.000 0.000 61.081 -21.941 0.000
3 16  72.000 -24.000 0.000 58.919 -21.941 0.000 60.000 -22.000 0.000
3 16  50.015 -12.541 0.000 45.985 -12.541 0.000 50.015 -11.459 0.000
3 16  50.132 -13.618 0.000 45.985 -12.541 0.000 50.015 -12.541 0.000
3 16  45.868 -13.618 0.000 50.132 -13.618 0.000 50.365 -14.675 0.000
3 16  45.636 -14.675 0.000 50.365 -14.675 0.000 50.710 -15.701 0.000
3 16  45.290 -15.701 0.000 50.710 -15.701 0.000 51.165 -16.684 0.000
3 16  44.835 -16.684 0.000 51.165 -16.684 0.000 51.723 -17.612 0.000
3 16  44.277 -17.612 0.000 51.723 -17.612 0.000 52.379 -18.474 0.000
3 16  43.621 -18.474 0.000 52.379 -18.474 0.000 53.123 -19.260 0.000
3 16  50.132 -13.618 0.000 45.868 -13.618 0.000 45.985 -12.541 0.000
3 16  42.877 -19.260 0.000 53.123 -19.260 0.000 53.948 -19.961 0.000
3 16  50.365 -14.675 0.000 45.636 -14.675 0.000 45.868 -13.618 0.000
3 16  42.052 -19.961 0.000 53.948 -19.961 0.000 54.844 -20.569 0.000
3 16  50.710 -15.701 0.000 45.290 -15.701 0.000 45.636 -14.675 0.000
3 16  41.155 -20.569 0.000 54.844 -20.569 0.000 55.801 -21.076 0.000
3 16  51.165 -16.684 0.000 44.835 -16.684 0.000 45.290 -15.701 0.000
3 16  51.723 -17.612 0.000 44.277 -17.612 0.000 44.835 -16.684 0.000
3 16  40.199 -21.076 0.000 55.801 -21.076 0.000 56.807 -21.477 0.000
3 16  52.379 -18.474 0.000 43.621 -18.474 0.000 44.277 -17.612 0.000
3 16  39.193 -21.477 0.000 56.807 -21.477 0.000 57.850 -21.766 0.000
3 16  53.123 -19.260 0.000 42.877 -19.260 0.000 43.621 -18.474 0.000
3 16  53.948 -19.961 0.000 42.052 -19.961 0.000 42.877 -19.260 0.000
3 16  38.150 -21.766 0.000 57.850 -21.766 0.000 58.919 -21.941 0.000
3 16  37.081 -21.941 0.000 58.919 -21.941 0.000 72.000 -24.000 0.000
3 16  54.844 -20.569 0.000 41.155 -20.569 0.000 42.052 -19.961 0.000
3 16  55.801 -21.076 0.000 40.199 -21.076 0.000 41.155 -20.569 0.000
3 16  56.807 -21.477 0.000 39.193 -21.477 0.000 40.199 -21.076 0.000
3 16  57.850 -21.766 0.000 38.150 -21.766 0.000 39.193 -21.477 0.000
3 16  58.919 -21.941 0.000 37.081 -21.941 0.000 38.150 -21.766 0.000
3 16  72.000 -24.000 0.000 36.000 -22.000 0.000 37.081 -21.941 0.000
3 16  0.000 -24.000 0.000 36.000 -22.000 0.000 72.000 -24.000 0.000
3 16  26.015 -12.541 0.000 21.985 -12.541 0.000 26.015 -11.459 0.000
3 16  26.132 -13.618 0.000 21.985 -12.541 0.000 26.015 -12.541 0.000
3 16  21.868 -13.618 0.000 26.132 -13.618 0.000 26.364 -14.675 0.000
3 16  21.636 -14.675 0.000 26.364 -14.675 0.000 26.710 -15.701 0.000
3 16  21.290 -15.701 0.000 26.710 -15.701 0.000 27.165 -16.684 0.000
3 16  20.835 -16.684 0.000 27.165 -16.684 0.000 27.723 -17.612 0.000
3 16  20.277 -17.612 0.000 27.723 -17.612 0.000 28.378 -18.474 0.000
3 16  19.622 -18.474 0.000 28.378 -18.474 0.000 29.123 -19.260 0.000
3 16  26.132 -13.618 0.000 21.868 -13.618 0.000 21.985 -12.541 0.000
3 16  18.877 -19.260 0.000 29.123 -19.260 0.000 29.948 -19.961 0.000
3 16  26.364 -14.675 0.000 21.636 -14.675 0.000 21.868 -13.618 0.000
3 16  18.052 -19.961 0.000 29.948 -19.961 0.000 30.845 -20.569 0.000
3 16  26.710 -15.701 0.000 21.290 -15.701 0.000 21.636 -14.675 0.000
3 16  17.156 -20.569 0.000 30.845 -20.569 0.000 31.801 -21.076 0.000
3 16  27.165 -16.684 0.000 20.835 -16.684 0.000 21.290 -15.701 0.000
3 16  27.723 -17.612 0.000 20.277 -17.612 0.000 20.835 -16.684 0.000
3 16  16.199 -21.076 0.000 31.801 -21.076 0.000 32.807 -21.477 0.000
3 16  28.378 -18.474 0.000 19.622 -18.474 0.000 20.277 -17.612 0.000
3 16  15.193 -21.477 0.000 32.807 -21.477 0.000 33.850 -21.766 0.000
3 16  29.123 -19.260 0.000 18.877 -19.260 0.000 19.622 -18.474 0.000
3 16  29.948 -19.961 0.000 18.052 -19.961 0.000 18.877 -19.260 0.000
3 16  14.150 -21.766 0.000 33.850 -21.766 0.000 34.919 -21.941 0.000
3 16  30.845 -20.569 0.000 17.156 -20.569 0.000 18.052 -19.961 0.000
3 16  31.801 -21.076 0.000 16.199 -21.076 0.000 17.156 -20.569 0.000
3 16  36.000 -22.000 0.000 0.000 -24.000 0.000 34.919 -21.941 0.000
3 16  32.807 -21.477 0.000 15.193 -21.477 0.000 16.199 -21.076 0.000
3 16  33.850 -21.766 0.000 14.150 -21.766 0.000 15.193 -21.477 0.000
3 16  34.919 -21.941 0.000 13.081 -21.941 0.000 14.150 -21.766 0.000
3 16  34.919 -21.941 0.000 0.000 -24.000 0.000 13.081 -21.941 0.000
3 16  2.015 -12.541 0.000 0.000 -24.000 0.000 2.015 -11.459 0.000
3 16  2.132 -13.618 0.000 0.000 -24.000 0.000 2.015 -12.541 0.000
3 16  2.364 -14.675 0.000 0.000 -24.000 0.000 2.132 -13.618 0.000
3 16  2.710 -15.701 0.000 0.000 -24.000 0.000 2.364 -14.675 0.000
3 16  3.165 -16.684 0.000 0.000 -24.000 0.000 2.710 -15.701 0.000
3 16  3.723 -17.612 0.000 0.000 -24.000 0.000 3.165 -16.684 0.000
3 16  4.378 -18.474 0.000 0.000 -24.000 0.000 3.723 -17.612 0.000
3 16  5.123 -19.260 0.000 0.000 -24.000 0.000 4.378 -18.474 0.000
3 16  5.948 -19.961 0.000 0.000 -24.000 0.000 5.123 -19.260 0.000
3 16  6.844 -20.569 0.000 0.000 -24.000 0.000 5.948 -19.961 0.000
3 16  7.801 -21.076 0.000 0.000 -24.000 0.000 6.844 -20.569 0.000
3 16  8.807 -21.477 0.000 0.000 -24.000 0.000 7.801 -21.076 0.000
3 16  9.850 -21.766 0.000 0.000 -24.000 0.000 8.807 -21.477 0.000
3 16  10.919 -21.941 0.000 0.000 -24.000 0.000 9.850 -21.766 0.000
3 16  12.000 -22.000 0.000 0.000 -24.000 0.000 10.919 -21.941 0.000
3 16  13.081 -21.941 0.000 0.000 -24.000 0.000 12.000 -22.000 0.000
3 16  69.985 -12.541 0.000 84.000 -24.000 0.000 72.000 -24.000 0.000
3 16  84.000 -24.000 0.000 69.985 -12.541 0.000 84.000 0.000 0.000
3 16  69.985 -11.459 0.000 84.000 0.000 0.000 69.985 -12.541 0.000
3 16  69.868 -10.382 0.000 84.000 0.000 0.000 69.985 -11.459 0.000
3 16  69.635 -9.325 0.000 84.000 0.000 0.000 69.868 -10.382 0.000
3 16  69.290 -8.299 0.000 84.000 0.000 0.000 69.635 -9.325 0.000
3 16  68.835 -7.316 0.000 84.000 0.000 0.000 69.290 -8.299 0.000
3 16  68.277 -6.388 0.000 84.000 0.000 0.000 68.835 -7.316 0.000
3 16  67.621 -5.526 0.000 84.000 0.000 0.000 68.277 -6.388 0.000
3 16  66.877 -4.740 0.000 84.000 0.000 0.000 67.621 -5.526 0.000
3 16  66.052 -4.039 0.000 84.000 0.000 0.000 66.877 -4.740 0.000
3 16  65.156 -3.431 0.000 84.000 0.000 0.000 66.052 -4.039 0.000
3 16  64.199 -2.924 0.000 84.000 0.000 0.000 65.156 -3.431 0.000
3 16  63.193 -2.523 0.000 84.000 0.000 0.000 64.199 -2.924 0.000
3 16  62.150 -2.234 0.000 84.000 0.000 0.000 63.193 -2.523 0.000
3 16  61.081 -2.059 0.000 84.000 0.000 0.000 62.150 -2.234 0.000
3 16  60.000 -2.000 0.000 84.000 0.000 0.000 61.081 -2.059 0.000
3 16  36.000 -2.000 0.000 60.000 -2.000 0.000 58.919 -2.059 0.000
3 16  45.985 -11.459 0.000 50.015 -11.459 0.000 45.985 -12.541 0.000
3 16  50.015 -11.459 0.000 45.985 -11.459 0.000 50.132 -10.382 0.000
3 16  45.868 -10.382 0.000 50.132 -10.382 0.000 45.985 -11.459 0.000
3 16  50.132 -10.382 0.000 45.868 -10.382 0.000 50.365 -9.325 0.000
3 16  45.636 -9.325 0.000 50.365 -9.325 0.000 45.868 -10.382 0.000
3 16  50.365 -9.325 0.000 45.636 -9.325 0.000 50.710 -8.299 0.000
3 16  45.290 -8.299 0.000 50.710 -8.299 0.000 45.636 -9.325 0.000
3 16  50.710 -8.299 0.000 45.290 -8.299 0.000 51.165 -7.316 0.000
3 16  44.835 -7.316 0.000 51.165 -7.316 0.000 45.290 -8.299 0.000
3 16  51.165 -7.316 0.000 44.835 -7.316 0.000 51.723 -6.388 0.000
3 16  44.277 -6.388 0.000 51.723 -6.388 0.000 44.835 -7.316 0.000
3 16  51.723 -6.388 0.000 44.277 -6.388 0.000 52.379 -5.526 0.000
3 16  43.621 -5.526 0.000 52.379 -5.526 0.000 44.277 -6.388 0.000
3 16  52.379 -5.526 0.000 43.621 -5.526 0.000 53.123 -4.740 0.000
3 16  42.877 -4.740 0.000 53.123 -4.740 0.000 43.621 -5.526 0.000
3 16  53.123 -4.740 0.000 42.877 -4.740 0.000 53.948 -4.039 0.000
3 16  42.052 -4.039 0.000 53.948 -4.039 0.000 42.877 -4.740 0.000
3 16  53.948 -4.039 0.000 42.052 -4.039 0.000 54.844 -3.431 0.000
3 16  41.155 -3.431 0.000 54.844 -3.431 0.000 42.052 -4.039 0.000
3 16  54.844 -3.431 0.000 41.155 -3.431 0.000 55.801 -2.924 0.000
3 16  40.199 -2.924 0.000 55.801 -2.924 0.000 41.155 -3.431 0.000
3 16  55.801 -2.924 0.000 40.199 -2.924 0.000 56.807 -2.523 0.000
3 16  39.193 -2.523 0.000 56.807 -2.523 0.000 40.199 -2.924 0.000
3 16  56.807 -2.523 0.000 39.193 -2.523 0.000 57.850 -2.234 0.000
3 16  38.150 -2.234 0.000 57.850 -2.234 0.000 39.193 -2.523 0.000
3 16  57.850 -2.234 0.000 38.150 -2.234 0.000 58.919 -2.059 0.000
3 16  37.081 -2.059 0.000 58.919 -2.059 0.000 38.150 -2.234 0.000
3 16  36.000 -2.000 0.000 58.919 -2.059 0.000 37.081 -2.059 0.000
3 16  60.000 -2.000 0.000 36.000 -2.000 0.000 84.000 0.000 0.000
3 16  21.985 -11.459 0.000 26.015 -11.459 0.000 21.985 -12.541 0.000
3 16  26.015 -11.459 0.000 21.985 -11.459 0.000 26.132 -10.382 0.000
3 16  21.868 -10.382 0.000 26.132 -10.382 0.000 21.985 -11.459 0.000
3 16  26.132 -10.382 0.000 21.868 -10.382 0.000 26.364 -9.325 0.000
3 16  21.636 -9.325 0.000 26.364 -9.325 0.000 21.868 -10.382 0.000
3 16  26.364 -9.325 0.000 21.636 -9.325 0.000 26.710 -8.299 0.000
3 16  21.290 -8.299 0.000 26.710 -8.299 0.000 21.636 -9.325 0.000
3 16  26.710 -8.299 0.000 21.290 -8.299 0.000 27.165 -7.316 0.000
3 16  20.835 -7.316 0.000 27.165 -7.316 0.000 21.290 -8.299 0.000
3 16  27.165 -7.316 0.000 20.835 -7.316 0.000 27.723 -6.388 0.000
3 16  20.277 -6.388 0.000 27.723 -6.388 0.000 20.835 -7.316 0.000
3 16  27.723 -6.388 0.000 20.277 -6.388 0.000 28.378 -5.526 0.000
3 16  19.622 -5.526 0.000 28.378 -5.526 0.000 20.277 -6.388 0.000
3 16  28.378 -5.526 0.000 19.622 -5.526 0.000 29.123 -4.740 0.000
3 16  18.877 -4.740 0.000 29.123 -4.740 0.000 19.622 -5.526 0.000
3 16  29.123 -4.740 0.000 18.877 -4.740 0.000 29.948 -4.039 0.000
3 16  18.052 -4.039 0.000 29.948 -4.039 0.000 18.877 -4.740 0.000
3 16  29.948 -4.039 0.000 18.052 -4.039 0.000 30.845 -3.431 0.000
3 16  17.156 -3.431 0.000 30.845 -3.431 0.000 18.052 -4.039 0.000
3 16  30.845 -3.431 0.000 17.156 -3.431 0.000 31.801 -2.924 0.000
3 16  16.199 -2.924 0.000 31.801 -2.924 0.000 17.156 -3.431 0.000
3 16  31.801 -2.924 0.000 16.199 -2.924 0.000 32.807 -2.523 0.000
3 16  15.193 -2.523 0.000 32.807 -2.523 0.000 16.199 -2.924 0.000
3 16  32.807 -2.523 0.000 15.193 -2.523 0.000 33.850 -2.234 0.000
3 16  14.150 -2.234 0.000 33.850 -2.234 0.000 15.193 -2.523 0.000
3 16  33.850 -2.234 0.000 14.150 -2.234 0.000 34.919 -2.059 0.000
3 16  13.081 -2.059 0.000 34.919 -2.059 0.000 14.150 -2.234 0.000
3 16  0.000 0.000 0.000 34.919 -2.059 0.000 13.081 -2.059 0.000
3 16  34.919 -2.059 0.000 0.000 0.000 0.000 36.000 -2.000 0.000
3 16  0.000 0.000 0.000 13.081 -2.059 0.000 12.000 -2.000 0.000
3 16  0.000 0.000 0.000 2.015 -11.459 0.000 0.000 -24.000 0.000
3 16  36.000 -2.000 0.000 0.000 0.000 0.000 84.000 0.000 0.000
3 16  10.919 -2.059 0.000 0.000 0.000 0.000 12.000 -2.000 0.000
3 16  9.850 -2.234 0.000 0.000 0.000 0.000 10.919 -2.059 0.000
3 16  8.807 -2.523 0.000 0.000 0.000 0.000 9.850 -2.234 0.000
3 16  7.801 -2.924 0.000 0.000 0.000 0.000 8.807 -2.523 0.000
3 16  6.844 -3.431 0.000 0.000 0.000 0.000 7.801 -2.924 0.000
3 16  5.948 -4.039 0.000 0.000 0.000 0.000 6.844 -3.431 0.000
3 16  5.123 -4.740 0.000 0.000 0.000 0.000 5.948 -4.039 0.000
3 16  4.378 -5.526 0.000 0.000 0.000 0.000 5.123 -4.740 0.000
3 16  3.723 -6.388 0.000 0.000 0.000 0.000 4.378 -5.526 0.000
3 16  3.165 -7.316 0.000 0.000 0.000 0.000 3.723 -6.388 0.000
3 16  2.710 -8.299 0.000 0.000 0.000 0.000 3.165 -7.316 0.000
3 16  2.364 -9.325 0.000 0.000 0.000 0.000 2.710 -8.299 0.000
3 16  2.132 -10.382 0.000 0.000 0.000 0.000 2.364 -9.325 0.000
3 16  2.015 -11.459 0.000 0.000 0.000 0.000 2.132 -10.382 0.000
3 16  72.000 0.000 12.000 69.985 -11.459 12.000 72.000 -24.000 12.000
3 16  72.000 0.000 12.000 69.868 -10.382 12.000 69.985 -11.459 12.000
3 16  72.000 0.000 12.000 69.635 -9.325 12.000 69.868 -10.382 12.000
3 16  72.000 0.000 12.000 69.290 -8.299 12.000 69.635 -9.325 12.000
3 16  72.000 0.000 12.000 68.835 -7.316 12.000 69.290 -8.299 12.000
3 16  72.000 0.000 12.000 68.277 -6.388 12.000 68.835 -7.316 12.000
3 16  72.000 0.000 12.000 67.621 -5.526 12.000 68.277 -6.388 12.000
3 16  72.000 0.000 12.000 66.877 -4.740 12.000 67.621 -5.526 12.000
3 16  72.000 0.000 12.000 66.052 -4.039 12.000 66.877 -4.740 12.000
3 16  72.000 0.000 12.000 65.156 -3.431 12.000 66.052 -4.039 12.000
3 16  72.000 0.000 12.000 64.199 -2.924 12.000 65.156 -3.431 12.000
3 16  72.000 0.000 12.000 63.193 -2.523 12.000 64.199 -2.924 12.000
3 16  72.000 0.000 12.000 62.150 -2.234 12.000 63.193 -2.523 12.000
3 16  72.000 0.000 12.000 61.081 -2.059 12.000 62.150 -2.234 12.000
3 16  72.000 0.000 12.000 60.000 -2.000 12.000 61.081 -2.059 12.000
3 16  72.000 0.000 12.000 58.919 -2.059 12.000 60.000 -2.000 12.000
3 16  50.015 -11.459 12.000 45.985 -11.459 12.000 50.015 -12.541 12.000
3 16  50.132 -10.382 12.000 45.985 -11.459 12.000 50.015 -11.459 12.000
3 16  45.868 -10.382 12.000 50.132 -10.382 12.000 50.365 -9.325 12.000
3 16  45.636 -9.325 12.000 50.365 -9.325 12.000 50.710 -8.299 12.000
3 16  45.290 -8.299 12.000 50.710 -8.299 12.000 51.165 -7.316 12.000
3 16  44.835 -7.316 12.000 51.165 -7.316 12.000 51.723 -6.388 12.000
3 16  44.277 -6.388 12.000 51.723 -6.388 12.000 52.379 -5.526 12.000
3 16  43.621 -5.526 12.000 52.379 -5.526 12.000 53.123 -4.740 12.000
3 16  50.132 -10.382 12.000 45.868 -10.382 12.000 45.985 -11.459 12.000
3 16  42.877 -4.740 12.000 53.123 -4.740 12.000 53.948 -4.039 12.000
3 16  50.365 -9.325 12.000 45.636 -9.325 12.000 45.868 -10.382 12.000
3 16  42.052 -4.039 12.000 53.948 -4.039 12.000 54.844 -3.431 12.000
3 16  50.710 -8.299 12.000 45.290 -8.299 12.000 45.636 -9.325 12.000
3 16  41.155 -3.431 12.000 54.844 -3.431 12.000 55.801 -2.924 12.000
3 16  51.165 -7.316 12.000 44.835 -7.316 12.000 45.290 -8.299 12.000
3 16  51.723 -6.388 12.000 44.277 -6.388 12.000 44.835 -7.316 12.000
3 16  40.199 -2.924 12.000 55.801 -2.924 12.000 56.807 -2.523 12.000
3 16  52.379 -5.526 12.000 43.621 -5.526 12.000 44.277 -6.388 12.000
3 16  39.193 -2.523 12.000 56.807 -2.523 12.000 57.850 -2.234 12.000
3 16  53.123 -4.740 12.000 42.877 -4.740 12.000 43.621 -5.526 12.000
3 16  53.948 -4.039 12.000 42.052 -4.039 12.000 42.877 -4.740 12.000
3 16  38.150 -2.234 12.000 57.850 -2.234 12.000 58.919 -2.059 12.000
3 16  37.081 -2.059 12.000 58.919 -2.059 12.000 72.000 0.000 12.000
3 16  54.844 -3.431 12.000 41.155 -3.431 12.000 42.052 -4.039 12.000
3 16  55.801 -2.924 12.000 40.199 -2.924 12.000 41.155 -3.431 12.000
3 16  56.807 -2.523 12.000 39.193 -2.523 12.000 40.199 -2.924 12.000
3 16  57.850 -2.234 12.000 38.150 -2.234 12.000 39.193 -2.523 12.000
3 16  58.919 -2.059 12.000 37.081 -2.059 12.000 38.150 -2.234 12.000
3 16  72.000 0.000 12.000 36.000 -2.000 12.000 37.081 -2.059 12.000
3 16  0.000 0.000 12.000 36.000 -2.000 12.000 72.000 0.000 12.000
3 16  26.015 -11.459 12.000 21.985 -11.459 12.000 26.015 -12.541 12.000
3 16  26.132 -10.382 12.000 21.985 -11.459 12.000 26.015 -11.459 12.000
3 16  21.868 -10.382 12.000 26.132 -10.382 12.000 26.364 -9.325 12.000
3 16  21.636 -9.325 12.000 26.364 -9.325 12.000 26.710 -8.299 12.000
3 16  21.290 -8.299 12.000 26.710 -8.299 12.000 27.165 -7.316 12.000
3 16  20.835 -7.316 12.000 27.165 -7.316 12.000 27.723 -6.388 12.000
3 16  20.277 -6.388 12.000 27.723 -6.388 12.000 28.378 -5.526 12.000
3 16  19.622 -5.526 12.000 28.378 -5.526 12.000 29.123 -4.740 12.000
3 16  26.132 -10.382 12.000 21.868 -10.382 12.000 21.985 -11.459 12.000
3 16  18.877 -4.740 12.000 29.123 -4.740 12.000 29.948 -4.039 12.000
3 16  26.364 -9.325 12.000 21.636 -9.325 12.000 21.868 -10.382 12.000
3 16  18.052 -4.039 12.000 29.948 -4.039 12.000 30.845 -3.431 12.000
3 16  26.710 -8.299 12.000 21.290 -8.299 12.000 21.636 -9.325 12.000
3 16  17.156 -3.431 12.000 30.845 -3.431 12.000 31.801 -2.924 12.000
3 16  27.165 -7.316 12.000 20.835 -7.316 12.000 21.290 -8.299 12.000
3 16  27.723 -6.388 12.000 20.277 -6.388 12.000 20.835 -7.316 12.000
3 16  16.199 -2.924 12.000 31.801 -2.924 12.000 32.807 -2.523 12.000
3 16  28.378 -5.526 12.000 19.622 -5.526 12.000 20.277 -6.388 12.000
3 16  15.193 -2.523 12.000 32.807 -2.523 12.000 33.850 -2.234 12.000
3 16  29.123 -4.740 12.000 18.877 -4.740 12.000 19.622 -5.526 12.000
3 16  29.948 -4.039 12.000 18.052 -4.039 12.000 18.877 -4.740 12.000
3 16  14.150 -2.234 12.000 33.850 -2.234 12.000 34.919 -2.059 12.000
3 16  30.845 -3.431 12.000 17.156 -3.431 12.000 18.052 -4.039 12.000
3 16  31.801 -2.924 12.000 16.199 -2.924 12.000 17.156 -3.431 12.000
3 16  36.000 -2.000 12.000 0.000 0.000 12.000 34.919 -2.059 12.000
3 16  32.807 -2.523 12.000 15.193 -2.523 12.000 16.199 -2.924 12.000
3 16  33.850 -2.234 12.000 14.150 -2.234 12.000 15.193 -2.523 12.000
3 16  34.919 -2.059 12.000 13.081 -2.059 12.000 14.150 -2.234 12.000
3 16  34.919 -2.059 12.000 0.000 0.000 12.000 13.081 -2.059 12.000
3 16  2.015 -11.459 12.000 0.000 0.000 12.000 2.015 -12.541 12.000
3 16  2.132 -10.382 12.000 0.000 0.000 12.000 2.015 -11.459 12.000
3 16  2.364 -9.325 12.000 0.000 0.000 12.000 2.132 -10.382 12.000
3 16  2.710 -8.299 12.000 0.000 0.000 12.000 2.364 -9.325 12.000
3 16  3.165 -7.316 12.000 0.000 0.000 12.000 2.710 -8.299 12.000
3 16  3.723 -6.388 12.000 0.000 0.000 12.000 3.165 -7.316 12.000
3 16  4.378 -5.526 12.000 0.000 0.000 12.000 3.723 -6.388 12.000
3 16  5.123 -4.740 12.000 0.000 0.000 12.000 4.378 -5.526 12.000
3 16  5.948 -4.039 12.000 0.000 0.000 12.000 5.123 -4.740 12.000
3 16  6.844 -3.431 12.000 0.000 0.000 12.000 5.948 -4.039 12.000
3 16  7.801 -2.924 12.000 0.000 0.000 12.000 6.844 -3.431 12.000
3 16  8.807 -2.523 12.000 0.000 0.000 12.000 7.801 -2.924 12.000
3 16  9.850 -2.234 12.000 0.000 0.000 12.000 8.807 -2.523 12.000
3 16  10.919 -2.059 12.000 0.000 0.000 12.000 9.850 -2.234 12.000
3 16  12.000 -2.000 12.000 0.000 0.000 12.000 10.919 -2.059 12.000
3 16  13.081 -2.059 12.000 0.000 0.000 12.000 12.000 -2.000 12.000
3 16  69.985 -12.541 12.000 72.000 -24.000 12.000 69.985 -11.459 12.000
3 16  69.868 -13.618 12.000 72.000 -24.000 12.000 69.985 -12.541 12.000
3 16  69.635 -14.675 12.000 72.000 -24.000 12.000 69.868 -13.618 12.000
3 16  69.290 -15.701 12.000 72.000 -24.000 12.000 69.635 -14.675 12.000
3 16  68.835 -16.684 12.000 72.000 -24.000 12.000 69.290 -15.701 12.000
3 16  68.277 -17.612 12.000 72.000 -24.000 12.000 68.835 -16.684 12.000
3 16  67.621 -18.474 12.000 72.000 -24.000 12.000 68.277 -17.612 12.000
3 16  66.877 -19.260 12.000 72.000 -24.000 12.000 67.621 -18.474 12.000
3 16  66.052 -19.961 12.000 72.000 -24.000 12.000 66.877 -19.260 12.000
3 16  65.156 -20.569 12.000 72.000 -24.000 12.000 66.052 -19.961 12.000
3 16  64.199 -21.076 12.000 72.000 -24.000 12.000 65.156 -20.569 12.000
3 16  63.193 -21.477 12.000 72.000 -24.000 12.000 64.199 -21.076 12.000
3 16  62.150 -21.766 12.000 72.000 -24.000 12.000 63.193 -21.477 12.000
3 16  61.081 -21.941 12.000 72.000 -24.000 12.000 62.150 -21.766 12.000
3 16  60.000 -22.000 12.000 72.000 -24.000 12.000 61.081 -21.941 12.000
3 16  58.919 -21.941 12.000 72.000 -24.000 12.000 60.000 -22.000 12.000
3 16  45.985 -12.541 12.000 50.015 -12.541 12.000 45.985 -11.459 12.000
3 16  50.015 -12.541 12.000 45.985 -12.541 12.000 50.132 -13.618 12.000
3 16  45.868 -13.618 12.000 50.132 -13.618 12.000 45.985 -12.541 12.000
3 16  50.132 -13.618 12.000 45.868 -13.618 12.000 50.365 -14.675 12.000
3 16  45.636 -14.675 12.000 50.365 -14.675 12.000 45.868 -13.618 12.000
3 16  50.365 -14.675 12.000 45.636 -14.675 12.000 50.710 -15.701 12.000
3 16  45.290 -15.701 12.000 50.710 -15.701 12.000 45.636 -14.675 12.000
3 16  50.710 -15.701 12.000 45.290 -15.701 12.000 51.165 -16.684 12.000
3 16  44.835 -16.684 12.000 51.165 -16.684 12.000 45.290 -15.701 12.000
3 16  51.165 -16.684 12.000 44.835 -16.684 12.000 51.723 -17.612 12.000
3 16  44.277 -17.612 12.000 51.723 -17.612 12.000 44.835 -16.684 12.000
3 16  51.723 -17.612 12.000 44.277 -17.612 12.000 52.379 -18.474 12.000
3 16  43.621 -18.474 12.000 52.379 -18.474 12.000 44.277 -17.612 12.000
3 16  52.379 -18.474 12.000 43.621 -18.474 12.000 53.123 -19.260 12.000
3 16  42.877 -19.260 12.000 53.123 -19.260 12.000 43.621 -18.474 12.000
3 16  53.123 -19.260 12.000 42.877 -19.260 12.000 53.948 -19.961 12.000
3 16  42.052 -19.961 12.000 53.948 -19.961 12.000 42.877 -19.260 12.000
3 16  53.948 -19.961 12.000 42.052 -19.961 12.000 54.844 -20.569 12.000
3 16  41.155 -20.569 12.000 54.844 -20.569 12.000 42.052 -19.961 12.000
3 16  54.844 -20.569 12.000 41.155 -20.569 12.000 55.801 -21.076 12.000
3 16  40.199 -21.076 12.000 55.801 -21.076 12.000 41.155 -20.569 12.000
3 16  55.801 -21.076 12.000 40.199 -21.076 12.000 56.807 -21.477 12.000
3 16  39.193 -21.477 12.000 56.807 -21.477 12.000 40.199 -21.076 12.000
3 16  56.807 -21.477 12.000 39.193 -21.477 12.000 57.850 -21.766 12.000
3 16  38.150 -21.766 12.000 57.850 -21.766 12.000 39.193 -21.477 12.000
3 16  57.850 -21.766 12.000 38.150 -21.766 12.000 58.919 -21.941 12.000
3 16  37.081 -21.941 12.000 58.919 -21.941 12.000 38.150 -21.766 12.000
3 16  58.919 -21.941 12.000 37.081 -21.941 12.000 72.000 -24.000 12.000
3 16  36.000 -22.000 12.000 72.000 -24.000 12.000 37.081 -21.941 12.000
3 16  0.000 -24.000 12.000 36.000 -22.000 12.000 34.919 -21.941 12.000
3 16  21.985 -12.541 12.000 26.015 -12.541 12.000 21.985 -11.459 12.000
3 16  26.015 -12.541 12.000 21.985 -12.541 12.000 26.132 -13.618 12.000
3 16  21.868 -13.618 12.000 26.132 -13.618 12.000 21.985 -12.541 12.000
3 16  26.132 -13.618 12.000 21.868 -13.618 12.000 26.364 -14.675 12.000
3 16  21.636 -14.675 12.000 26.364 -14.675 12.000 21.868 -13.618 12.000
3 16  26.364 -14.675 12.000 21.636 -14.675 12.000 26.710 -15.701 12.000
3 16  21.290 -15.701 12.000 26.710 -15.701 12.000 21.636 -14.675 12.000
3 16  26.710 -15.701 12.000 21.290 -15.701 12.000 27.165 -16.684 12.000
3 16  20.835 -16.684 12.000 27.165 -16.684 12.000 21.290 -15.701 12.000
3 16  27.165 -16.684 12.000 20.835 -16.684 12.000 27.723 -17.612 12.000
3 16  20.277 -17.612 12.000 27.723 -17.612 12.000 20.835 -16.684 12.000
3 16  27.723 -17.612 12.000 20.277 -17.612 12.000 28.378 -18.474 12.000
3 16  19.622 -18.474 12.000 28.378 -18.474 12.000 20.277 -17.612 12.000
3 16  28.378 -18.474 12.000 19.622 -18.474 12.000 29.123 -19.260 12.000
3 16  18.877 -19.260 12.000 29.123 -19.260 12.000 19.622 -18.474 12.000
3 16  29.123 -19.260 12.000 18.877 -19.260 12.000 29.948 -19.961 12.000
3 16  18.052 -19.961 12.000 29.948 -19.961 12.000 18.877 -19.260 12.000
3 16  29.948 -19.961 12.000 18.052 -19.961 12.000 30.845 -20.569 12.000
3 16  17.156 -20.569 12.000 30.845 -20.569 12.000 18.052 -19.961 12.000
3 16  30.845 -20.569 12.000 17.156 -20.569 12.000 31.801 -21.076 12.000
3 16  16.199 -21.076 12.000 31.801 -21.076 12.000 17.156 -20.569 12.000
3 16  31.801 -21.076 12.000 16.199 -21.076 12.000 32.807 -21.477 12.000
3 16  15.193 -21.477 12.000 32.807 -21.477 12.000 16.199 -21.076 12.000
3 16  32.807 -21.477 12.000 15.193 -21.477 12.000 33.850 -21.766 12.000
3 16  14.150 -21.766 12.000 33.850 -21.766 12.000 15.193 -21.477 12.000
3 16  33.850 -21.766 12.000 14.150 -21.766 12.000 34.919 -21.941 12.000
3 16  13.081 -21.941 12.000 34.919 -21.941 12.000 14.150 -21.766 12.000
3 16  0.000 -24.000 12.000 34.919 -21.941 12.000 13.081 -21.941 12.000
3 16  0.000 -24.000 12.000 13.081 -21.941 12.000 12.000 -22.000 12.000
3 16  0.000 -24.000 12.000 2.015 -12.541 12.000 0.000 0.000 12.000
3 16  36.000 -22.000 12.000 0.000 -24.000 12.000 72.000 -24.000 12.000
3 16  10.919 -21.941 12.000 0.000 -24.000 12.000 12.000 -22.000 12.000
3 16  9.850 -21.766 12.000 0.000 -24.000 12.000 10.919 -21.941 12.000
3 16  8.807 -21.477 12.000 0.000 -24.000 12.000 9.850 -21.766 12.000
3 16  7.801 -21.076 12.000 0.000 -24.000 12.000 8.807 -21.477 12.000
3 16  6.844 -20.569 12.000 0.000 -24.000 12.000 7.801 -21.076 12.000
3 16  5.948 -19.961 12.000 0.000 -24.000 12.000 6.844 -20.569 12.000
3 16  5.123 -19.260 12.000 0.000 -24.000 12.000 5.948 -19.961 12.000
3 16  4.378 -18.474 12.000 0.000 -24.000 12.000 5.123 -19.260 12.000
3 16  3.723 -17.612 12.000 0.000 -24.000 12.000 4.378 -18.474 12.000
3 16  3.165 -16.684 12.000 0.000 -24.000 12.000 3.723 -17.612 12.000
3 16  2.710 -15.701 12.000 0.000 -24.000 12.000 3.165 -16.684 12.000
3 16  2.364 -14.675 12.000 0.000 -24.000 12.000 2.710 -15.701 12.000
3 16  2.132 -13.618 12.000 0.000 -24.000 12.000 2.364 -14.675 12.000
3 16  2.015 -12.541 12.000 0.000 -24.000 12.000 2.132 -13.618 12.000
3 16  0.000 -24.000 0.000 0.000 0.000 12.000 0.000 0.000 0.000
3 16  0.000 0.000 12.000 0.000 -24.000 0.000 0.000 -24.000 12.000
3 16  13.720 -4.187 6.000 12.865 -4.047 6.000 13.081 -2.059 0.000
3 16  14.150 -2.234 0.000 13.720 -4.187 6.000 13.081 -2.059 0.000
3 16  14.554 -4.419 6.000 13.720 -4.187 6.000 14.150 -2.234 0.000
3 16  15.193 -2.523 0.000 14.554 -4.419 6.000 14.150 -2.234 0.000
3 16  15.359 -4.739 6.000 14.554 -4.419 6.000 15.193 -2.523 0.000
3 16  16.199 -2.924 0.000 15.359 -4.739 6.000 15.193 -2.523 0.000
3 16  16.124 -5.145 6.000 15.359 -4.739 6.000 16.199 -2.924 0.000
3 16  17.156 -3.431 0.000 16.124 -5.145 6.000 16.199 -2.924 0.000
3 16  16.841 -5.631 6.000 16.124 -5.145 6.000 17.156 -3.431 0.000
3 16  18.052 -4.039 0.000 16.841 -5.631 6.000 17.156 -3.431 0.000
3 16  17.502 -6.192 6.000 16.841 -5.631 6.000 18.052 -4.039 0.000
3 16  18.877 -4.740 0.000 17.502 -6.192 6.000 18.052 -4.039 0.000
3 16  18.097 -6.821 6.000 17.502 -6.192 6.000 18.877 -4.740 0.000
3 16  19.622 -5.526 0.000 18.097 -6.821 6.000 18.877 -4.740 0.000
3 16  18.622 -7.511 6.000 18.097 -6.821 6.000 19.622 -5.526 0.000
3 16  20.277 -6.388 0.000 18.622 -7.511 6.000 19.622 -5.526 0.000
3 16  19.068 -8.253 6.000 18.622 -7.511 6.000 20.277 -6.388 0.000
3 16  20.835 -7.316 0.000 19.068 -8.253 6.000 20.277 -6.388 0.000
3 16  19.432 -9.039 6.000 19.068 -8.253 6.000 20.835 -7.316 0.000
3 16  21.290 -8.299 0.000 19.432 -9.039 6.000 20.835 -7.316 0.000
3 16  19.708 -9.860 6.000 19.432 -9.039 6.000 21.290 -8.299 0.000
3 16  21.636 -9.325 0.000 19.708 -9.860 6.000 21.290 -8.299 0.000
3 16  19.895 -10.706 6.000 19.708 -9.860 6.000 21.636 -9.325 0.000
3 16  21.868 -10.382 0.000 19.895 -10.706 6.000 21.636 -9.325 0.000
3 16  19.988 -11.567 6.000 19.895 -10.706 6.000 21.868 -10.382 0.000
3 16  21.985 -11.459 0.000 19.988 -11.567 6.000 21.868 -10.382 0.000
3 16  21.985 -11.459 0.000 19.988 -12.433 6.000 19.988 -11.567 6.000
3 16  19.988 -12.433 6.000 21.985 -11.459 0.000 21.985 -12.541 0.000
3 16  21.985 -12.541 0.000 19.895 -13.294 6.000 19.988 -12.433 6.000
3 16  21.868 -13.618 0.000 19.895 -13.294 6.000 21.985 -12.541 0.000
3 16  21.868 -13.618 0.000 19.708 -14.140 6.000 19.895 -13.294 6.000
3 16  21.636 -14.675 0.000 19.708 -14.140 6.000 21.868 -13.618 0.000
3 16  21.636 -14.675 0.000 19.432 -14.961 6.000 19.708 -14.140 6.000
3 16  21.290 -15.701 0.000 19.432 -14.961 6.000 21.636 -14.675 0.000
3 16  21.290 -15.701 0.000 19.068 -15.747 6.000 19.432 -14.961 6.000
3 16  20.835 -16.684 0.000 19.068 -15.747 6.000 21.290 -15.701 0.000
3 16  20.835 -16.684 0.000 18.622 -16.489 6.000 19.068 -15.747 6.000
3 16  20.835 -16.684 0.000 20.277 -17.612 0.000 18.622 -16.489 6.000
3 16  20.277 -17.612 0.000 18.097 -17.179 6.000 18.622 -16.489 6.000
3 16  20.277 -17.612 0.000 19.622 -18.474 0.000 18.097 -17.179 6.000
3 16  19.622 -18.474 0.000 17.502 -17.808 6.000 18.097 -17.179 6.000
3 16  19.622 -18.474 0.000 18.877 -19.260 0.000 17.502 -17.808 6.000
3 16  18.877 -19.260 0.000 16.841 -18.369 6.000 17.502 -17.808 6.000
3 16  18.877 -19.260 0.000 18.052 -19.961 0.000 16.841 -18.369 6.000
3 16  18.052 -19.961 0.000 16.124 -18.855 6.000 16.841 -18.369 6.000
3 16  18.052 -19.961 0.000 17.156 -20.569 0.000 16.124 -18.855 6.000
3 16  17.156 -20.569 0.000 15.359 -19.261 6.000 16.124 -18.855 6.000
3 16  17.156 -20.569 0.000 16.199 -21.076 0.000 15.359 -19.261 6.000
3 16  16.199 -21.076 0.000 14.554 -19.581 6.000 15.359 -19.261 6.000
3 16  16.199 -21.076 0.000 15.193 -21.477 0.000 14.554 -19.581 6.000
3 16  15.193 -21.477 0.000 13.720 -19.813 6.000 14.554 -19.581 6.000
3 16  15.193 -21.477 0.000 14.150 -21.766 0.000 13.720 -19.813 6.000
3 16  14.150 -21.766 0.000 12.865 -19.953 6.000 13.720 -19.813 6.000
3 16  14.150 -21.766 0.000 13.081 -21.941 0.000 12.865 -19.953 6.000
3 16  13.081 -21.941 0.000 12.000 -20.000 6.000 12.865 -19.953 6.000
3 16  13.081 -21.941 0.000 12.000 -22.000 0.000 12.000 -20.000 6.000
3 16  12.000 -20.000 6.000 12.000 -22.000 0.000 11.135 -19.953 6.000
3 16  12.000 -22.000 0.000 10.919 -21.941 0.000 11.135 -19.953 6.000
3 16  11.135 -19.953 6.000 10.919 -21.941 0.000 10.280 -19.813 6.000
3 16  10.919 -21.941 0.000 9.850 -21.766 0.000 10.280 -19.813 6.000
3 16  10.280 -19.813 6.000 9.850 -21.766 0.000 9.446 -19.581 6.000
3 16  9.850 -21.766 0.000 8.807 -21.477 0.000 9.446 -19.581 6.000
3 16  9.446 -19.581 6.000 8.807 -21.477 0.000 8.641 -19.261 6.000
3 16  8.807 -21.477 0.000 7.801 -21.076 0.000 8.641 -19.261 6.000
3 16  8.641 -19.261 6.000 7.801 -21.076 0.000 7.876 -18.855 6.000
3 16  7.801 -21.076 0.000 6.844 -20.569 0.000 7.876 -18.855 6.000
3 16  7.876 -18.855 6.000 6.844 -20.569 0.000 7.159 -18.369 6.000
3 16  6.844 -20.569 0.000 5.948 -19.961 0.000 7.159 -18.369 6.000
3 16  7.159 -18.369 6.000 5.948 -19.961 0.000 6.498 -17.808 6.000
3 16  5.948 -19.961 0.000 5.123 -19.260 0.000 6.498 -17.808 6.000
3 16  6.498 -17.808 6.000 5.123 -19.260 0.000 5.903 -17.179 6.000
3 16  5.123 -19.260 0.000 4.378 -18.474 0.000 5.903 -17.179 6.000
3 16  5.903 -17.179 6.000 4.378 -18.474 0.000 5.378 -16.489 6.000
3 16  4.378 -18.474 0.000 3.723 -17.612 0.000 5.378 -16.489 6.000
3 16  5.378 -16.489 6.000 3.723 -17.612 0.000 4.932 -15.747 6.000
3 16  3.723 -17.612 0.000 3.165 -16.684 0.000 4.932 -15.747 6.000
3 16  4.932 -15.747 6.000 3.165 -16.684 0.000 4.568 -14.961 6.000
3 16  3.165 -16.684 0.000 2.710 -15.701 0.000 4.568 -14.961 6.000
3 16  4.568 -14.961 6.000 2.710 -15.701 0.000 4.292 -14.140 6.000
3 16  2.710 -15.701 0.000 2.364 -14.675 0.000 4.292 -14.140 6.000
3 16  4.292 -14.140 6.000 2.364 -14.675 0.000 4.105 -13.294 6.000
3 16  2.364 -14.675 0.000 2.132 -13.618 0.000 4.105 -13.294 6.000
3 16  4.105 -13.294 6.000 2.132 -13.618 0.000 4.012 -12.433 6.000
3 16  2.132 -13.618 0.000 2.015 -12.541 0.000 4.012 -12.433 6.000
3 16  4.012 -12.433 6.000 2.015 -11.459 0.000 4.012 -11.567 6.000
3 16  2.015 -11.459 0.000 4.012 -12.433 6.000 2.015 -12.541 0.000
3 16  4.012 -11.567 6.000 2.015 -11.459 0.000 4.105 -10.706 6.000
3 16  4.105 -10.706 6.000 2.015 -11.459 0.000 2.132 -10.382 0.000
3 16  4.105 -10.706 6.000 2.132 -10.382 0.000 4.292 -9.860 6.000
3 16  4.292 -9.860 6.000 2.132 -10.382 0.000 2.364 -9.325 0.000
3 16  4.292 -9.860 6.000 2.364 -9.325 0.000 4.568 -9.039 6.000
3 16  4.568 -9.039 6.000 2.364 -9.325 0.000 2.710 -8.299 0.000
3 16  4.568 -9.039 6.000 2.710 -8.299 0.000 4.932 -8.253 6.000
3 16  4.932 -8.253 6.000 2.710 -8.299 0.000 3.165 -7.316 0.000
3 16  5.378 -7.511 6.000 4.932 -8.253 6.000 3.165 -7.316 0.000
3 16  5.378 -7.511 6.000 3.165 -7.316 0.000 3.723 -6.388 0.000
3 16  5.903 -6.821 6.000 5.378 -7.511 6.000 3.723 -6.388 0.000
3 16  5.903 -6.821 6.000 3.723 -6.388 0.000 4.378 -5.526 0.000
3 16  6.498 -6.192 6.000 5.903 -6.821 6.000 4.378 -5.526 0.000
3 16  6.498 -6.192 6.000 4.378 -5.526 0.000 5.123 -4.740 0.000
3 16  7.159 -5.631 6.000 6.498 -6.192 6.000 5.123 -4.740 0.000
3 16  7.159 -5.631 6.000 5.123 -4.740 0.000 5.948 -4.039 0.000
3 16  7.876 -5.145 6.000 7.159 -5.631 6.000 5.948 -4.039 0.000
3 16  7.876 -5.145 6.000 5.948 -4.039 0.000 6.844 -3.431 0.000
3 16  8.641 -4.739 6.000 7.876 -5.145 6.000 6.844 -3.431 0.000
3 16  8.641 -4.739 6.000 6.844 -3.431 0.000 7.801 -2.924 0.000
3 16  9.446 -4.419 6.000 8.641 -4.739 6.000 7.801 -2.924 0.000
3 16  9.446 -4.419 6.000 7.801 -2.924 0.000 8.807 -2.523 0.000
3 16  10.280 -4.187 6.000 9.446 -4.419 6.000 8.807 -2.523 0.000
3 16  10.280 -4.187 6.000 8.807 -2.523 0.000 9.850 -2.234 0.000
3 16  11.135 -4.047 6.000 10.280 -4.187 6.000 9.850 -2.234 0.000
3 16  11.135 -4.047 6.000 9.850 -2.234 0.000 10.919 -2.059 0.000
3 16  12.000 -4.000 6.000 11.135 -4.047 6.000 10.919 -2.059 0.000
3 16  12.000 -4.000 6.000 10.919 -2.059 0.000 12.000 -2.000 0.000
3 16  12.865 -4.047 6.000 12.000 -4.000 6.000 12.000 -2.000 0.000
3 16  13.081 -2.059 0.000 12.865 -4.047 6.000 12.000 -2.000 0.000
3 16  12.865 -19.953 6.000 13.081 -21.941 12.000 13.720 -19.813 6.000
3 16  13.081 -21.941 12.000 14.150 -21.766 12.000 13.720 -19.813 6.000
3 16  13.720 -19.813 6.000 14.150 -21.766 12.000 14.554 -19.581 6.000
3 16  14.150 -21.766 12.000 15.193 -21.477 12.000 14.554 -19.581 6.000
3 16  14.554 -19.581 6.000 15.193 -21.477 12.000 15.359 -19.261 6.000
3 16  15.193 -21.477 12.000 16.199 -21.076 12.000 15.359 -19.261 6.000
3 16  15.359 -19.261 6.000 16.199 -21.076 12.000 16.124 -18.855 6.000
3 16  16.199 -21.076 12.000 17.156 -20.569 12.000 16.124 -18.855 6.000
3 16  16.124 -18.855 6.000 17.156 -20.569 12.000 16.841 -18.369 6.000
3 16  17.156 -20.569 12.000 18.052 -19.961 12.000 16.841 -18.369 6.000
3 16  16.841 -18.369 6.000 18.052 -19.961 12.000 17.502 -17.808 6.000
3 16  18.052 -19.961 12.000 18.877 -19.260 12.000 17.502 -17.808 6.000
3 16  17.502 -17.808 6.000 18.877 -19.260 12.000 18.097 -17.179 6.000
3 16  18.877 -19.260 12.000 19.622 -18.474 12.000 18.097 -17.179 6.000
3 16  18.097 -17.179 6.000 19.622 -18.474 12.000 18.622 -16.489 6.000
3 16  19.622 -18.474 12.000 20.277 -17.612 12.000 18.622 -16.489 6.000
3 16  18.622 -16.489 6.000 20.277 -17.612 12.000 19.068 -15.747 6.000
3 16  20.277 -17.612 12.000 20.835 -16.684 12.000 19.068 -15.747 6.000
3 16  19.068 -15.747 6.000 20.835 -16.684 12.000 19.432 -14.961 6.000
3 16  20.835 -16.684 12.000 21.290 -15.701 12.000 19.432 -14.961 6.000
3 16  19.432 -14.961 6.000 21.290 -15.701 12.000 19.708 -14.140 6.000
3 16  21.290 -15.701 12.000 21.636 -14.675 12.000 19.708 -14.140 6.000
3 16  19.708 -14.140 6.000 21.636 -14.675 12.000 19.895 -13.294 6.000
3 16  21.636 -14.675 12.000 21.868 -13.618 12.000 19.895 -13.294 6.000
3 16  19.895 -13.294 6.000 21.868 -13.618 12.000 19.988 -12.433 6.000
3 16  21.868 -13.618 12.000 21.985 -12.541 12.000 19.988 -12.433 6.000
3 16  19.988 -12.433 6.000 21.985 -11.459 12.000 19.988 -11.567 6.000
3 16  21.985 -11.459 12.000 19.988 -12.433 6.000 21.985 -12.541 12.000
3 16  19.988 -11.567 6.000 21.985 -11.459 12.000 19.895 -10.706 6.000
3 16  19.895 -10.706 6.000 21.985 -11.459 12.000 21.868 -10.382 12.000
3 16  19.895 -10.706 6.000 21.868 -10.382 12.000 19.708 -9.860 6.000
3 16  19.708 -9.860 6.000 21.868 -10.382 12.000 21.636 -9.325 12.000
3 16  19.708 -9.860 6.000 21.636 -9.325 12.000 19.432 -9.039 6.000
3 16  19.432 -9.039 6.000 21.636 -9.325 12.000 21.290 -8.299 12.000
3 16  19.432 -9.039 6.000 21.290 -8.299 12.000 19.068 -8.253 6.000
3 16  19.068 -8.253 6.000 21.290 -8.299 12.000 20.835 -7.316 12.000
3 16  18.622 -7.511 6.000 19.068 -8.253 6.000 20.835 -7.316 12.000
3 16  18.622 -7.511 6.000 20.835 -7.316 12.000 20.277 -6.388 12.000
3 16  18.097 -6.821 6.000 18.622 -7.511 6.000 20.277 -6.388 12.000
3 16  18.097 -6.821 6.000 20.277 -6.388 12.000 19.622 -5.526 12.000
3 16  17.502 -6.192 6.000 18.097 -6.821 6.000 19.622 -5.526 12.000
3 16  17.502 -6.192 6.000 19.622 -5.526 12.000 18.877 -4.740 12.000
3 16  16.841 -5.631 6.000 17.502 -6.192 6.000 18.877 -4.740 12.000
3 16  16.841 -5.631 6.000 18.877 -4.740 12.000 18.052 -4.039 12.000
3 16  16.124 -5.145 6.000 16.841 -5.631 6.000 18.052 -4.039 12.000
3 16  16.124 -5.145 6.000 18.052 -4.039 12.000 17.156 -3.431 12.000
3 16  15.359 -4.739 6.000 16.124 -5.145 6.000 17.156 -3.431 12.000
3 16  15.359 -4.739 6.000 17.156 -3.431 12.000 16.199 -2.924 12.000
3 16  14.554 -4.419 6.000 15.359 -4.739 6.000 16.199 -2.924 12.000
3 16  14.554 -4.419 6.000 16.199 -2.924 12.000 15.193 -2.523 12.000
3 16  13.720 -4.187 6.000 14.554 -4.419 6.000 15.193 -2.523 12.000
3 16  13.720 -4.187 6.000 15.193 -2.523 12.000 14.150 -2.234 12.000
3 16  12.865 -4.047 6.000 13.720 -4.187 6.000 14.150 -2.234 12.000
3 16  12.865 -4.047 6.000 14.150 -2.234 12.000 13.081 -2.059 12.000
3 16  12.000 -4.000 6.000 12.865 -4.047 6.000 13.081 -2.059 12.000
3 16  12.000 -4.000 6.000 13.081 -2.059 12.000 12.000 -2.000 12.000
3 16  11.135 -4.047 6.000 12.000 -4.000 6.000 12.000 -2.000 12.000
3 16  10.919 -2.059 12.000 11.135 -4.047 6.000 12.000 -2.000 12.000
3 16  10.280 -4.187 6.000 11.135 -4.047 6.000 10.919 -2.059 12.000
3 16  9.850 -2.234 12.000 10.280 -4.187 6.000 10.919 -2.059 12.000
3 16  9.446 -4.419 6.000 10.280 -4.187 6.000 9.850 -2.234 12.000
3 16  8.807 -2.523 12.000 9.446 -4.419 6.000 9.850 -2.234 12.000
3 16  8.641 -4.739 6.000 9.446 -4.419 6.000 8.807 -2.523 12.000
3 16  7.801 -2.924 12.000 8.641 -4.739 6.000 8.807 -2.523 12.000
3 16  7.876 -5.145 6.000 8.641 -4.739 6.000 7.801 -2.924 12.000
3 16  6.844 -3.431 12.000 7.876 -5.145 6.000 7.801 -2.924 12.000
3 16  7.159 -5.631 6.000 7.876 -5.145 6.000 6.844 -3.431 12.000
3 16  5.948 -4.039 12.000 7.159 -5.631 6.000 6.844 -3.431 12.000
3 16  6.498 -6.192 6.000 7.159 -5.631 6.000 5.948 -4.039 12.000
3 16  5.123 -4.740 12.000 6.498 -6.192 6.000 5.948 -4.039 12.000
3 16  5.903 -6.821 6.000 6.498 -6.192 6.000 5.123 -4.740 12.000
3 16  4.378 -5.526 12.000 5.903 -6.821 6.000 5.123 -4.740 12.000
3 16  5.378 -7.511 6.000 5.903 -6.821 6.000 4.378 -5.526 12.000
3 16  3.723 -6.388 12.000 5.378 -7.511 6.000 4.378 -5.526 12.000
3 16  4.932 -8.253 6.000 5.378 -7.511 6.000 3.723 -6.388 12.000
3 16  3.165 -7.316 12.000 4.932 -8.253 6.000 3.723 -6.388 12.000
3 16  4.568 -9.039 6.000 4.932 -8.253 6.000 3.165 -7.316 12.000
3 16  2.710 -8.299 12.000 4.568 -9.039 6.000 3.165 -7.316 12.000
3 16  4.292 -9.860 6.000 4.568 -9.039 6.000 2.710 -8.299 12.000
3 16  2.364 -9.325 12.000 4.292 -9.860 6.000 2.710 -8.299 12.000
3 16  4.105 -10.706 6.000 4.292 -9.860 6.000 2.364 -9.325 12.000
3 16  2.132 -10.382 12.000 4.105 -10.706 6.000 2.364 -9.325 12.000
3 16  4.012 -11.567 6.000 4.105 -10.706 6.000 2.132 -10.382 12.000
3 16  2.015 -11.459 12.000 4.012 -11.567 6.000 2.132 -10.382 12.000
3 16  2.015 -11.459 12.000 4.012 -12.433 6.000 4.012 -11.567 6.000
3 16  4.012 -12.433 6.000 2.015 -11.459 12.000 2.015 -12.541 12.000
3 16  2.015 -12.541 12.000 4.105 -13.294 6.000 4.012 -12.433 6.000
3 16  2.132 -13.618 12.000 4.105 -13.294 6.000 2.015 -12.541 12.000
3 16  2.132 -13.618 12.000 4.292 -14.140 6.000 4.105 -13.294 6.000
3 16  2.364 -14.675 12.000 4.292 -14.140 6.000 2.132 -13.618 12.000
3 16  2.364 -14.675 12.000 4.568 -14.961 6.000 4.292 -14.140 6.000
3 16  2.710 -15.701 12.000 4.568 -14.961 6.000 2.364 -14.675 12.000
3 16  2.710 -15.701 12.000 4.932 -15.747 6.000 4.568 -14.961 6.000
3 16  3.165 -16.684 12.000 4.932 -15.747 6.000 2.710 -15.701 12.000
3 16  3.165 -16.684 12.000 5.378 -16.489 6.000 4.932 -15.747 6.000
3 16  3.165 -16.684 12.000 3.723 -17.612 12.000 5.378 -16.489 6.000
3 16  3.723 -17.612 12.000 5.903 -17.179 6.000 5.378 -16.489 6.000
3 16  3.723 -17.612 12.000 4.378 -18.474 12.000 5.903 -17.179 6.000
3 16  4.378 -18.474 12.000 6.498 -17.808 6.000 5.903 -17.179 6.000
3 16  4.378 -18.474 12.000 5.123 -19.260 12.000 6.498 -17.808 6.000
3 16  5.123 -19.260 12.000 7.159 -18.369 6.000 6.498 -17.808 6.000
3 16  5.123 -19.260 12.000 5.948 -19.961 12.000 7.159 -18.369 6.000
3 16  5.948 -19.961 12.000 7.876 -18.855 6.000 7.159 -18.369 6.000
3 16  5.948 -19.961 12.000 6.844 -20.569 12.000 7.876 -18.855 6.000
3 16  6.844 -20.569 12.000 8.641 -19.261 6.000 7.876 -18.855 6.000
3 16  6.844 -20.569 12.000 7.801 -21.076 12.000 8.641 -19.261 6.000
3 16  7.801 -21.076 12.000 9.446 -19.581 6.000 8.641 -19.261 6.000
3 16  7.801 -21.076 12.000 8.807 -21.477 12.000 9.446 -19.581 6.000
3 16  8.807 -21.477 12.000 10.280 -19.813 6.000 9.446 -19.581 6.000
3 16  8.807 -21.477 12.000 9.850 -21.766 12.000 10.280 -19.813 6.000
3 16  9.850 -21.766 12.000 11.135 -19.953 6.000 10.280 -19.813 6.000
3 16  9.850 -21.766 12.000 10.919 -21.941 12.000 11.135 -19.953 6.000
3 16  10.919 -21.941 12.000 12.000 -20.000 6.000 11.135 -19.953 6.000
3 16  10.919 -21.941 12.000 12.000 -22.000 12.000 12.000 -20.000 6.000
3 16  12.000 -20.000 6.000 12.000 -22.000 12.000 12.865 -19.953 6.000
3 16  12.000 -22.000 12.000 13.081 -21.941 12.000 12.865 -19.953 6.000
3 16  0.000 -24.000 0.000 72.000 -24.000 12.000 0.000 -24.000 12.000
3 16  72.000 -24.000 12.000 0.000 -24.000 0.000 72.000 -24.000 0.000
3 16  72.000 -24.000 12.000 84.000 -24.000 36.000 72.000 -24.000 36.000
3 16  72.000 -24.000 12.000 84.000 -24.000 12.000 84.000 -24.000 36.000
3 16  37.720 -4.187 6.000 36.865 -4.047 6.000 37.081 -2.059 0.000
3 16  38.150 -2.234 0.000 37.720 -4.187 6.000 37.081 -2.059 0.000
3 16  38.554 -4.419 6.000 37.720 -4.187 6.000 38.150 -2.234 0.000
3 16  39.193 -2.523 0.000 38.554 -4.419 6.000 38.150 -2.234 0.000
3 16  39.359 -4.739 6.000 38.554 -4.419 6.000 39.193 -2.523 0.000
3 16  40.199 -2.924 0.000 39.359 -4.739 6.000 39.193 -2.523 0.000
3 16  40.125 -5.145 6.000 39.359 -4.739 6.000 40.199 -2.924 0.000
3 16  41.155 -3.431 0.000 40.125 -5.145 6.000 40.199 -2.924 0.000
3 16  40.842 -5.631 6.000 40.125 -5.145 6.000 41.155 -3.431 0.000
3 16  42.052 -4.039 0.000 40.842 -5.631 6.000 41.155 -3.431 0.000
3 16  41.502 -6.192 6.000 40.842 -5.631 6.000 42.052 -4.039 0.000
3 16  42.877 -4.740 0.000 41.502 -6.192 6.000 42.052 -4.039 0.000
3 16  42.097 -6.821 6.000 41.502 -6.192 6.000 42.877 -4.740 0.000
3 16  43.621 -5.526 0.000 42.097 -6.821 6.000 42.877 -4.740 0.000
3 16  42.621 -7.511 6.000 42.097 -6.821 6.000 43.621 -5.526 0.000
3 16  44.277 -6.388 0.000 42.621 -7.511 6.000 43.621 -5.526 0.000
3 16  43.068 -8.253 6.000 42.621 -7.511 6.000 44.277 -6.388 0.000
3 16  44.835 -7.316 0.000 43.068 -8.253 6.000 44.277 -6.388 0.000
3 16  43.432 -9.039 6.000 43.068 -8.253 6.000 44.835 -7.316 0.000
3 16  45.290 -8.299 0.000 43.432 -9.039 6.000 44.835 -7.316 0.000
3 16  43.709 -9.860 6.000 43.432 -9.039 6.000 45.290 -8.299 0.000
3 16  45.636 -9.325 0.000 43.709 -9.860 6.000 45.290 -8.299 0.000
3 16  43.895 -10.706 6.000 43.709 -9.860 6.000 45.636 -9.325 0.000
3 16  45.868 -10.382 0.000 43.895 -10.706 6.000 45.636 -9.325 0.000
3 16  43.988 -11.567 6.000 43.895 -10.706 6.000 45.868 -10.382 0.000
3 16  45.985 -11.459 0.000 43.988 -11.567 6.000 45.868 -10.382 0.000
3 16  45.985 -11.459 0.000 43.988 -12.433 6.000 43.988 -11.567 6.000
3 16  43.988 -12.433 6.000 45.985 -11.459 0.000 45.985 -12.541 0.000
3 16  45.985 -12.541 0.000 43.895 -13.294 6.000 43.988 -12.433 6.000
3 16  45.868 -13.618 0.000 43.895 -13.294 6.000 45.985 -12.541 0.000
3 16  45.868 -13.618 0.000 43.709 -14.140 6.000 43.895 -13.294 6.000
3 16  45.636 -14.675 0.000 43.709 -14.140 6.000 45.868 -13.618 0.000
3 16  45.636 -14.675 0.000 43.432 -14.961 6.000 43.709 -14.140 6.000
3 16  45.290 -15.701 0.000 43.432 -14.961 6.000 45.636 -14.675 0.000
3 16  45.290 -15.701 0.000 43.068 -15.747 6.000 43.432 -14.961 6.000
3 16  44.835 -16.684 0.000 43.068 -15.747 6.000 45.290 -15.701 0.000
3 16  44.835 -16.684 0.000 42.621 -16.489 6.000 43.068 -15.747 6.000
3 16  44.835 -16.684 0.000 44.277 -17.612 0.000 42.621 -16.489 6.000
3 16  44.277 -17.612 0.000 42.097 -17.179 6.000 42.621 -16.489 6.000
3 16  44.277 -17.612 0.000 43.621 -18.474 0.000 42.097 -17.179 6.000
3 16  43.621 -18.474 0.000 41.502 -17.808 6.000 42.097 -17.179 6.000
3 16  43.621 -18.474 0.000 42.877 -19.260 0.000 41.502 -17.808 6.000
3 16  42.877 -19.260 0.000 40.842 -18.369 6.000 41.502 -17.808 6.000
3 16  42.877 -19.260 0.000 42.052 -19.961 0.000 40.842 -18.369 6.000
3 16  42.052 -19.961 0.000 40.125 -18.855 6.000 40.842 -18.369 6.000
3 16  42.052 -19.961 0.000 41.155 -20.569 0.000 40.125 -18.855 6.000
3 16  41.155 -20.569 0.000 39.359 -19.261 6.000 40.125 -18.855 6.000
3 16  41.155 -20.569 0.000 40.199 -21.076 0.000 39.359 -19.261 6.000
3 16  40.199 -21.076 0.000 38.554 -19.581 6.000 39.359 -19.261 6.000
3 16  40.199 -21.076 0.000 39.193 -21.477 0.000 38.554 -19.581 6.000
3 16  39.193 -21.477 0.000 37.720 -19.813 6.000 38.554 -19.581 6.000
3 16  39.193 -21.477 0.000 38.150 -21.766 0.000 37.720 -19.813 6.000
3 16  38.150 -21.766 0.000 36.865 -19.953 6.000 37.720 -19.813 6.000
3 16  38.150 -21.766 0.000 37.081 -21.941 0.000 36.865 -19.953 6.000
3 16  37.081 -21.941 0.000 36.000 -20.000 6.000 36.865 -19.953 6.000
3 16  37.081 -21.941 0.000 36.000 -22.000 0.000 36.000 -20.000 6.000
3 16  36.000 -20.000 6.000 36.000 -22.000 0.000 35.135 -19.953 6.000
3 16  36.000 -22.000 0.000 34.919 -21.941 0.000 35.135 -19.953 6.000
3 16  35.135 -19.953 6.000 34.919 -21.941 0.000 34.280 -19.813 6.000
3 16  34.919 -21.941 0.000 33.850 -21.766 0.000 34.280 -19.813 6.000
3 16  34.280 -19.813 6.000 33.850 -21.766 0.000 33.445 -19.581 6.000
3 16  33.850 -21.766 0.000 32.807 -21.477 0.000 33.445 -19.581 6.000
3 16  33.445 -19.581 6.000 32.807 -21.477 0.000 32.641 -19.261 6.000
3 16  32.807 -21.477 0.000 31.801 -21.076 0.000 32.641 -19.261 6.000
3 16  32.641 -19.261 6.000 31.801 -21.076 0.000 31.875 -18.855 6.000
3 16  31.801 -21.076 0.000 30.845 -20.569 0.000 31.875 -18.855 6.000
3 16  31.875 -18.855 6.000 30.845 -20.569 0.000 31.159 -18.369 6.000
3 16  30.845 -20.569 0.000 29.948 -19.961 0.000 31.159 -18.369 6.000
3 16  31.159 -18.369 6.000 29.948 -19.961 0.000 30.498 -17.808 6.000
3 16  29.948 -19.961 0.000 29.123 -19.260 0.000 30.498 -17.808 6.000
3 16  30.498 -17.808 6.000 29.123 -19.260 0.000 29.903 -17.179 6.000
3 16  29.123 -19.260 0.000 28.378 -18.474 0.000 29.903 -17.179 6.000
3 16  29.903 -17.179 6.000 28.378 -18.474 0.000 29.379 -16.489 6.000
3 16  28.378 -18.474 0.000 27.723 -17.612 0.000 29.379 -16.489 6.000
3 16  29.379 -16.489 6.000 27.723 -17.612 0.000 28.932 -15.747 6.000
3 16  27.723 -17.612 0.000 27.165 -16.684 0.000 28.932 -15.747 6.000
3 16  28.932 -15.747 6.000 27.165 -16.684 0.000 28.568 -14.961 6.000
3 16  27.165 -16.684 0.000 26.710 -15.701 0.000 28.568 -14.961 6.000
3 16  28.568 -14.961 6.000 26.710 -15.701 0.000 28.291 -14.140 6.000
3 16  26.710 -15.701 0.000 26.364 -14.675 0.000 28.291 -14.140 6.000
3 16  28.291 -14.140 6.000 26.364 -14.675 0.000 28.105 -13.294 6.000
3 16  26.364 -14.675 0.000 26.132 -13.618 0.000 28.105 -13.294 6.000
3 16  28.105 -13.294 6.000 26.132 -13.618 0.000 28.012 -12.433 6.000
3 16  26.132 -13.618 0.000 26.015 -12.541 0.000 28.012 -12.433 6.000
3 16  28.012 -12.433 6.000 26.015 -11.459 0.000 28.012 -11.567 6.000
3 16  26.015 -11.459 0.000 28.012 -12.433 6.000 26.015 -12.541 0.000
3 16  28.012 -11.567 6.000 26.015 -11.459 0.000 28.105 -10.706 6.000
3 16  28.105 -10.706 6.000 26.015 -11.459 0.000 26.132 -10.382 0.000
3 16  28.105 -10.706 6.000 26.132 -10.382 0.000 28.291 -9.860 6.000
3 16  28.291 -9.860 6.000 26.132 -10.382 0.000 26.364 -9.325 0.000
3 16  28.291 -9.860 6.000 26.364 -9.325 0.000 28.568 -9.039 6.000
3 16  28.568 -9.039 6.000 26.364 -9.325 0.000 26.710 -8.299 0.000
3 16  28.568 -9.039 6.000 26.710 -8.299 0.000 28.932 -8.253 6.000
3 16  28.932 -8.253 6.000 26.710 -8.299 0.000 27.165 -7.316 0.000
3 16  29.379 -7.511 6.000 28.932 -8.253 6.000 27.165 -7.316 0.000
3 16  29.379 -7.511 6.000 27.165 -7.316 0.000 27.723 -6.388 0.000
3 16  29.903 -6.821 6.000 29.379 -7.511 6.000 27.723 -6.388 0.000
3 16  29.903 -6.821 6.000 27.723 -6.388 0.000 28.378 -5.526 0.000
3 16  30.498 -6.192 6.000 29.903 -6.821 6.000 28.378 -5.526 0.000
3 16  30.498 -6.192 6.000 28.378 -5.526 0.000 29.123 -4.740 0.000
3 16  31.159 -5.631 6.000 30.498 -6.192 6.000 29.123 -4.740 0.000
3 16  31.159 -5.631 6.000 29.123 -4.740 0.000 29.948 -4.039 0.000
3 16  31.875 -5.145 6.000 31.159 -5.631 6.000 29.948 -4.039 0.000
3 16  31.875 -5.145 6.000 29.948 -4.039 0.000 30.845 -3.431 0.000
3 16  32.641 -4.739 6.000 31.875 -5.145 6.000 30.845 -3.431 0.000
3 16  32.641 -4.739 6.000 30.845 -3.431 0.000 31.801 -2.924 0.000
3 16  33.445 -4.419 6.000 32.641 -4.739 6.000 31.801 -2.924 0.000
3 16  33.445 -4.419 6.000 31.801 -2.924 0.000 32.807 -2.523 0.000
3 16  34.280 -4.187 6.000 33.445 -4.419 6.000 32.807 -2.523 0.000
3 16  34.280 -4.187 6.000 32.807 -2.523 0.000 33.850 -2.234 0.000
3 16  35.135 -4.047 6.000 34.280 -4.187 6.000 33.850 -2.234 0.000
3 16  35.135 -4.047 6.000 33.850 -2.234 0.000 34.919 -2.059 0.000
3 16  36.000 -4.000 6.000 35.135 -4.047 6.000 34.919 -2.059 0.000
3 16  36.000 -4.000 6.000 34.919 -2.059 0.000 36.000 -2.000 0.000
3 16  36.865 -4.047 6.000 36.000 -4.000 6.000 36.000 -2.000 0.000
3 16  37.081 -2.059 0.000 36.865 -4.047 6.000 36.000 -2.000 0.000
3 16  36.865 -19.953 6.000 37.081 -21.941 12.000 37.720 -19.813 6.000
3 16  37.081 -21.941 12.000 38.150 -21.766 12.000 37.720 -19.813 6.000
3 16  37.720 -19.813 6.000 38.150 -21.766 12.000 38.554 -19.581 6.000
3 16  38.150 -21.766 12.000 39.193 -21.477 12.000 38.554 -19.581 6.000
3 16  38.554 -19.581 6.000 39.193 -21.477 12.000 39.359 -19.261 6.000
3 16  39.193 -21.477 12.000 40.199 -21.076 12.000 39.359 -19.261 6.000
3 16  39.359 -19.261 6.000 40.199 -21.076 12.000 40.125 -18.855 6.000
3 16  40.199 -21.076 12.000 41.155 -20.569 12.000 40.125 -18.855 6.000
3 16  40.125 -18.855 6.000 41.155 -20.569 12.000 40.842 -18.369 6.000
3 16  41.155 -20.569 12.000 42.052 -19.961 12.000 40.842 -18.369 6.000
3 16  40.842 -18.369 6.000 42.052 -19.961 12.000 41.502 -17.808 6.000
3 16  42.052 -19.961 12.000 42.877 -19.260 12.000 41.502 -17.808 6.000
3 16  41.502 -17.808 6.000 42.877 -19.260 12.000 42.097 -17.179 6.000
3 16  42.877 -19.260 12.000 43.621 -18.474 12.000 42.097 -17.179 6.000
3 16  42.097 -17.179 6.000 43.621 -18.474 12.000 42.621 -16.489 6.000
3 16  43.621 -18.474 12.000 44.277 -17.612 12.000 42.621 -16.489 6.000
3 16  42.621 -16.489 6.000 44.277 -17.612 12.000 43.068 -15.747 6.000
3 16  44.277 -17.612 12.000 44.835 -16.684 12.000 43.068 -15.747 6.000
3 16  43.068 -15.747 6.000 44.835 -16.684 12.000 43.432 -14.961 6.000
3 16  44.835 -16.684 12.000 45.290 -15.701 12.000 43.432 -14.961 6.000
3 16  43.432 -14.961 6.000 45.290 -15.701 12.000 43.709 -14.140 6.000
3 16  45.290 -15.701 12.000 45.636 -14.675 12.000 43.709 -14.140 6.000
3 16  43.709 -14.140 6.000 45.636 -14.675 12.000 43.895 -13.294 6.000
3 16  45.636 -14.675 12.000 45.868 -13.618 12.000 43.895 -13.294 6.000
3 16  43.895 -13.294 6.000 45.868 -13.618 12.000 43.988 -12.433 6.000
3 16  45.868 -13.618 12.000 45.985 -12.541 12.000 43.988 -12.433 6.000
3 16  43.988 -12.433 6.000 45.985 -11.459 12.000 43.988 -11.567 6.000
3 16  45.985 -11.459 12.000 43.988 -12.433 6.000 45.985 -12.541 12.000
3 16  43.988 -11.567 6.000 45.985 -11.459 12.000 43.895 -10.706 6.000
3 16  43.895 -10.706 6.000 45.985 -11.459 12.000 45.868 -10.382 12.000
3 16  43.895 -10.706 6.000 45.868 -10.382 12.000 43.709 -9.860 6.000
3 16  43.709 -9.860 6.000 45.868 -10.382 12.000 45.636 -9.325 12.000
3 16  43.709 -9.860 6.000 45.636 -9.325 12.000 43.432 -9.039 6.000
3 16  43.432 -9.039 6.000 45.636 -9.325 12.000 45.290 -8.299 12.000
3 16  43.432 -9.039 6.000 45.290 -8.299 12.000 43.068 -8.253 6.000
3 16  43.068 -8.253 6.000 45.290 -8.299 12.000 44.835 -7.316 12.000
3 16  42.621 -7.511 6.000 43.068 -8.253 6.000 44.835 -7.316 12.000
3 16  42.621 -7.511 6.000 44.835 -7.316 12.000 44.277 -6.388 12.000
3 16  42.097 -6.821 6.000 42.621 -7.511 6.000 44.277 -6.388 12.000
3 16  42.097 -6.821 6.000 44.277 -6.388 12.000 43.621 -5.526 12.000
3 16  41.502 -6.192 6.000 42.097 -6.821 6.000 43.621 -5.526 12.000
3 16  41.502 -6.192 6.000 43.621 -5.526 12.000 42.877 -4.740 12.000
3 16  40.842 -5.631 6.000 41.502 -6.192 6.000 42.877 -4.740 12.000
3 16  40.842 -5.631 6.000 42.877 -4.740 12.000 42.052 -4.039 12.000
3 16  40.125 -5.145 6.000 40.842 -5.631 6.000 42.052 -4.039 12.000
3 16  40.125 -5.145 6.000 42.052 -4.039 12.000 41.155 -3.431 12.000
3 16  39.359 -4.739 6.000 40.125 -5.145 6.000 41.155 -3.431 12.000
3 16  39.359 -4.739 6.000 41.155 -3.431 12.000 40.199 -2.924 12.000
3 16  38.554 -4.419 6.000 39.359 -4.739 6.000 40.199 -2.924 12.000
3 16  38.554 -4.419 6.000 40.199 -2.924 12.000 39.193 -2.523 12.000
3 16  37.720 -4.187 6.000 38.554 -4.419 6.000 39.193 -2.523 12.000
3 16  37.720 -4.187 6.000 39.193 -2.523 12.000 38.150 -2.234 12.000
3 16  36.865 -4.047 6.000 37.720 -4.187 6.000 38.150 -2.234 12.000
3 16  36.865 -4.047 6.000 38.150 -2.234 12.000 37.081 -2.059 12.000
3 16  36.000 -4.000 6.000 36.865 -4.047 6.000 37.081 -2.059 12.000
3 16  36.000 -4.000 6.000 37.081 -2.059 12.000 36.000 -2.000 12.000
3 16  35.135 -4.047 6.000 36.000 -4.000 6.000 36.000 -2.000 12.000
3 16  34.919 -2.059 12.000 35.135 -4.047 6.000 36.000 -2.000 12.000
3 16  34.280 -4.187 6.000 35.135 -4.047 6.000 34.919 -2.059 12.000
3 16  33.850 -2.234 12.000 34.280 -4.187 6.000 34.919 -2.059 12.000
3 16  33.445 -4.419 6.000 34.280 -4.187 6.000 33.850 -2.234 12.000
3 16  32.807 -2.523 12.000 33.445 -4.419 6.000 33.850 -2.234 12.000
3 16  32.641 -4.739 6.000 33.445 -4.419 6.000 32.807 -2.523 12.000
3 16  31.801 -2.924 12.000 32.641 -4.739 6.000 32.807 -2.523 12.000
3 16  31.875 -5.145 6.000 32.641 -4.739 6.000 31.801 -2.924 12.000
3 16  30.845 -3.431 12.000 31.875 -5.145 6.000 31.801 -2.924 12.000
3 16  31.159 -5.631 6.000 31.875 -5.145 6.000 30.845 -3.431 12.000
3 16  29.948 -4.039 12.000 31.159 -5.631 6.000 30.845 -3.431 12.000
3 16  30.498 -6.192 6.000 31.159 -5.631 6.000 29.948 -4.039 12.000
3 16  29.123 -4.740 12.000 30.498 -6.192 6.000 29.948 -4.039 12.000
3 16  29.903 -6.821 6.000 30.498 -6.192 6.000 29.123 -4.740 12.000
3 16  28.378 -5.526 12.000 29.903 -6.821 6.000 29.123 -4.740 12.000
3 16  29.379 -7.511 6.000 29.903 -6.821 6.000 28.378 -5.526 12.000
3 16  27.723 -6.388 12.000 29.379 -7.511 6.000 28.378 -5.526 12.000
3 16  28.932 -8.253 6.000 29.379 -7.511 6.000 27.723 -6.388 12.000
3 16  27.165 -7.316 12.000 28.932 -8.253 6.000 27.723 -6.388 12.000
3 16  28.568 -9.039 6.000 28.932 -8.253 6.000 27.165 -7.316 12.000
3 16  26.710 -8.299 12.000 28.568 -9.039 6.000 27.165 -7.316 12.000
3 16  28.291 -9.860 6.000 28.568 -9.039 6.000 26.710 -8.299 12.000
3 16  26.364 -9.325 12.000 28.291 -9.860 6.000 26.710 -8.299 12.000
3 16  28.105 -10.706 6.000 28.291 -9.860 6.000 26.364 -9.325 12.000
3 16  26.132 -10.382 12.000 28.105 -10.706 6.000 26.364 -9.325 12.000
3 16  28.012 -11.567 6.000 28.105 -10.706 6.000 26.132 -10.382 12.000
3 16  26.015 -11.459 12.000 28.012 -11.567 6.000 26.132 -10.382 12.000
3 16  26.015 -11.459 12.000 28.012 -12.433 6.000 28.012 -11.567 6.000
3 16  28.012 -12.433 6.000 26.015 -11.459 12.000 26.015 -12.541 12.000
3 16  26.015 -12.541 12.000 28.105 -13.294 6.000 28.012 -12.433 6.000
3 16  26.132 -13.618 12.000 28.105 -13.294 6.000 26.015 -12.541 12.000
3 16  26.132 -13.618 12.000 28.291 -14.140 6.000 28.105 -13.294 6.000
3 16  26.364 -14.675 12.000 28.291 -14.140 6.000 26.132 -13.618 12.000
3 16  26.364 -14.675 12.000 28.568 -14.961 6.000 28.291 -14.140 6.000
3 16  26.710 -15.701 12.000 28.568 -14.961 6.000 26.364 -14.675 12.000
3 16  26.710 -15.701 12.000 28.932 -15.747 6.000 28.568 -14.961 6.000
3 16  27.165 -16.684 12.000 28.932 -15.747 6.000 26.710 -15.701 12.000
3 16  27.165 -16.684 12.000 29.379 -16.489 6.000 28.932 -15.747 6.000
3 16  27.165 -16.684 12.000 27.723 -17.612 12.000 29.379 -16.489 6.000
3 16  27.723 -17.612 12.000 29.903 -17.179 6.000 29.379 -16.489 6.000
3 16  27.723 -17.612 12.000 28.378 -18.474 12.000 29.903 -17.179 6.000
3 16  28.378 -18.474 12.000 30.498 -17.808 6.000 29.903 -17.179 6.000
3 16  28.378 -18.474 12.000 29.123 -19.260 12.000 30.498 -17.808 6.000
3 16  29.123 -19.260 12.000 31.159 -18.369 6.000 30.498 -17.808 6.000
3 16  29.123 -19.260 12.000 29.948 -19.961 12.000 31.159 -18.369 6.000
3 16  29.948 -19.961 12.000 31.875 -18.855 6.000 31.159 -18.369 6.000
3 16  29.948 -19.961 12.000 30.845 -20.569 12.000 31.875 -18.855 6.000
3 16  30.845 -20.569 12.000 32.641 -19.261 6.000 31.875 -18.855 6.000
3 16  30.845 -20.569 12.000 31.801 -21.076 12.000 32.641 -19.261 6.000
3 16  31.801 -21.076 12.000 33.445 -19.581 6.000 32.641 -19.261 6.000
3 16  31.801 -21.076 12.000 32.807 -21.477 12.000 33.445 -19.581 6.000
3 16  32.807 -21.477 12.000 34.280 -19.813 6.000 33.445 -19.581 6.000
3 16  32.807 -21.477 12.000 33.850 -21.766 12.000 34.280 -19.813 6.000
3 16  33.850 -21.766 12.000 35.135 -19.953 6.000 34.280 -19.813 6.000
3 16  33.850 -21.766 12.000 34.919 -21.941 12.000 35.135 -19.953 6.000
3 16  34.919 -21.941 12.000 36.000 -20.000 6.000 35.135 -19.953 6.000
3 16  34.919 -21.941 12.000 36.000 -22.000 12.000 36.000 -20.000 6.000
3 16  36.000 -20.000 6.000 36.000 -22.000 12.000 36.865 -19.953 6.000
3 16  36.000 -22.000 12.000 37.081 -21.941 12.000 36.865 -19.953 6.000
3 16  61.720 -4.187 6.000 60.865 -4.047 6.000 61.081 -2.059 0.000
3 16  62.150 -2.234 0.000 61.720 -4.187 6.000 61.081 -2.059 0.000
3 16  62.554 -4.419 6.000 61.720 -4.187 6.000 62.150 -2.234 0.000
3 16  63.193 -2.523 0.000 62.554 -4.419 6.000 62.150 -2.234 0.000
3 16  63.359 -4.739 6.000 62.554 -4.419 6.000 63.193 -2.523 0.000
3 16  64.199 -2.924 0.000 63.359 -4.739 6.000 63.193 -2.523 0.000
3 16  64.124 -5.145 6.000 63.359 -4.739 6.000 64.199 -2.924 0.000
3 16  65.156 -3.431 0.000 64.124 -5.145 6.000 64.199 -2.924 0.000
3 16  64.841 -5.631 6.000 64.124 -5.145 6.000 65.156 -3.431 0.000
3 16  66.052 -4.039 0.000 64.841 -5.631 6.000 65.156 -3.431 0.000
3 16  65.502 -6.192 6.000 64.841 -5.631 6.000 66.052 -4.039 0.000
3 16  66.877 -4.740 0.000 65.502 -6.192 6.000 66.052 -4.039 0.000
3 16  66.097 -6.821 6.000 65.502 -6.192 6.000 66.877 -4.740 0.000
3 16  67.621 -5.526 0.000 66.097 -6.821 6.000 66.877 -4.740 0.000
3 16  66.621 -7.511 6.000 66.097 -6.821 6.000 67.621 -5.526 0.000
3 16  68.277 -6.388 0.000 66.621 -7.511 6.000 67.621 -5.526 0.000
3 16  67.068 -8.253 6.000 66.621 -7.511 6.000 68.277 -6.388 0.000
3 16  68.835 -7.316 0.000 67.068 -8.253 6.000 68.277 -6.388 0.000
3 16  67.432 -9.039 6.000 67.068 -8.253 6.000 68.835 -7.316 0.000
3 16  69.290 -8.299 0.000 67.432 -9.039 6.000 68.835 -7.316 0.000
3 16  67.709 -9.860 6.000 67.432 -9.039 6.000 69.290 -8.299 0.000
3 16  69.635 -9.325 0.000 67.709 -9.860 6.000 69.290 -8.299 0.000
3 16  67.895 -10.706 6.000 67.709 -9.860 6.000 69.635 -9.325 0.000
3 16  69.868 -10.382 0.000 67.895 -10.706 6.000 69.635 -9.325 0.000
3 16  67.988 -11.567 6.000 67.895 -10.706 6.000 69.868 -10.382 0.000
3 16  69.985 -11.459 0.000 67.988 -11.567 6.000 69.868 -10.382 0.000
3 16  69.985 -11.459 0.000 67.988 -12.433 6.000 67.988 -11.567 6.000
3 16  67.988 -12.433 6.000 69.985 -11.459 0.000 69.985 -12.541 0.000
3 16  69.985 -12.541 0.000 67.895 -13.294 6.000 67.988 -12.433 6.000
3 16  69.868 -13.618 0.000 67.895 -13.294 6.000 69.985 -12.541 0.000
3 16  69.868 -13.618 0.000 67.709 -14.140 6.000 67.895 -13.294 6.000
3 16  69.635 -14.675 0.000 67.709 -14.140 6.000 69.868 -13.618 0.000
3 16  69.635 -14.675 0.000 67.432 -14.961 6.000 67.709 -14.140 6.000
3 16  69.290 -15.701 0.000 67.432 -14.961 6.000 69.635 -14.675 0.000
3 16  69.290 -15.701 0.000 67.068 -15.747 6.000 67.432 -14.961 6.000
3 16  68.835 -16.684 0.000 67.068 -15.747 6.000 69.290 -15.701 0.000
3 16  68.835 -16.684 0.000 66.621 -16.489 6.000 67.068 -15.747 6.000
3 16  68.835 -16.684 0.000 68.277 -17.612 0.000 66.621 -16.489 6.000
3 16  68.277 -17.612 0.000 66.097 -17.179 6.000 66.621 -16.489 6.000
3 16  68.277 -17.612 0.000 67.621 -18.474 0.000 66.097 -17.179 6.000
3 16  67.621 -18.474 0.000 65.502 -17.808 6.000 66.097 -17.179 6.000
3 16  67.621 -18.474 0.000 66.877 -19.260 0.000 65.502 -17.808 6.000
3 16  66.877 -19.260 0.000 64.841 -18.369 6.000 65.502 -17.808 6.000
3 16  66.877 -19.260 0.000 66.052 -19.961 0.000 64.841 -18.369 6.000
3 16  66.052 -19.961 0.000 64.124 -18.855 6.000 64.841 -18.369 6.000
3 16  66.052 -19.961 0.000 65.156 -20.569 0.000 64.124 -18.855 6.000
3 16  65.156 -20.569 0.000 63.359 -19.261 6.000 64.124 -18.855 6.000
3 16  65.156 -20.569 0.000 64.199 -21.076 0.000 63.359 -19.261 6.000
3 16  64.199 -21.076 0.000 62.554 -19.581 6.000 63.359 -19.261 6.000
3 16  64.199 -21.076 0.000 63.193 -21.477 0.000 62.554 -19.581 6.000
3 16  63.193 -21.477 0.000 61.720 -19.813 6.000 62.554 -19.581 6.000
3 16  63.193 -21.477 0.000 62.150 -21.766 0.000 61.720 -19.813 6.000
3 16  62.150 -21.766 0.000 60.865 -19.953 6.000 61.720 -19.813 6.000
3 16  62.150 -21.766 0.000 61.081 -21.941 0.000 60.865 -19.953 6.000
3 16  61.081 -21.941 0.000 60.000 -20.000 6.000 60.865 -19.953 6.000
3 16  61.081 -21.941 0.000 60.000 -22.000 0.000 60.000 -20.000 6.000
3 16  60.000 -20.000 6.000 60.000 -22.000 0.000 59.135 -19.953 6.000
3 16  60.000 -22.000 0.000 58.919 -21.941 0.000 59.135 -19.953 6.000
3 16  59.135 -19.953 6.000 58.919 -21.941 0.000 58.280 -19.813 6.000
3 16  58.919 -21.941 0.000 57.850 -21.766 0.000 58.280 -19.813 6.000
3 16  58.280 -19.813 6.000 57.850 -21.766 0.000 57.446 -19.581 6.000
3 16  57.850 -21.766 0.000 56.807 -21.477 0.000 57.446 -19.581 6.000
3 16  57.446 -19.581 6.000 56.807 -21.477 0.000 56.641 -19.261 6.000
3 16  56.807 -21.477 0.000 55.801 -21.076 0.000 56.641 -19.261 6.000
3 16  56.641 -19.261 6.000 55.801 -21.076 0.000 55.876 -18.855 6.000
3 16  55.801 -21.076 0.000 54.844 -20.569 0.000 55.876 -18.855 6.000
3 16  55.876 -18.855 6.000 54.844 -20.569 0.000 55.159 -18.369 6.000
3 16  54.844 -20.569 0.000 53.948 -19.961 0.000 55.159 -18.369 6.000
3 16  55.159 -18.369 6.000 53.948 -19.961 0.000 54.498 -17.808 6.000
3 16  53.948 -19.961 0.000 53.123 -19.260 0.000 54.498 -17.808 6.000
3 16  54.498 -17.808 6.000 53.123 -19.260 0.000 53.903 -17.179 6.000
3 16  53.123 -19.260 0.000 52.379 -18.474 0.000 53.903 -17.179 6.000
3 16  53.903 -17.179 6.000 52.379 -18.474 0.000 53.379 -16.489 6.000
3 16  52.379 -18.474 0.000 51.723 -17.612 0.000 53.379 -16.489 6.000
3 16  53.379 -16.489 6.000 51.723 -17.612 0.000 52.932 -15.747 6.000
3 16  51.723 -17.612 0.000 51.165 -16.684 0.000 52.932 -15.747 6.000
3 16  52.932 -15.747 6.000 51.165 -16.684 0.000 52.568 -14.961 6.000
3 16  51.165 -16.684 0.000 50.710 -15.701 0.000 52.568 -14.961 6.000
3 16  52.568 -14.961 6.000 50.710 -15.701 0.000 52.291 -14.140 6.000
3 16  50.710 -15.701 0.000 50.365 -14.675 0.000 52.291 -14.140 6.000
3 16  52.291 -14.140 6.000 50.365 -14.675 0.000 52.105 -13.294 6.000
3 16  50.365 -14.675 0.000 50.132 -13.618 0.000 52.105 -13.294 6.000
3 16  52.105 -13.294 6.000 50.132 -13.618 0.000 52.012 -12.433 6.000
3 16  50.132 -13.618 0.000 50.015 -12.541 0.000 52.012 -12.433 6.000
3 16  52.012 -12.433 6.000 50.015 -11.459 0.000 52.012 -11.567 6.000
3 16  50.015 -11.459 0.000 52.012 -12.433 6.000 50.015 -12.541 0.000
3 16  52.012 -11.567 6.000 50.015 -11.459 0.000 52.105 -10.706 6.000
3 16  52.105 -10.706 6.000 50.015 -11.459 0.000 50.132 -10.382 0.000
3 16  52.105 -10.706 6.000 50.132 -10.382 0.000 52.291 -9.860 6.000
3 16  52.291 -9.860 6.000 50.132 -10.382 0.000 50.365 -9.325 0.000
3 16  52.291 -9.860 6.000 50.365 -9.325 0.000 52.568 -9.039 6.000
3 16  52.568 -9.039 6.000 50.365 -9.325 0.000 50.710 -8.299 0.000
3 16  52.568 -9.039 6.000 50.710 -8.299 0.000 52.932 -8.253 6.000
3 16  52.932 -8.253 6.000 50.710 -8.299 0.000 51.165 -7.316 0.000
3 16  53.379 -7.511 6.000 52.932 -8.253 6.000 51.165 -7.316 0.000
3 16  53.379 -7.511 6.000 51.165 -7.316 0.000 51.723 -6.388 0.000
3 16  53.903 -6.821 6.000 53.379 -7.511 6.000 51.723 -6.388 0.000
3 16  53.903 -6.821 6.000 51.723 -6.388 0.000 52.379 -5.526 0.000
3 16  54.498 -6.192 6.000 53.903 -6.821 6.000 52.379 -5.526 0.000
3 16  54.498 -6.192 6.000 52.379 -5.526 0.000 53.123 -4.740 0.000
3 16  55.159 -5.631 6.000 54.498 -6.192 6.000 53.123 -4.740 0.000
3 16  55.159 -5.631 6.000 53.123 -4.740 0.000 53.948 -4.039 0.000
3 16  55.876 -5.145 6.000 55.159 -5.631 6.000 53.948 -4.039 0.000
3 16  55.876 -5.145 6.000 53.948 -4.039 0.000 54.844 -3.431 0.000
3 16  56.641 -4.739 6.000 55.876 -5.145 6.000 54.844 -3.431 0.000
3 16  56.641 -4.739 6.000 54.844 -3.431 0.000 55.801 -2.924 0.000
3 16  57.446 -4.419 6.000 56.641 -4.739 6.000 55.801 -2.924 0.000
3 16  57.446 -4.419 6.000 55.801 -2.924 0.000 56.807 -2.523 0.000
3 16  58.280 -4.187 6.000 57.446 -4.419 6.000 56.807 -2.523 0.000
3 16  58.280 -4.187 6.000 56.807 -2.523 0.000 57.850 -2.234 0.000
3 16  59.135 -4.047 6.000 58.280 -4.187 6.000 57.850 -2.234 0.000
3 16  59.135 -4.047 6.000 57.850 -2.234 0.000 58.919 -2.059 0.000
3 16  60.000 -4.000 6.000 59.135 -4.047 6.000 58.919 -2.059 0.000
3 16  60.000 -4.000 6.000 58.919 -2.059 0.000 60.000 -2.000 0.000
3 16  60.865 -4.047 6.000 60.000 -4.000 6.000 60.000 -2.000 0.000
3 16  61.081 -2.059 0.000 60.865 -4.047 6.000 60.000 -2.000 0.000
3 16  60.865 -19.953 6.000 61.081 -21.941 12.000 61.720 -19.813 6.000
3 16  61.081 -21.941 12.000 62.150 -21.766 12.000 61.720 -19.813 6.000
3 16  61.720 -19.813 6.000 62.150 -21.766 12.000 62.554 -19.581 6.000
3 16  62.150 -21.766 12.000 63.193 -21.477 12.000 62.554 -19.581 6.000
3 16  62.554 -19.581 6.000 63.193 -21.477 12.000 63.359 -19.261 6.000
3 16  63.193 -21.477 12.000 64.199 -21.076 12.000 63.359 -19.261 6.000
3 16  63.359 -19.261 6.000 64.199 -21.076 12.000 64.124 -18.855 6.000
3 16  64.199 -21.076 12.000 65.156 -20.569 12.000 64.124 -18.855 6.000
3 16  64.124 -18.855 6.000 65.156 -20.569 12.000 64.841 -18.369 6.000
3 16  65.156 -20.569 12.000 66.052 -19.961 12.000 64.841 -18.369 6.000
3 16  64.841 -18.369 6.000 66.052 -19.961 12.000 65.502 -17.808 6.000
3 16  66.052 -19.961 12.000 66.877 -19.260 12.000 65.502 -17.808 6.000
3 16  65.502 -17.808 6.000 66.877 -19.260 12.000 66.097 -17.179 6.000
3 16  66.877 -19.260 12.000 67.621 -18.474 12.000 66.097 -17.179 6.000
3 16  66.097 -17.179 6.000 67.621 -18.474 12.000 66.621 -16.489 6.000
3 16  67.621 -18.474 12.000 68.277 -17.612 12.000 66.621 -16.489 6.000
3 16  66.621 -16.489 6.000 68.277 -17.612 12.000 67.068 -15.747 6.000
3 16  68.277 -17.612 12.000 68.835 -16.684 12.000 67.068 -15.747 6.000
3 16  67.068 -15.747 6.000 68.835 -16.684 12.000 67.432 -14.961 6.000
3 16  68.835 -16.684 12.000 69.290 -15.701 12.000 67.432 -14.961 6.000
3 16  67.432 -14.961 6.000 69.290 -15.701 12.000 67.709 -14.140 6.000
3 16  69.290 -15.701 12.000 69.635 -14.675 12.000 67.709 -14.140 6.000
3 16  67.709 -14.140 6.000 69.635 -14.675 12.000 67.895 -13.294 6.000
3 16  69.635 -14.675 12.000 69.868 -13.618 12.000 67.895 -13.294 6.000
3 16  67.895 -13.294 6.000 69.868 -13.618 12.000 67.988 -12.433 6.000
3 16  69.868 -13.618 12.000 69.985 -12.541 12.000 67.988 -12.433 6.000
3 16  67.988 -12.433 6.000 69.985 -11.459 12.000 67.988 -11.567 6.000
3 16  69.985 -11.459 12.000 67.988 -12.433 6.000 69.985 -12.541 12.000
3 16  67.988 -11.567 6.000 69.985 -11.459 12.000 67.895 -10.706 6.000
3 16  67.895 -10.706 6.000 69.985 -11.459 12.000 69.868 -10.382 12.000
3 16  67.895 -10.706 6.000 69.868 -10.382 12.000 67.709 -9.860 6.000
3 16  67.709 -9.860 6.000 69.868 -10.382 12.000 69.635 -9.325 12.000
3 16  67.709 -9.860 6.000 69.635 -9.325 12.000 67.432 -9.039 6.000
3 16  67.432 -9.039 6.000 69.635 -9.325 12.000 69.290 -8.299 12.000
3 16  67.432 -9.039 6.000 69.290 -8.299 12.000 67.068 -8.253 6.000
3 16  67.068 -8.253 6.000 69.290 -8.299 12.000 68.835 -7.316 12.000
3 16  66.621 -7.511 6.000 67.068 -8.253 6.000 68.835 -7.316 12.000
3 16  66.621 -7.511 6.000 68.835 -7.316 12.000 68.277 -6.388 12.000
3 16  66.097 -6.821 6.000 66.621 -7.511 6.000 68.277 -6.388 12.000
3 16  66.097 -6.821 6.000 68.277 -6.388 12.000 67.621 -5.526 12.000
3 16  65.502 -6.192 6.000 66.097 -6.821 6.000 67.621 -5.526 12.000
3 16  65.502 -6.192 6.000 67.621 -5.526 12.000 66.877 -4.740 12.000
3 16  64.841 -5.631 6.000 65.502 -6.192 6.000 66.877 -4.740 12.000
3 16  64.841 -5.631 6.000 66.877 -4.740 12.000 66.052 -4.039 12.000
3 16  64.124 -5.145 6.000 64.841 -5.631 6.000 66.052 -4.039 12.000
3 16  64.124 -5.145 6.000 66.052 -4.039 12.000 65.156 -3.431 12.000
3 16  63.359 -4.739 6.000 64.124 -5.145 6.000 65.156 -3.431 12.000
3 16  63.359 -4.739 6.000 65.156 -3.431 12.000 64.199 -2.924 12.000
3 16  62.554 -4.419 6.000 63.359 -4.739 6.000 64.199 -2.924 12.000
3 16  62.554 -4.419 6.000 64.199 -2.924 12.000 63.193 -2.523 12.000
3 16  61.720 -4.187 6.000 62.554 -4.419 6.000 63.193 -2.523 12.000
3 16  61.720 -4.187 6.000 63.193 -2.523 12.000 62.150 -2.234 12.000
3 16  60.865 -4.047 6.000 61.720 -4.187 6.000 62.150 -2.234 12.000
3 16  60.865 -4.047 6.000 62.150 -2.234 12.000 61.081 -2.059 12.000
3 16  60.000 -4.000 6.000 60.865 -4.047 6.000 61.081 -2.059 12.000
3 16  60.000 -4.000 6.000 61.081 -2.059 12.000 60.000 -2.000 12.000
3 16  59.135 -4.047 6.000 60.000 -4.000 6.000 60.000 -2.000 12.000
3 16  58.919 -2.059 12.000 59.135 -4.047 6.000 60.000 -2.000 12.000
3 16  58.280 -4.187 6.000 59.135 -4.047 6.000 58.919 -2.059 12.000
3 16  57.850 -2.234 12.000 58.280 -4.187 6.000 58.919 -2.059 12.000
3 16  57.446 -4.419 6.000 58.280 -4.187 6.000 57.850 -2.234 12.000
3 16  56.807 -2.523 12.000 57.446 -4.419 6.000 57.850 -2.234 12.000
3 16  56.641 -4.739 6.000 57.446 -4.419 6.000 56.807 -2.523 12.000
3 16  55.801 -2.924 12.000 56.641 -4.739 6.000 56.807 -2.523 12.000
3 16  55.876 -5.145 6.000 56.641 -4.739 6.000 55.801 -2.924 12.000
3 16  54.844 -3.431 12.000 55.876 -5.145 6.000 55.801 -2.924 12.000
3 16  55.159 -5.631 6.000 55.876 -5.145 6.000 54.844 -3.431 12.000
3 16  53.948 -4.039 12.000 55.159 -5.631 6.000 54.844 -3.431 12.000
3 16  54.498 -6.192 6.000 55.159 -5.631 6.000 53.948 -4.039 12.000
3 16  53.123 -4.740 12.000 54.498 -6.192 6.000 53.948 -4.039 12.000
3 16  53.903 -6.821 6.000 54.498 -6.192 6.000 53.123 -4.740 12.000
3 16  52.379 -5.526 12.000 53.903 -6.821 6.000 53.123 -4.740 12.000
3 16  53.379 -7.511 6.000 53.903 -6.821 6.000 52.379 -5.526 12.000
3 16  51.723 -6.388 12.000 53.379 -7.511 6.000 52.379 -5.526 12.000
3 16  52.932 -8.253 6.000 53.379 -7.511 6.000 51.723 -6.388 12.000
3 16  51.165 -7.316 12.000 52.932 -8.253 6.000 51.723 -6.388 12.000
3 16  52.568 -9.039 6.000 52.932 -8.253 6.000 51.165 -7.316 12.000
3 16  50.710 -8.299 12.000 52.568 -9.039 6.000 51.165 -7.316 12.000
3 16  52.291 -9.860 6.000 52.568 -9.039 6.000 50.710 -8.299 12.000
3 16  50.365 -9.325 12.000 52.291 -9.860 6.000 50.710 -8.299 12.000
3 16  52.105 -10.706 6.000 52.291 -9.860 6.000 50.365 -9.325 12.000
3 16  50.132 -10.382 12.000 52.105 -10.706 6.000 50.365 -9.325 12.000
3 16  52.012 -11.567 6.000 52.105 -10.706 6.000 50.132 -10.382 12.000
3 16  50.015 -11.459 12.000 52.012 -11.567 6.000 50.132 -10.382 12.000
3 16  50.015 -11.459 12.000 52.012 -12.433 6.000 52.012 -11.567 6.000
3 16  52.012 -12.433 6.000 50.015 -11.459 12.000 50.015 -12.541 12.000
3 16  50.015 -12.541 12.000 52.105 -13.294 6.000 52.012 -12.433 6.000
3 16  50.132 -13.618 12.000 52.105 -13.294 6.000 50.015 -12.541 12.000
3 16  50.132 -13.618 12.000 52.291 -14.140 6.000 52.105 -13.294 6.000
3 16  50.365 -14.675 12.000 52.291 -14.140 6.000 50.132 -13.618 12.000
3 16  50.365 -14.675 12.000 52.568 -14.961 6.000 52.291 -14.140 6.000
3 16  50.710 -15.701 12.000 52.568 -14.961 6.000 50.365 -14.675 12.000
3 16  50.710 -15.701 12.000 52.932 -15.747 6.000 52.568 -14.961 6.000
3 16  51.165 -16.684 12.000 52.932 -15.747 6.000 50.710 -15.701 12.000
3 16  51.165 -16.684 12.000 53.379 -16.489 6.000 52.932 -15.747 6.000
3 16  51.165 -16.684 12.000 51.723 -17.612 12.000 53.379 -16.489 6.000
3 16  51.723 -17.612 12.000 53.903 -17.179 6.000 53.379 -16.489 6.000
3 16  51.723 -17.612 12.000 52.379 -18.474 12.000 53.903 -17.179 6.000
3 16  52.379 -18.474 12.000 54.498 -17.808 6.000 53.903 -17.179 6.000
3 16  52.379 -18.474 12.000 53.123 -19.260 12.000 54.498 -17.808 6.000
3 16  53.123 -19.260 12.000 55.159 -18.369 6.000 54.498 -17.808 6.000
3 16  53.123 -19.260 12.000 53.948 -19.961 12.000 55.159 -18.369 6.000
3 16  53.948 -19.961 12.000 55.876 -18.855 6.000 55.159 -18.369 6.000
3 16  53.948 -19.961 12.000 54.844 -20.569 12.000 55.876 -18.855 6.000
3 16  54.844 -20.569 12.000 56.641 -19.261 6.000 55.876 -18.855 6.000
3 16  54.844 -20.569 12.000 55.801 -21.076 12.000 56.641 -19.261 6.000
3 16  55.801 -21.076 12.000 57.446 -19.581 6.000 56.641 -19.261 6.000
3 16  55.801 -21.076 12.000 56.807 -21.477 12.000 57.446 -19.581 6.000
3 16  56.807 -21.477 12.000 58.280 -19.813 6.000 57.446 -19.581 6.000
3 16  56.807 -21.477 12.000 57.850 -21.766 12.000 58.280 -19.813 6.000
3 16  57.850 -21.766 12.000 59.135 -19.953 6.000 58.280 -19.813 6.000
3 16  57.850 -21.766 12.000 58.919 -21.941 12.000 59.135 -19.953 6.000
3 16  58.919 -21.941 12.000 60.000 -20.000 6.000 59.135 -19.953 6.000
3 16  58.919 -21.941 12.000 60.000 -22.000 12.000 60.000 -20.000 6.000
3 16  60.000 -20.000 6.000 60.000 -22.000 12.000 60.865 -19.953 6.000
3 16  60.000 -22.000 12.000 61.081 -21.941 12.000 60.865 -19.953 6.000
3 16  72.000 -24.000 0.000 84.000 -24.000 12.000 72.000 -24.000 12.000
3 16  84.000 -24.000 12.000 72.000 -24.000 0.000 84.000 -24.000 0.000
3 16  84.000 -2.059 22.919 84.000 0.000 36.000 84.000 -2.000 24.000
3 16  84.000 0.000 36.000 84.000 -2.059 25.081 84.000 -2.000 24.000
3 16  84.000 0.000 36.000 84.000 -2.234 26.150 84.000 -2.059 25.081
3 16  84.000 0.000 36.000 84.000 -2.523 27.193 84.000 -2.234 26.150
3 16  84.000 0.000 36.000 84.000 -2.924 28.199 84.000 -2.523 27.193
3 16  84.000 0.000 36.000 84.000 -3.431 29.155 84.000 -2.924 28.199
3 16  84.000 0.000 36.000 84.000 -4.039 30.052 84.000 -3.431 29.155
3 16  84.000 0.000 36.000 84.000 -4.740 30.877 84.000 -4.039 30.052
3 16  84.000 0.000 36.000 84.000 -5.526 31.622 84.000 -4.740 30.877
3 16  84.000 0.000 36.000 84.000 -6.388 32.277 84.000 -5.526 31.622
3 16  84.000 0.000 36.000 84.000 -7.316 32.835 84.000 -6.388 32.277
3 16  84.000 0.000 36.000 84.000 -8.299 33.290 84.000 -7.316 32.835
3 16  84.000 0.000 36.000 84.000 -9.325 33.636 84.000 -8.299 33.290
3 16  84.000 0.000 36.000 84.000 -10.382 33.868 84.000 -9.325 33.636
3 16  84.000 0.000 36.000 84.000 -11.459 33.985 84.000 -10.382 33.868
3 16  84.000 0.000 36.000 84.000 -12.541 33.985 84.000 -11.459 33.985
3 16  84.000 -24.000 36.000 84.000 -12.541 33.985 84.000 0.000 36.000
3 16  84.000 -24.000 36.000 84.000 -22.000 24.000 84.000 -21.941 25.081
3 16  84.000 -12.541 33.985 84.000 -24.000 36.000 84.000 -13.618 33.868
3 16  84.000 -24.000 36.000 84.000 -14.675 33.636 84.000 -13.618 33.868
3 16  84.000 -24.000 36.000 84.000 -15.701 33.290 84.000 -14.675 33.636
3 16  84.000 -24.000 36.000 84.000 -16.684 32.835 84.000 -15.701 33.290
3 16  84.000 -24.000 36.000 84.000 -17.612 32.277 84.000 -16.684 32.835
3 16  84.000 -24.000 36.000 84.000 -18.474 31.622 84.000 -17.612 32.277
3 16  84.000 -24.000 36.000 84.000 -19.260 30.877 84.000 -18.474 31.622
3 16  84.000 -24.000 36.000 84.000 -19.961 30.052 84.000 -19.260 30.877
3 16  84.000 -24.000 36.000 84.000 -20.569 29.155 84.000 -19.961 30.052
3 16  84.000 -24.000 36.000 84.000 -21.076 28.199 84.000 -20.569 29.155
3 16  84.000 -24.000 36.000 84.000 -21.477 27.193 84.000 -21.076 28.199
3 16  84.000 -24.000 36.000 84.000 -21.766 26.150 84.000 -21.477 27.193
3 16  84.000 -24.000 36.000 84.000 -21.941 25.081 84.000 -21.766 26.150
3 16  84.000 -22.000 24.000 84.000 -24.000 36.000 84.000 -24.000 12.000
3 16  84.000 0.000 36.000 84.000 -2.059 22.919 84.000 0.000 0.000
3 16  84.000 -2.234 21.850 84.000 0.000 0.000 84.000 -2.059 22.919
3 16  84.000 -2.523 20.807 84.000 0.000 0.000 84.000 -2.234 21.850
3 16  84.000 -2.924 19.801 84.000 0.000 0.000 84.000 -2.523 20.807
3 16  84.000 -3.431 18.844 84.000 0.000 0.000 84.000 -2.924 19.801
3 16  84.000 -4.039 17.948 84.000 0.000 0.000 84.000 -3.431 18.844
3 16  84.000 -4.740 17.123 84.000 0.000 0.000 84.000 -4.039 17.948
3 16  84.000 -5.526 16.378 84.000 0.000 0.000 84.000 -4.740 17.123
3 16  84.000 -6.388 15.723 84.000 0.000 0.000 84.000 -5.526 16.378
3 16  84.000 -7.316 15.165 84.000 0.000 0.000 84.000 -6.388 15.723
3 16  84.000 -8.299 14.710 84.000 0.000 0.000 84.000 -7.316 15.165
3 16  84.000 -9.325 14.364 84.000 0.000 0.000 84.000 -8.299 14.710
3 16  84.000 -10.382 14.132 84.000 0.000 0.000 84.000 -9.325 14.364
3 16  84.000 -11.459 14.015 84.000 0.000 0.000 84.000 -10.382 14.132
3 16  84.000 -12.541 14.015 84.000 0.000 0.000 84.000 -11.459 14.015
3 16  84.000 -24.000 0.000 84.000 -12.541 14.015 84.000 -13.618 14.132
3 16  84.000 -24.000 0.000 84.000 -13.618 14.132 84.000 -14.675 14.364
3 16  84.000 -24.000 12.000 84.000 -14.675 14.364 84.000 -15.701 14.710
3 16  84.000 -24.000 12.000 84.000 -15.701 14.710 84.000 -16.684 15.165
3 16  84.000 -24.000 12.000 84.000 -16.684 15.165 84.000 -17.612 15.723
3 16  84.000 -24.000 12.000 84.000 -17.612 15.723 84.000 -18.474 16.378
3 16  84.000 -24.000 12.000 84.000 -21.941 22.919 84.000 -22.000 24.000
3 16  84.000 -24.000 12.000 84.000 -21.766 21.850 84.000 -21.941 22.919
3 16  84.000 -24.000 12.000 84.000 -21.477 20.807 84.000 -21.766 21.850
3 16  84.000 -24.000 12.000 84.000 -21.076 19.801 84.000 -21.477 20.807
3 16  84.000 -24.000 12.000 84.000 -20.569 18.844 84.000 -21.076 19.801
3 16  84.000 -24.000 12.000 84.000 -19.961 17.948 84.000 -20.569 18.844
3 16  84.000 -24.000 12.000 84.000 -19.260 17.123 84.000 -19.961 17.948
3 16  84.000 -24.000 12.000 84.000 -18.474 16.378 84.000 -19.260 17.123
3 16  84.000 -14.675 14.364 84.000 -24.000 12.000 84.000 -24.000 0.000
3 16  84.000 -12.541 14.015 84.000 -24.000 0.000 84.000 0.000 0.000
3 16  72.000 0.000 12.000 72.000 -2.000 24.000 72.000 0.000 36.000
3 16  72.000 0.000 12.000 72.000 -2.059 22.919 72.000 -2.000 24.000
3 16  72.000 0.000 12.000 72.000 -2.234 21.850 72.000 -2.059 22.919
3 16  72.000 0.000 12.000 72.000 -2.523 20.807 72.000 -2.234 21.850
3 16  72.000 0.000 12.000 72.000 -2.924 19.801 72.000 -2.523 20.807
3 16  72.000 0.000 12.000 72.000 -3.431 18.844 72.000 -2.924 19.801
3 16  72.000 0.000 12.000 72.000 -4.039 17.948 72.000 -3.431 18.844
3 16  72.000 0.000 12.000 72.000 -4.740 17.123 72.000 -4.039 17.948
3 16  72.000 0.000 12.000 72.000 -5.526 16.378 72.000 -4.740 17.123
3 16  72.000 0.000 12.000 72.000 -6.388 15.723 72.000 -5.526 16.378
3 16  72.000 0.000 12.000 72.000 -7.316 15.165 72.000 -6.388 15.723
3 16  72.000 0.000 12.000 72.000 -8.299 14.710 72.000 -7.316 15.165
3 16  72.000 0.000 12.000 72.000 -9.325 14.364 72.000 -8.299 14.710
3 16  72.000 0.000 12.000 72.000 -10.382 14.132 72.000 -9.325 14.364
3 16  72.000 0.000 12.000 72.000 -11.459 14.015 72.000 -10.382 14.132
3 16  72.000 0.000 12.000 72.000 -12.541 14.015 72.000 -11.459 14.015
3 16  72.000 -24.000 12.000 72.000 -12.541 14.015 72.000 0.000 12.000
3 16  72.000 -21.941 22.919 72.000 -24.000 12.000 72.000 -22.000 24.000
3 16  72.000 -21.766 21.850 72.000 -24.000 12.000 72.000 -21.941 22.919
3 16  72.000 -21.477 20.807 72.000 -24.000 12.000 72.000 -21.766 21.850
3 16  72.000 -21.076 19.801 72.000 -24.000 12.000 72.000 -21.477 20.807
3 16  72.000 -20.569 18.844 72.000 -24.000 12.000 72.000 -21.076 19.801
3 16  72.000 -19.961 17.948 72.000 -24.000 12.000 72.000 -20.569 18.844
3 16  72.000 -19.260 17.123 72.000 -24.000 12.000 72.000 -19.961 17.948
3 16  72.000 -18.474 16.378 72.000 -24.000 12.000 72.000 -19.260 17.123
3 16  72.000 -17.612 15.723 72.000 -24.000 12.000 72.000 -18.474 16.378
3 16  72.000 -16.684 15.165 72.000 -24.000 12.000 72.000 -17.612 15.723
3 16  72.000 -15.701 14.710 72.000 -24.000 12.000 72.000 -16.684 15.165
3 16  72.000 -14.675 14.364 72.000 -24.000 12.000 72.000 -15.701 14.710
3 16  72.000 -13.618 14.132 72.000 -24.000 12.000 72.000 -14.675 14.364
3 16  72.000 -12.541 14.015 72.000 -24.000 12.000 72.000 -13.618 14.132
3 16  72.000 -2.059 25.081 72.000 0.000 36.000 72.000 -2.000 24.000
3 16  72.000 -2.234 26.150 72.000 0.000 36.000 72.000 -2.059 25.081
3 16  72.000 -2.523 27.193 72.000 0.000 36.000 72.000 -2.234 26.150
3 16  72.000 -2.924 28.199 72.000 0.000 36.000 72.000 -2.523 27.193
3 16  72.000 -3.431 29.155 72.000 0.000 36.000 72.000 -2.924 28.199
3 16  72.000 -4.039 30.052 72.000 0.000 36.000 72.000 -3.431 29.155
3 16  72.000 -4.740 30.877 72.000 0.000 36.000 72.000 -4.039 30.052
3 16  72.000 -5.526 31.622 72.000 0.000 36.000 72.000 -4.740 30.877
3 16  72.000 -6.388 32.277 72.000 0.000 36.000 72.000 -5.526 31.622
3 16  72.000 -7.316 32.835 72.000 0.000 36.000 72.000 -6.388 32.277
3 16  72.000 -8.299 33.290 72.000 0.000 36.000 72.000 -7.316 32.835
3 16  72.000 -9.325 33.636 72.000 0.000 36.000 72.000 -8.299 33.290
3 16  72.000 -10.382 33.868 72.000 0.000 36.000 72.000 -9.325 33.636
3 16  72.000 -11.459 33.985 72.000 0.000 36.000 72.000 -10.382 33.868
3 16  72.000 -12.541 33.985 72.000 0.000 36.000 72.000 -11.459 33.985
3 16  72.000 -24.000 36.000 72.000 -12.541 33.985 72.000 -13.618 33.868
3 16  72.000 -24.000 36.000 72.000 -22.000 24.000 72.000 -24.000 12.000
3 16  72.000 -12.541 33.985 72.000 -24.000 36.000 72.000 0.000 36.000
3 16  72.000 -14.675 33.636 72.000 -24.000 36.000 72.000 -13.618 33.868
3 16  72.000 -15.701 33.290 72.000 -24.000 36.000 72.000 -14.675 33.636
3 16  72.000 -16.684 32.835 72.000 -24.000 36.000 72.000 -15.701 33.290
3 16  72.000 -17.612 32.277 72.000 -24.000 36.000 72.000 -16.684 32.835
3 16  72.000 -18.474 31.622 72.000 -24.000 36.000 72.000 -17.612 32.277
3 16  72.000 -19.260 30.877 72.000 -24.000 36.000 72.000 -18.474 31.622
3 16  72.000 -19.961 30.052 72.000 -24.000 36.000 72.000 -19.260 30.877
3 16  72.000 -20.569 29.155 72.000 -24.000 36.000 72.000 -19.961 30.052
3 16  72.000 -21.076 28.199 72.000 -24.000 36.000 72.000 -20.569 29.155
3 16  72.000 -21.477 27.193 72.000 -24.000 36.000 72.000 -21.076 28.199
3 16  72.000 -21.766 26.150 72.000 -24.000 36.000 72.000 -21.477 27.193
3 16  72.000 -21.941 25.081 72.000 -24.000 36.000 72.000 -21.766 26.150
3 16  72.000 -22.000 24.000 72.000 -24.000 36.000 72.000 -21.941 25.081
3 16  78.000 -4.187 25.720 78.000 -4.047 24.865 84.000 -2.059 25.081
3 16  84.000 -2.234 26.150 78.000 -4.187 25.720 84.000 -2.059 25.081
3 16  78.000 -4.419 26.555 78.000 -4.187 25.720 84.000 -2.234 26.150
3 16  84.000 -2.523 27.193 78.000 -4.419 26.555 84.000 -2.234 26.150
3 16  78.000 -4.739 27.359 78.000 -4.419 26.555 84.000 -2.523 27.193
3 16  84.000 -2.924 28.199 78.000 -4.739 27.359 84.000 -2.523 27.193
3 16  78.000 -5.145 28.125 78.000 -4.739 27.359 84.000 -2.924 28.199
3 16  84.000 -3.431 29.155 78.000 -5.145 28.125 84.000 -2.924 28.199
3 16  78.000 -5.631 28.841 78.000 -5.145 28.125 84.000 -3.431 29.155
3 16  84.000 -4.039 30.052 78.000 -5.631 28.841 84.000 -3.431 29.155
3 16  78.000 -6.192 29.502 78.000 -5.631 28.841 84.000 -4.039 30.052
3 16  84.000 -4.740 30.877 78.000 -6.192 29.502 84.000 -4.039 30.052
3 16  78.000 -6.821 30.097 78.000 -6.192 29.502 84.000 -4.740 30.877
3 16  84.000 -5.526 31.622 78.000 -6.821 30.097 84.000 -4.740 30.877
3 16  78.000 -7.511 30.621 78.000 -6.821 30.097 84.000 -5.526 31.622
3 16  84.000 -6.388 32.277 78.000 -7.511 30.621 84.000 -5.526 31.622
3 16  78.000 -8.253 31.068 78.000 -7.511 30.621 84.000 -6.388 32.277
3 16  84.000 -7.316 32.835 78.000 -8.253 31.068 84.000 -6.388 32.277
3 16  78.000 -9.039 31.432 78.000 -8.253 31.068 84.000 -7.316 32.835
3 16  84.000 -8.299 33.290 78.000 -9.039 31.432 84.000 -7.316 32.835
3 16  78.000 -9.860 31.709 78.000 -9.039 31.432 84.000 -8.299 33.290
3 16  84.000 -9.325 33.636 78.000 -9.860 31.709 84.000 -8.299 33.290
3 16  78.000 -10.706 31.895 78.000 -9.860 31.709 84.000 -9.325 33.636
3 16  84.000 -10.382 33.868 78.000 -10.706 31.895 84.000 -9.325 33.636
3 16  78.000 -11.567 31.988 78.000 -10.706 31.895 84.000 -10.382 33.868
3 16  84.000 -11.459 33.985 78.000 -11.567 31.988 84.000 -10.382 33.868
3 16  78.000 -12.433 31.988 84.000 -11.459 33.985 84.000 -12.541 33.985
3 16  84.000 -11.459 33.985 78.000 -12.433 31.988 78.000 -11.567 31.988
3 16  84.000 -12.541 33.985 78.000 -13.294 31.895 78.000 -12.433 31.988
3 16  84.000 -13.618 33.868 78.000 -13.294 31.895 84.000 -12.541 33.985
3 16  84.000 -13.618 33.868 78.000 -14.140 31.709 78.000 -13.294 31.895
3 16  84.000 -14.675 33.636 78.000 -14.140 31.709 84.000 -13.618 33.868
3 16  84.000 -14.675 33.636 78.000 -14.961 31.432 78.000 -14.140 31.709
3 16  84.000 -15.701 33.290 78.000 -14.961 31.432 84.000 -14.675 33.636
3 16  84.000 -15.701 33.290 78.000 -15.747 31.068 78.000 -14.961 31.432
3 16  84.000 -16.684 32.835 78.000 -15.747 31.068 84.000 -15.701 33.290
3 16  84.000 -16.684 32.835 78.000 -16.489 30.621 78.000 -15.747 31.068
3 16  84.000 -16.684 32.835 84.000 -17.612 32.277 78.000 -16.489 30.621
3 16  84.000 -17.612 32.277 78.000 -17.179 30.097 78.000 -16.489 30.621
3 16  84.000 -17.612 32.277 84.000 -18.474 31.622 78.000 -17.179 30.097
3 16  84.000 -18.474 31.622 78.000 -17.808 29.502 78.000 -17.179 30.097
3 16  84.000 -18.474 31.622 84.000 -19.260 30.877 78.000 -17.808 29.502
3 16  84.000 -19.260 30.877 78.000 -18.369 28.841 78.000 -17.808 29.502
3 16  84.000 -19.260 30.877 84.000 -19.961 30.052 78.000 -18.369 28.841
3 16  84.000 -19.961 30.052 78.000 -18.855 28.125 78.000 -18.369 28.841
3 16  84.000 -19.961 30.052 84.000 -20.569 29.155 78.000 -18.855 28.125
3 16  84.000 -20.569 29.155 78.000 -19.261 27.359 78.000 -18.855 28.125
3 16  84.000 -20.569 29.155 84.000 -21.076 28.199 78.000 -19.261 27.359
3 16  84.000 -21.076 28.199 78.000 -19.581 26.555 78.000 -19.261 27.359
3 16  84.000 -21.076 28.199 84.000 -21.477 27.193 78.000 -19.581 26.555
3 16  84.000 -21.477 27.193 78.000 -19.813 25.720 78.000 -19.581 26.555
3 16  84.000 -21.477 27.193 84.000 -21.766 26.150 78.000 -19.813 25.720
3 16  84.000 -21.766 26.150 78.000 -19.953 24.865 78.000 -19.813 25.720
3 16  84.000 -21.766 26.150 84.000 -21.941 25.081 78.000 -19.953 24.865
3 16  84.000 -21.941 25.081 78.000 -20.000 24.000 78.000 -19.953 24.865
3 16  84.000 -21.941 25.081 84.000 -22.000 24.000 78.000 -20.000 24.000
3 16  78.000 -20.000 24.000 84.000 -22.000 24.000 78.000 -19.953 23.135
3 16  84.000 -22.000 24.000 84.000 -21.941 22.919 78.000 -19.953 23.135
3 16  78.000 -19.953 23.135 84.000 -21.941 22.919 78.000 -19.813 22.280
3 16  84.000 -21.941 22.919 84.000 -21.766 21.850 78.000 -19.813 22.280
3 16  78.000 -19.813 22.280 84.000 -21.766 21.850 78.000 -19.581 21.446
3 16  84.000 -21.766 21.850 84.000 -21.477 20.807 78.000 -19.581 21.446
3 16  78.000 -19.581 21.446 84.000 -21.477 20.807 78.000 -19.261 20.641
3 16  84.000 -21.477 20.807 84.000 -21.076 19.801 78.000 -19.261 20.641
3 16  78.000 -19.261 20.641 84.000 -21.076 19.801 78.000 -18.855 19.876
3 16  84.000 -21.076 19.801 84.000 -20.569 18.844 78.000 -18.855 19.876
3 16  78.000 -18.855 19.876 84.000 -20.569 18.844 78.000 -18.369 19.159
3 16  84.000 -20.569 18.844 84.000 -19.961 17.948 78.000 -18.369 19.159
3 16  78.000 -18.369 19.159 84.000 -19.961 17.948 78.000 -17.808 18.498
3 16  84.000 -19.961 17.948 84.000 -19.260 17.123 78.000 -17.808 18.498
3 16  78.000 -17.808 18.498 84.000 -19.260 17.123 78.000 -17.179 17.903
3 16  84.000 -19.260 17.123 84.000 -18.474 16.378 78.000 -17.179 17.903
3 16  78.000 -17.179 17.903 84.000 -18.474 16.378 78.000 -16.489 17.378
3 16  84.000 -18.474 16.378 84.000 -17.612 15.723 78.000 -16.489 17.378
3 16  78.000 -16.489 17.378 84.000 -17.612 15.723 78.000 -15.747 16.932
3 16  84.000 -17.612 15.723 84.000 -16.684 15.165 78.000 -15.747 16.932
3 16  78.000 -15.747 16.932 84.000 -16.684 15.165 78.000 -14.961 16.568
3 16  84.000 -16.684 15.165 84.000 -15.701 14.710 78.000 -14.961 16.568
3 16  78.000 -14.961 16.568 84.000 -15.701 14.710 78.000 -14.140 16.292
3 16  84.000 -15.701 14.710 84.000 -14.675 14.364 78.000 -14.140 16.292
3 16  78.000 -14.140 16.292 84.000 -14.675 14.364 78.000 -13.294 16.105
3 16  84.000 -14.675 14.364 84.000 -13.618 14.132 78.000 -13.294 16.105
3 16  78.000 -13.294 16.105 84.000 -13.618 14.132 78.000 -12.433 16.012
3 16  84.000 -13.618 14.132 84.000 -12.541 14.015 78.000 -12.433 16.012
3 16  78.000 -11.567 16.012 84.000 -12.541 14.015 84.000 -11.459 14.015
3 16  84.000 -12.541 14.015 78.000 -11.567 16.012 78.000 -12.433 16.012
3 16  78.000 -11.567 16.012 84.000 -11.459 14.015 78.000 -10.706 16.105
3 16  78.000 -10.706 16.105 84.000 -11.459 14.015 84.000 -10.382 14.132
3 16  78.000 -10.706 16.105 84.000 -10.382 14.132 78.000 -9.860 16.292
3 16  78.000 -9.860 16.292 84.000 -10.382 14.132 84.000 -9.325 14.364
3 16  78.000 -9.860 16.292 84.000 -9.325 14.364 78.000 -9.039 16.568
3 16  78.000 -9.039 16.568 84.000 -9.325 14.364 84.000 -8.299 14.710
3 16  78.000 -9.039 16.568 84.000 -8.299 14.710 78.000 -8.253 16.932
3 16  78.000 -8.253 16.932 84.000 -8.299 14.710 84.000 -7.316 15.165
3 16  78.000 -7.511 17.378 78.000 -8.253 16.932 84.000 -7.316 15.165
3 16  78.000 -7.511 17.378 84.000 -7.316 15.165 84.000 -6.388 15.723
3 16  78.000 -6.821 17.903 78.000 -7.511 17.378 84.000 -6.388 15.723
3 16  78.000 -6.821 17.903 84.000 -6.388 15.723 84.000 -5.526 16.378
3 16  78.000 -6.192 18.498 78.000 -6.821 17.903 84.000 -5.526 16.378
3 16  78.000 -6.192 18.498 84.000 -5.526 16.378 84.000 -4.740 17.123
3 16  78.000 -5.631 19.159 78.000 -6.192 18.498 84.000 -4.740 17.123
3 16  78.000 -5.631 19.159 84.000 -4.740 17.123 84.000 -4.039 17.948
3 16  78.000 -5.145 19.876 78.000 -5.631 19.159 84.000 -4.039 17.948
3 16  78.000 -5.145 19.876 84.000 -4.039 17.948 84.000 -3.431 18.844
3 16  78.000 -4.739 20.641 78.000 -5.145 19.876 84.000 -3.431 18.844
3 16  78.000 -4.739 20.641 84.000 -3.431 18.844 84.000 -2.924 19.801
3 16  78.000 -4.419 21.446 78.000 -4.739 20.641 84.000 -2.924 19.801
3 16  78.000 -4.419 21.446 84.000 -2.924 19.801 84.000 -2.523 20.807
3 16  78.000 -4.187 22.280 78.000 -4.419 21.446 84.000 -2.523 20.807
3 16  78.000 -4.187 22.280 84.000 -2.523 20.807 84.000 -2.234 21.850
3 16  78.000 -4.047 23.135 78.000 -4.187 22.280 84.000 -2.234 21.850
3 16  78.000 -4.047 23.135 84.000 -2.234 21.850 84.000 -2.059 22.919
3 16  78.000 -4.000 24.000 78.000 -4.047 23.135 84.000 -2.059 22.919
3 16  78.000 -4.000 24.000 84.000 -2.059 22.919 84.000 -2.000 24.000
3 16  78.000 -4.047 24.865 78.000 -4.000 24.000 84.000 -2.000 24.000
3 16  84.000 -2.059 25.081 78.000 -4.047 24.865 84.000 -2.000 24.000
3 16  78.000 -19.953 24.865 72.000 -21.941 25.081 78.000 -19.813 25.720
3 16  72.000 -21.941 25.081 72.000 -21.766 26.150 78.000 -19.813 25.720
3 16  78.000 -19.813 25.720 72.000 -21.766 26.150 78.000 -19.581 26.555
3 16  72.000 -21.766 26.150 72.000 -21.477 27.193 78.000 -19.581 26.555
3 16  78.000 -19.581 26.555 72.000 -21.477 27.193 78.000 -19.261 27.359
3 16  72.000 -21.477 27.193 72.000 -21.076 28.199 78.000 -19.261 27.359
3 16  78.000 -19.261 27.359 72.000 -21.076 28.199 78.000 -18.855 28.125
3 16  72.000 -21.076 28.199 72.000 -20.569 29.155 78.000 -18.855 28.125
3 16  78.000 -18.855 28.125 72.000 -20.569 29.155 78.000 -18.369 28.841
3 16  72.000 -20.569 29.155 72.000 -19.961 30.052 78.000 -18.369 28.841
3 16  78.000 -18.369 28.841 72.000 -19.961 30.052 78.000 -17.808 29.502
3 16  72.000 -19.961 30.052 72.000 -19.260 30.877 78.000 -17.808 29.502
3 16  78.000 -17.808 29.502 72.000 -19.260 30.877 78.000 -17.179 30.097
3 16  72.000 -19.260 30.877 72.000 -18.474 31.622 78.000 -17.179 30.097
3 16  78.000 -17.179 30.097 72.000 -18.474 31.622 78.000 -16.489 30.621
3 16  72.000 -18.474 31.622 72.000 -17.612 32.277 78.000 -16.489 30.621
3 16  78.000 -16.489 30.621 72.000 -17.612 32.277 78.000 -15.747 31.068
3 16  72.000 -17.612 32.277 72.000 -16.684 32.835 78.000 -15.747 31.068
3 16  78.000 -15.747 31.068 72.000 -16.684 32.835 78.000 -14.961 31.432
3 16  72.000 -16.684 32.835 72.000 -15.701 33.290 78.000 -14.961 31.432
3 16  78.000 -14.961 31.432 72.000 -15.701 33.290 78.000 -14.140 31.709
3 16  72.000 -15.701 33.290 72.000 -14.675 33.636 78.000 -14.140 31.709
3 16  78.000 -14.140 31.709 72.000 -14.675 33.636 78.000 -13.294 31.895
3 16  72.000 -14.675 33.636 72.000 -13.618 33.868 78.000 -13.294 31.895
3 16  78.000 -13.294 31.895 72.000 -13.618 33.868 78.000 -12.433 31.988
3 16  72.000 -13.618 33.868 72.000 -12.541 33.985 78.000 -12.433 31.988
3 16  72.000 -12.541 33.985 78.000 -11.567 31.988 78.000 -12.433 31.988
3 16  78.000 -11.567 31.988 72.000 -12.541 33.985 72.000 -11.459 33.985
3 16  78.000 -11.567 31.988 72.000 -11.459 33.985 78.000 -10.706 31.895
3 16  78.000 -10.706 31.895 72.000 -11.459 33.985 72.000 -10.382 33.868
3 16  78.000 -10.706 31.895 72.000 -10.382 33.868 78.000 -9.860 31.709
3 16  78.000 -9.860 31.709 72.000 -10.382 33.868 72.000 -9.325 33.636
3 16  78.000 -9.860 31.709 72.000 -9.325 33.636 78.000 -9.039 31.432
3 16  78.000 -9.039 31.432 72.000 -9.325 33.636 72.000 -8.299 33.290
3 16  78.000 -9.039 31.432 72.000 -8.299 33.290 78.000 -8.253 31.068
3 16  78.000 -8.253 31.068 72.000 -8.299 33.290 72.000 -7.316 32.835
3 16  78.000 -7.511 30.621 78.000 -8.253 31.068 72.000 -7.316 32.835
3 16  78.000 -7.511 30.621 72.000 -7.316 32.835 72.000 -6.388 32.277
3 16  78.000 -6.821 30.097 78.000 -7.511 30.621 72.000 -6.388 32.277
3 16  78.000 -6.821 30.097 72.000 -6.388 32.277 72.000 -5.526 31.622
3 16  78.000 -6.192 29.502 78.000 -6.821 30.097 72.000 -5.526 31.622
3 16  78.000 -6.192 29.502 72.000 -5.526 31.622 72.000 -4.740 30.877
3 16  78.000 -5.631 28.841 78.000 -6.192 29.502 72.000 -4.740 30.877
3 16  78.000 -5.631 28.841 72.000 -4.740 30.877 72.000 -4.039 30.052
3 16  78.000 -5.145 28.125 78.000 -5.631 28.841 72.000 -4.039 30.052
3 16  78.000 -5.145 28.125 72.000 -4.039 30.052 72.000 -3.431 29.155
3 16  78.000 -4.739 27.359 78.000 -5.145 28.125 72.000 -3.431 29.155
3 16  78.000 -4.739 27.359 72.000 -3.431 29.155 72.000 -2.924 28.199
3 16  78.000 -4.419 26.555 78.000 -4.739 27.359 72.000 -2.924 28.199
3 16  78.000 -4.419 26.555 72.000 -2.924 28.199 72.000 -2.523 27.193
3 16  78.000 -4.187 25.720 78.000 -4.419 26.555 72.000 -2.523 27.193
3 16  78.000 -4.187 25.720 72.000 -2.523 27.193 72.000 -2.234 26.150
3 16  78.000 -4.047 24.865 78.000 -4.187 25.720 72.000 -2.234 26.150
3 16  78.000 -4.047 24.865 72.000 -2.234 26.150 72.000 -2.059 25.081
3 16  78.000 -4.000 24.000 78.000 -4.047 24.865 72.000 -2.059 25.081
3 16  78.000 -4.000 24.000 72.000 -2.059 25.081 72.000 -2.000 24.000
3 16  78.000 -4.047 23.135 78.000 -4.000 24.000 72.000 -2.000 24.000
3 16  72.000 -2.059 22.919 78.000 -4.047 23.135 72.000 -2.000 24.000
3 16  78.000 -4.187 22.280 78.000 -4.047 23.135 72.000 -2.059 22.919
3 16  72.000 -2.234 21.850 78.000 -4.187 22.280 72.000 -2.059 22.919
3 16  78.000 -4.419 21.446 78.000 -4.187 22.280 72.000 -2.234 21.850
3 16  72.000 -2.523 20.807 78.000 -4.419 21.446 72.000 -2.234 21.850
3 16  78.000 -4.739 20.641 78.000 -4.419 21.446 72.000 -2.523 20.807
3 16  72.000 -2.924 19.801 78.000 -4.739 20.641 72.000 -2.523 20.807
3 16  78.000 -5.145 19.876 78.000 -4.739 20.641 72.000 -2.924 19.801
3 16  72.000 -3.431 18.844 78.000 -5.145 19.876 72.000 -2.924 19.801
3 16  78.000 -5.631 19.159 78.000 -5.145 19.876 72.000 -3.431 18.844
3 16  72.000 -4.039 17.948 78.000 -5.631 19.159 72.000 -3.431 18.844
3 16  78.000 -6.192 18.498 78.000 -5.631 19.159 72.000 -4.039 17.948
3 16  72.000 -4.740 17.123 78.000 -6.192 18.498 72.000 -4.039 17.948
3 16  78.000 -6.821 17.903 78.000 -6.192 18.498 72.000 -4.740 17.123
3 16  72.000 -5.526 16.378 78.000 -6.821 17.903 72.000 -4.740 17.123
3 16  78.000 -7.511 17.378 78.000 -6.821 17.903 72.000 -5.526 16.378
3 16  72.000 -6.388 15.723 78.000 -7.511 17.378 72.000 -5.526 16.378
3 16  78.000 -8.253 16.932 78.000 -7.511 17.378 72.000 -6.388 15.723
3 16  72.000 -7.316 15.165 78.000 -8.253 16.932 72.000 -6.388 15.723
3 16  78.000 -9.039 16.568 78.000 -8.253 16.932 72.000 -7.316 15.165
3 16  72.000 -8.299 14.710 78.000 -9.039 16.568 72.000 -7.316 15.165
3 16  78.000 -9.860 16.292 78.000 -9.039 16.568 72.000 -8.299 14.710
3 16  72.000 -9.325 14.364 78.000 -9.860 16.292 72.000 -8.299 14.710
3 16  78.000 -10.706 16.105 78.000 -9.860 16.292 72.000 -9.325 14.364
3 16  72.000 -10.382 14.132 78.000 -10.706 16.105 72.000 -9.325 14.364
3 16  78.000 -11.567 16.012 78.000 -10.706 16.105 72.000 -10.382 14.132
3 16  72.000 -11.459 14.015 78.000 -11.567 16.012 72.000 -10.382 14.132
3 16  72.000 -11.459 14.015 78.000 -12.433 16.012 78.000 -11.567 16.012
3 16  78.000 -12.433 16.012 72.000 -11.459 14.015 72.000 -12.541 14.015
3 16  72.000 -12.541 14.015 78.000 -13.294 16.105 78.000 -12.433 16.012
3 16  72.000 -13.618 14.132 78.000 -13.294 16.105 72.000 -12.541 14.015
3 16  72.000 -13.618 14.132 78.000 -14.140 16.292 78.000 -13.294 16.105
3 16  72.000 -14.675 14.364 78.000 -14.140 16.292 72.000 -13.618 14.132
3 16  72.000 -14.675 14.364 78.000 -14.961 16.568 78.000 -14.140 16.292
3 16  72.000 -15.701 14.710 78.000 -14.961 16.568 72.000 -14.675 14.364
3 16  72.000 -15.701 14.710 78.000 -15.747 16.932 78.000 -14.961 16.568
3 16  72.000 -16.684 15.165 78.000 -15.747 16.932 72.000 -15.701 14.710
3 16  72.000 -16.684 15.165 78.000 -16.489 17.378 78.000 -15.747 16.932
3 16  72.000 -16.684 15.165 72.000 -17.612 15.723 78.000 -16.489 17.378
3 16  72.000 -17.612 15.723 78.000 -17.179 17.903 78.000 -16.489 17.378
3 16  72.000 -17.612 15.723 72.000 -18.474 16.378 78.000 -17.179 17.903
3 16  72.000 -18.474 16.378 78.000 -17.808 18.498 78.000 -17.179 17.903
3 16  72.000 -18.474 16.378 72.000 -19.260 17.123 78.000 -17.808 18.498
3 16  72.000 -19.260 17.123 78.000 -18.369 19.159 78.000 -17.808 18.498
3 16  72.000 -19.260 17.123 72.000 -19.961 17.948 78.000 -18.369 19.159
3 16  72.000 -19.961 17.948 78.000 -18.855 19.876 78.000 -18.369 19.159
3 16  72.000 -19.961 17.948 72.000 -20.569 18.844 78.000 -18.855 19.876
3 16  72.000 -20.569 18.844 78.000 -19.261 20.641 78.000 -18.855 19.876
3 16  72.000 -20.569 18.844 72.000 -21.076 19.801 78.000 -19.261 20.641
3 16  72.000 -21.076 19.801 78.000 -19.581 21.446 78.000 -19.261 20.641
3 16  72.000 -21.076 19.801 72.000 -21.477 20.807 78.000 -19.581 21.446
3 16  72.000 -21.477 20.807 78.000 -19.813 22.280 78.000 -19.581 21.446
3 16  72.000 -21.477 20.807 72.000 -21.766 21.850 78.000 -19.813 22.280
3 16  72.000 -21.766 21.850 78.000 -19.953 23.135 78.000 -19.813 22.280
3 16  72.000 -21.766 21.850 72.000 -21.941 22.919 78.000 -19.953 23.135
3 16  72.000 -21.941 22.919 78.000 -20.000 24.000 78.000 -19.953 23.135
3 16  72.000 -21.941 22.919 72.000 -22.000 24.000 78.000 -20.000 24.000
3 16  78.000 -20.000 24.000 72.000 -22.000 24.000 78.000 -19.953 24.865
3 16  72.000 -22.000 24.000 72.000 -21.941 25.081 78.000 -19.953 24.865
3 16  72.000 0.000 36.000 84.000 -24.000 36.000 84.000 0.000 36.000
3 16  84.000 -24.000 36.000 72.000 0.000 36.000 72.000 -24.000 36.000
