0 ./parts/n20-geared.dat
0 !LDRAW Unofficial_part
0 BFC CERTIFY CCW
3 16  -24.000 -24.000 0.000 -24.000 0.000 12.000 -24.000 0.000 0.000
3 16  -24.000 0.000 12.000 -24.000 -24.000 0.000 -24.000 -24.000 12.000
3 16  0.000 -24.000 0.000 -2.000 -12.000 0.000 0.000 0.000 0.000
3 16  0.000 -24.000 0.000 -2.059 -13.081 0.000 -2.000 -12.000 0.000
3 16  0.000 -24.000 0.000 -2.234 -14.150 0.000 -2.059 -13.081 0.000
3 16  0.000 -24.000 0.000 -2.523 -15.193 0.000 -2.234 -14.150 0.000
3 16  0.000 -24.000 0.000 -2.924 -16.199 0.000 -2.523 -15.193 0.000
3 16  0.000 -24.000 0.000 -3.431 -17.156 0.000 -2.924 -16.199 0.000
3 16  0.000 -24.000 0.000 -4.039 -18.052 0.000 -3.431 -17.156 0.000
3 16  0.000 -24.000 0.000 -4.740 -18.877 0.000 -4.039 -18.052 0.000
3 16  0.000 -24.000 0.000 -5.526 -19.622 0.000 -4.740 -18.877 0.000
3 16  0.000 -24.000 0.000 -6.388 -20.277 0.000 -5.526 -19.622 0.000
3 16  0.000 -24.000 0.000 -7.316 -20.835 0.000 -6.388 -20.277 0.000
3 16  0.000 -24.000 0.000 -8.299 -21.290 0.000 -7.316 -20.835 0.000
3 16  0.000 -24.000 0.000 -9.325 -21.636 0.000 -8.299 -21.290 0.000
3 16  0.000 -24.000 0.000 -10.382 -21.868 0.000 -9.325 -21.636 0.000
3 16  0.000 -24.000 0.000 -11.459 -21.985 0.000 -10.382 -21.868 0.000
3 16  0.000 -24.000 0.000 -12.541 -21.985 0.000 -11.459 -21.985 0.000
3 16  -24.000 -24.000 0.000 -12.541 -21.985 0.000 0.000 -24.000 0.000
3 16  -21.941 -13.081 0.000 -24.000 -24.000 0.000 -22.000 -12.000 0.000
3 16  -21.766 -14.150 0.000 -24.000 -24.000 0.000 -21.941 -13.081 0.000
3 16  -21.477 -15.193 0.000 -24.000 -24.000 0.000 -21.766 -14.150 0.000
3 16  -21.076 -16.199 0.000 -24.000 -24.000 0.000 -21.477 -15.193 0.000
3 16  -20.569 -17.156 0.000 -24.000 -24.000 0.000 -21.076 -16.199 0.000
3 16  -19.961 -18.052 0.000 -24.000 -24.000 0.000 -20.569 -17.156 0.000
3 16  -19.260 -18.877 0.000 -24.000 -24.000 0.000 -19.961 -18.052 0.000
3 16  -18.474 -19.622 0.000 -24.000 -24.000 0.000 -19.260 -18.877 0.000
3 16  -17.612 -20.277 0.000 -24.000 -24.000 0.000 -18.474 -19.622 0.000
3 16  -16.684 -20.835 0.000 -24.000 -24.000 0.000 -17.612 -20.277 0.000
3 16  -15.701 -21.290 0.000 -24.000 -24.000 0.000 -16.684 -20.835 0.000
3 16  -14.675 -21.636 0.000 -24.000 -24.000 0.000 -15.701 -21.290 0.000
3 16  -13.618 -21.868 0.000 -24.000 -24.000 0.000 -14.675 -21.636 0.000
3 16  -12.541 -21.985 0.000 -24.000 -24.000 0.000 -13.618 -21.868 0.000
3 16  -2.059 -10.919 0.000 0.000 0.000 0.000 -2.000 -12.000 0.000
3 16  -2.234 -9.850 0.000 0.000 0.000 0.000 -2.059 -10.919 0.000
3 16  -2.523 -8.807 0.000 0.000 0.000 0.000 -2.234 -9.850 0.000
3 16  -2.924 -7.801 0.000 0.000 0.000 0.000 -2.523 -8.807 0.000
3 16  -3.431 -6.844 0.000 0.000 0.000 0.000 -2.924 -7.801 0.000
3 16  -4.039 -5.948 0.000 0.000 0.000 0.000 -3.431 -6.844 0.000
3 16  -4.740 -5.123 0.000 0.000 0.000 0.000 -4.039 -5.948 0.000
3 16  -5.526 -4.378 0.000 0.000 0.000 0.000 -4.740 -5.123 0.000
3 16  -6.388 -3.723 0.000 0.000 0.000 0.000 -5.526 -4.378 0.000
3 16  -7.316 -3.165 0.000 0.000 0.000 0.000 -6.388 -3.723 0.000
3 16  -8.299 -2.710 0.000 0.000 0.000 0.000 -7.316 -3.165 0.000
3 16  -9.325 -2.365 0.000 0.000 0.000 0.000 -8.299 -2.710 0.000
3 16  -10.382 -2.132 0.000 0.000 0.000 0.000 -9.325 -2.365 0.000
3 16  -11.459 -2.015 0.000 0.000 0.000 0.000 -10.382 -2.132 0.000
3 16  -12.541 -2.015 0.000 0.000 0.000 0.000 -11.459 -2.015 0.000
3 16  -24.000 0.000 0.000 -12.541 -2.015 0.000 -13.618 -2.132 0.000
3 16  -24.000 0.000 0.000 -22.000 -12.000 0.000 -24.000 -24.000 0.000
3 16  -12.541 -2.015 0.000 -24.000 0.000 0.000 0.000 0.000 0.000
3 16  -14.675 -2.365 0.000 -24.000 0.000 0.000 -13.618 -2.132 0.000
3 16  -15.701 -2.710 0.000 -24.000 0.000 0.000 -14.675 -2.365 0.000
3 16  -16.684 -3.165 0.000 -24.000 0.000 0.000 -15.701 -2.710 0.000
3 16  -17.612 -3.723 0.000 -24.000 0.000 0.000 -16.684 -3.165 0.000
3 16  -18.474 -4.378 0.000 -24.000 0.000 0.000 -17.612 -3.723 0.000
3 16  -19.260 -5.123 0.000 -24.000 0.000 0.000 -18.474 -4.378 0.000
3 16  -19.961 -5.948 0.000 -24.000 0.000 0.000 -19.260 -5.123 0.000
3 16  -20.569 -6.844 0.000 -24.000 0.000 0.000 -19.961 -5.948 0.000
3 16  -21.076 -7.801 0.000 -24.000 0.000 0.000 -20.569 -6.844 0.000
3 16  -21.477 -8.807 0.000 -24.000 0.000 0.000 -21.076 -7.801 0.000
3 16  -21.766 -9.850 0.000 -24.000 0.000 0.000 -21.477 -8.807 0.000
3 16  -21.941 -10.919 0.000 -24.000 0.000 0.000 -21.766 -9.850 0.000
3 16  -22.000 -12.000 0.000 -24.000 0.000 0.000 -21.941 -10.919 0.000
3 16  -6.388 -3.723 12.000 -3.000 -4.063 12.000 -3.000 0.000 12.000
3 16  -3.000 -4.063 12.000 -4.039 -5.948 12.000 -3.431 -6.844 12.000
3 16  -3.000 -4.063 12.000 -4.740 -5.123 12.000 -4.039 -5.948 12.000
3 16  -3.000 -4.063 12.000 -5.526 -4.378 12.000 -4.740 -5.123 12.000
3 16  -3.000 -4.063 12.000 -6.388 -3.723 12.000 -5.526 -4.378 12.000
3 16  -3.000 0.000 12.000 -7.316 -3.165 12.000 -6.388 -3.723 12.000
3 16  -3.000 0.000 12.000 -8.299 -2.710 12.000 -7.316 -3.165 12.000
3 16  -3.000 0.000 12.000 -9.325 -2.365 12.000 -8.299 -2.710 12.000
3 16  -3.000 0.000 12.000 -10.382 -2.132 12.000 -9.325 -2.365 12.000
3 16  -3.000 0.000 12.000 -11.459 -2.015 12.000 -10.382 -2.132 12.000
3 16  -3.000 0.000 12.000 -12.541 -2.015 12.000 -11.459 -2.015 12.000
3 16  -24.000 0.000 12.000 -12.541 -2.015 12.000 -3.000 0.000 12.000
3 16  -21.941 -10.919 12.000 -24.000 0.000 12.000 -22.000 -12.000 12.000
3 16  -21.766 -9.850 12.000 -24.000 0.000 12.000 -21.941 -10.919 12.000
3 16  -21.477 -8.807 12.000 -24.000 0.000 12.000 -21.766 -9.850 12.000
3 16  -21.076 -7.801 12.000 -24.000 0.000 12.000 -21.477 -8.807 12.000
3 16  -20.569 -6.844 12.000 -24.000 0.000 12.000 -21.076 -7.801 12.000
3 16  -19.961 -5.948 12.000 -24.000 0.000 12.000 -20.569 -6.844 12.000
3 16  -19.260 -5.123 12.000 -24.000 0.000 12.000 -19.961 -5.948 12.000
3 16  -18.474 -4.378 12.000 -24.000 0.000 12.000 -19.260 -5.123 12.000
3 16  -17.612 -3.723 12.000 -24.000 0.000 12.000 -18.474 -4.378 12.000
3 16  -16.684 -3.165 12.000 -24.000 0.000 12.000 -17.612 -3.723 12.000
3 16  -15.701 -2.710 12.000 -24.000 0.000 12.000 -16.684 -3.165 12.000
3 16  -14.675 -2.365 12.000 -24.000 0.000 12.000 -15.701 -2.710 12.000
3 16  -13.618 -2.132 12.000 -24.000 0.000 12.000 -14.675 -2.365 12.000
3 16  -12.541 -2.015 12.000 -24.000 0.000 12.000 -13.618 -2.132 12.000
3 16  -2.523 -8.807 12.000 -0.500 -8.572 12.000 -0.527 -8.481 12.000
3 16  -0.500 -8.572 12.000 -2.000 -12.000 12.000 -0.500 -15.428 12.000
3 16  -2.523 -8.807 12.000 -0.527 -8.481 12.000 -0.687 -7.997 12.000
3 16  -2.059 -13.081 12.000 -0.500 -15.428 12.000 -2.000 -12.000 12.000
3 16  -2.523 -8.807 12.000 -0.687 -7.997 12.000 -0.868 -7.520 12.000
3 16  -2.234 -14.150 12.000 -0.500 -15.428 12.000 -2.059 -13.081 12.000
3 16  -2.924 -7.801 12.000 -0.868 -7.520 12.000 -1.068 -7.051 12.000
3 16  -2.523 -15.193 12.000 -0.500 -15.428 12.000 -2.234 -14.150 12.000
3 16  -2.924 -7.801 12.000 -1.068 -7.051 12.000 -1.288 -6.591 12.000
3 16  -0.500 -15.428 12.000 -2.523 -15.193 12.000 -0.527 -15.519 12.000
3 16  -3.431 -6.844 12.000 -1.288 -6.591 12.000 -1.528 -6.140 12.000
3 16  -0.527 -15.519 12.000 -2.523 -15.193 12.000 -0.687 -16.003 12.000
3 16  -3.431 -6.844 12.000 -1.528 -6.140 12.000 -1.787 -5.700 12.000
3 16  -0.687 -16.003 12.000 -2.523 -15.193 12.000 -0.868 -16.480 12.000
3 16  -2.924 -16.199 12.000 -0.868 -16.480 12.000 -2.523 -15.193 12.000
3 16  -0.500 -8.572 12.000 -2.059 -10.919 12.000 -2.000 -12.000 12.000
3 16  -3.431 -6.844 12.000 -1.787 -5.700 12.000 -2.064 -5.272 12.000
3 16  -0.500 -8.572 12.000 -2.234 -9.850 12.000 -2.059 -10.919 12.000
3 16  -3.431 -6.844 12.000 -2.064 -5.272 12.000 -2.358 -4.856 12.000
3 16  -0.500 -8.572 12.000 -2.523 -8.807 12.000 -2.234 -9.850 12.000
3 16  -3.431 -6.844 12.000 -2.358 -4.856 12.000 -2.671 -4.452 12.000
3 16  -0.868 -7.520 12.000 -2.924 -7.801 12.000 -2.523 -8.807 12.000
3 16  -3.431 -6.844 12.000 -2.671 -4.452 12.000 -3.000 -4.063 12.000
3 16  -1.288 -6.591 12.000 -3.431 -6.844 12.000 -2.924 -7.801 12.000
3 16  -0.500 -8.572 12.000 0.000 0.000 12.000 -0.500 0.000 12.000
3 16  0.000 0.000 12.000 -0.500 -8.572 12.000 0.000 -24.000 12.000
3 16  -0.500 -15.428 12.000 0.000 -24.000 12.000 -0.500 -8.572 12.000
3 16  0.000 -24.000 12.000 -0.500 -15.428 12.000 -0.500 -24.000 12.000
3 16  -0.868 -16.480 12.000 -2.924 -16.199 12.000 -1.068 -16.949 12.000
3 16  -1.068 -16.949 12.000 -2.924 -16.199 12.000 -1.288 -17.410 12.000
3 16  -3.431 -17.156 12.000 -1.288 -17.410 12.000 -2.924 -16.199 12.000
3 16  -1.288 -17.410 12.000 -3.431 -17.156 12.000 -1.528 -17.860 12.000
3 16  -1.528 -17.860 12.000 -3.431 -17.156 12.000 -1.787 -18.300 12.000
3 16  -1.787 -18.300 12.000 -3.431 -17.156 12.000 -2.064 -18.728 12.000
3 16  -4.039 -18.052 12.000 -2.064 -18.728 12.000 -3.431 -17.156 12.000
3 16  -2.064 -18.728 12.000 -4.039 -18.052 12.000 -2.358 -19.144 12.000
3 16  -2.358 -19.144 12.000 -4.039 -18.052 12.000 -2.671 -19.548 12.000
3 16  -2.671 -19.548 12.000 -4.039 -18.052 12.000 -3.000 -19.937 12.000
3 16  -4.740 -18.877 12.000 -3.000 -19.937 12.000 -4.039 -18.052 12.000
3 16  -5.526 -19.622 12.000 -3.000 -19.937 12.000 -4.740 -18.877 12.000
3 16  -6.388 -20.277 12.000 -3.000 -19.937 12.000 -5.526 -19.622 12.000
3 16  -3.000 -19.937 12.000 -6.388 -20.277 12.000 -3.000 -24.000 12.000
3 16  -7.316 -20.835 12.000 -3.000 -24.000 12.000 -6.388 -20.277 12.000
3 16  -8.299 -21.290 12.000 -3.000 -24.000 12.000 -7.316 -20.835 12.000
3 16  -9.325 -21.636 12.000 -3.000 -24.000 12.000 -8.299 -21.290 12.000
3 16  -10.382 -21.868 12.000 -3.000 -24.000 12.000 -9.325 -21.636 12.000
3 16  -11.459 -21.985 12.000 -3.000 -24.000 12.000 -10.382 -21.868 12.000
3 16  -12.541 -21.985 12.000 -3.000 -24.000 12.000 -11.459 -21.985 12.000
3 16  -24.000 -24.000 12.000 -12.541 -21.985 12.000 -13.618 -21.868 12.000
3 16  -24.000 -24.000 12.000 -22.000 -12.000 12.000 -24.000 0.000 12.000
3 16  -12.541 -21.985 12.000 -24.000 -24.000 12.000 -3.000 -24.000 12.000
3 16  -14.675 -21.636 12.000 -24.000 -24.000 12.000 -13.618 -21.868 12.000
3 16  -15.701 -21.290 12.000 -24.000 -24.000 12.000 -14.675 -21.636 12.000
3 16  -16.684 -20.835 12.000 -24.000 -24.000 12.000 -15.701 -21.290 12.000
3 16  -17.612 -20.277 12.000 -24.000 -24.000 12.000 -16.684 -20.835 12.000
3 16  -18.474 -19.622 12.000 -24.000 -24.000 12.000 -17.612 -20.277 12.000
3 16  -19.260 -18.877 12.000 -24.000 -24.000 12.000 -18.474 -19.622 12.000
3 16  -19.961 -18.052 12.000 -24.000 -24.000 12.000 -19.260 -18.877 12.000
3 16  -20.569 -17.156 12.000 -24.000 -24.000 12.000 -19.961 -18.052 12.000
3 16  -21.076 -16.199 12.000 -24.000 -24.000 12.000 -20.569 -17.156 12.000
3 16  -21.477 -15.193 12.000 -24.000 -24.000 12.000 -21.076 -16.199 12.000
3 16  -21.766 -14.150 12.000 -24.000 -24.000 12.000 -21.477 -15.193 12.000
3 16  -21.941 -13.081 12.000 -24.000 -24.000 12.000 -21.766 -14.150 12.000
3 16  -22.000 -12.000 12.000 -24.000 -24.000 12.000 -21.941 -13.081 12.000
3 16  24.000 -24.000 0.000 24.500 -24.000 12.000 24.000 -24.000 12.000
3 16  24.500 -24.000 12.000 24.000 -24.000 0.000 27.000 -24.000 12.000
3 16  48.000 -24.000 0.000 27.000 -24.000 12.000 24.000 -24.000 0.000
3 16  27.000 -24.000 12.000 48.000 -24.000 0.000 48.000 -24.000 12.000
3 16  -24.000 -24.000 0.000 -3.000 -24.000 12.000 -24.000 -24.000 12.000
3 16  0.000 -24.000 0.000 -3.000 -24.000 12.000 -24.000 -24.000 0.000
3 16  -3.000 -24.000 12.000 0.000 -24.000 0.000 -0.500 -24.000 12.000
3 16  -0.500 -24.000 12.000 0.000 -24.000 0.000 0.000 -24.000 12.000
3 16  -3.000 -24.000 32.500 12.000 -24.000 30.000 27.000 -24.000 32.500
3 16  -3.000 -24.000 32.500 11.358 -24.000 29.986 12.000 -24.000 30.000
3 16  -3.000 -24.000 32.500 10.717 -24.000 29.945 11.358 -24.000 29.986
3 16  -3.000 -24.000 32.500 10.078 -24.000 29.876 10.717 -24.000 29.945
3 16  -3.000 -24.000 32.500 9.443 -24.000 29.780 10.078 -24.000 29.876
3 16  -3.000 -24.000 32.500 8.812 -24.000 29.657 9.443 -24.000 29.780
3 16  -3.000 -24.000 32.500 8.188 -24.000 29.508 8.812 -24.000 29.657
3 16  -3.000 -24.000 32.500 7.570 -24.000 29.331 8.188 -24.000 29.508
3 16  -3.000 -24.000 32.500 6.960 -24.000 29.128 7.570 -24.000 29.331
3 16  -3.000 -24.000 32.500 6.360 -24.000 28.899 6.960 -24.000 29.128
3 16  -3.000 -24.000 32.500 5.770 -24.000 28.645 6.360 -24.000 28.899
3 16  -3.000 -24.000 32.500 5.191 -24.000 28.366 5.770 -24.000 28.645
3 16  -3.000 -24.000 32.500 4.625 -24.000 28.062 5.191 -24.000 28.366
3 16  -3.000 -24.000 32.500 4.073 -24.000 27.734 4.625 -24.000 28.062
3 16  -3.000 -24.000 32.500 3.535 -24.000 27.383 4.073 -24.000 27.734
3 16  -3.000 -24.000 32.500 3.012 -24.000 27.009 3.535 -24.000 27.383
3 16  -3.000 -24.000 32.500 2.506 -24.000 26.614 3.012 -24.000 27.009
3 16  -3.000 -24.000 32.500 2.018 -24.000 26.196 2.506 -24.000 26.614
3 16  -3.000 -24.000 32.500 1.548 -24.000 25.759 2.018 -24.000 26.196
3 16  -3.000 -24.000 32.500 1.097 -24.000 25.301 1.548 -24.000 25.759
3 16  -3.000 -24.000 32.500 0.666 -24.000 24.825 1.097 -24.000 25.301
3 16  -3.000 -24.000 32.500 0.255 -24.000 24.331 0.666 -24.000 24.825
3 16  -3.000 -24.000 32.500 -0.134 -24.000 23.819 0.255 -24.000 24.331
3 16  -3.000 -24.000 32.500 -0.500 -24.000 23.292 -0.134 -24.000 23.819
3 16  -3.000 -24.000 12.000 -0.500 -24.000 23.292 -3.000 -24.000 32.500
3 16  -0.500 -24.000 23.292 -3.000 -24.000 12.000 -0.500 -24.000 12.000
3 16  12.642 -24.000 29.986 27.000 -24.000 32.500 12.000 -24.000 30.000
3 16  13.283 -24.000 29.945 27.000 -24.000 32.500 12.642 -24.000 29.986
3 16  13.922 -24.000 29.876 27.000 -24.000 32.500 13.283 -24.000 29.945
3 16  14.557 -24.000 29.780 27.000 -24.000 32.500 13.922 -24.000 29.876
3 16  15.188 -24.000 29.657 27.000 -24.000 32.500 14.557 -24.000 29.780
3 16  15.812 -24.000 29.508 27.000 -24.000 32.500 15.188 -24.000 29.657
3 16  16.430 -24.000 29.331 27.000 -24.000 32.500 15.812 -24.000 29.508
3 16  17.040 -24.000 29.128 27.000 -24.000 32.500 16.430 -24.000 29.331
3 16  17.640 -24.000 28.899 27.000 -24.000 32.500 17.040 -24.000 29.128
3 16  18.230 -24.000 28.645 27.000 -24.000 32.500 17.640 -24.000 28.899
3 16  18.809 -24.000 28.366 27.000 -24.000 32.500 18.230 -24.000 28.645
3 16  19.375 -24.000 28.062 27.000 -24.000 32.500 18.809 -24.000 28.366
3 16  19.927 -24.000 27.734 27.000 -24.000 32.500 19.375 -24.000 28.062
3 16  20.465 -24.000 27.383 27.000 -24.000 32.500 19.927 -24.000 27.734
3 16  20.988 -24.000 27.009 27.000 -24.000 32.500 20.465 -24.000 27.383
3 16  21.494 -24.000 26.614 27.000 -24.000 32.500 20.988 -24.000 27.009
3 16  21.982 -24.000 26.196 27.000 -24.000 32.500 21.494 -24.000 26.614
3 16  22.452 -24.000 25.759 27.000 -24.000 32.500 21.982 -24.000 26.196
3 16  22.903 -24.000 25.301 27.000 -24.000 32.500 22.452 -24.000 25.759
3 16  23.334 -24.000 24.825 27.000 -24.000 32.500 22.903 -24.000 25.301
3 16  23.745 -24.000 24.331 27.000 -24.000 32.500 23.334 -24.000 24.825
3 16  24.133 -24.000 23.819 27.000 -24.000 32.500 23.745 -24.000 24.331
3 16  24.500 -24.000 23.292 27.000 -24.000 32.500 24.133 -24.000 23.819
3 16  27.000 -24.000 12.000 24.500 -24.000 23.292 24.500 -24.000 12.000
3 16  24.500 -24.000 23.292 27.000 -24.000 12.000 27.000 -24.000 32.500
3 16  -19.813 -10.280 6.000 -19.953 -11.135 6.000 -21.941 -10.919 0.000
3 16  -21.766 -9.850 0.000 -19.813 -10.280 6.000 -21.941 -10.919 0.000
3 16  -19.581 -9.446 6.000 -19.813 -10.280 6.000 -21.766 -9.850 0.000
3 16  -21.477 -8.807 0.000 -19.581 -9.446 6.000 -21.766 -9.850 0.000
3 16  -19.261 -8.641 6.000 -19.581 -9.446 6.000 -21.477 -8.807 0.000
3 16  -21.076 -7.801 0.000 -19.261 -8.641 6.000 -21.477 -8.807 0.000
3 16  -18.855 -7.876 6.000 -19.261 -8.641 6.000 -21.076 -7.801 0.000
3 16  -20.569 -6.844 0.000 -18.855 -7.876 6.000 -21.076 -7.801 0.000
3 16  -18.369 -7.159 6.000 -18.855 -7.876 6.000 -20.569 -6.844 0.000
3 16  -19.961 -5.948 0.000 -18.369 -7.159 6.000 -20.569 -6.844 0.000
3 16  -17.808 -6.498 6.000 -18.369 -7.159 6.000 -19.961 -5.948 0.000
3 16  -19.260 -5.123 0.000 -17.808 -6.498 6.000 -19.961 -5.948 0.000
3 16  -17.179 -5.903 6.000 -17.808 -6.498 6.000 -19.260 -5.123 0.000
3 16  -18.474 -4.378 0.000 -17.179 -5.903 6.000 -19.260 -5.123 0.000
3 16  -16.489 -5.379 6.000 -17.179 -5.903 6.000 -18.474 -4.378 0.000
3 16  -17.612 -3.723 0.000 -16.489 -5.379 6.000 -18.474 -4.378 0.000
3 16  -15.747 -4.932 6.000 -16.489 -5.379 6.000 -17.612 -3.723 0.000
3 16  -16.684 -3.165 0.000 -15.747 -4.932 6.000 -17.612 -3.723 0.000
3 16  -14.961 -4.568 6.000 -15.747 -4.932 6.000 -16.684 -3.165 0.000
3 16  -15.701 -2.710 0.000 -14.961 -4.568 6.000 -16.684 -3.165 0.000
3 16  -14.140 -4.292 6.000 -14.961 -4.568 6.000 -15.701 -2.710 0.000
3 16  -14.675 -2.365 0.000 -14.140 -4.292 6.000 -15.701 -2.710 0.000
3 16  -13.294 -4.105 6.000 -14.140 -4.292 6.000 -14.675 -2.365 0.000
3 16  -13.618 -2.132 0.000 -13.294 -4.105 6.000 -14.675 -2.365 0.000
3 16  -12.433 -4.012 6.000 -13.294 -4.105 6.000 -13.618 -2.132 0.000
3 16  -12.541 -2.015 0.000 -12.433 -4.012 6.000 -13.618 -2.132 0.000
3 16  -12.541 -2.015 0.000 -11.567 -4.012 6.000 -12.433 -4.012 6.000
3 16  -11.567 -4.012 6.000 -12.541 -2.015 0.000 -11.459 -2.015 0.000
3 16  -11.459 -2.015 0.000 -10.706 -4.105 6.000 -11.567 -4.012 6.000
3 16  -10.382 -2.132 0.000 -10.706 -4.105 6.000 -11.459 -2.015 0.000
3 16  -10.382 -2.132 0.000 -9.860 -4.292 6.000 -10.706 -4.105 6.000
3 16  -9.325 -2.365 0.000 -9.860 -4.292 6.000 -10.382 -2.132 0.000
3 16  -9.325 -2.365 0.000 -9.039 -4.568 6.000 -9.860 -4.292 6.000
3 16  -8.299 -2.710 0.000 -9.039 -4.568 6.000 -9.325 -2.365 0.000
3 16  -8.299 -2.710 0.000 -8.253 -4.932 6.000 -9.039 -4.568 6.000
3 16  -7.316 -3.165 0.000 -8.253 -4.932 6.000 -8.299 -2.710 0.000
3 16  -7.316 -3.165 0.000 -7.511 -5.379 6.000 -8.253 -4.932 6.000
3 16  -7.316 -3.165 0.000 -6.388 -3.723 0.000 -7.511 -5.379 6.000
3 16  -6.388 -3.723 0.000 -6.821 -5.903 6.000 -7.511 -5.379 6.000
3 16  -6.388 -3.723 0.000 -5.526 -4.378 0.000 -6.821 -5.903 6.000
3 16  -5.526 -4.378 0.000 -6.192 -6.498 6.000 -6.821 -5.903 6.000
3 16  -5.526 -4.378 0.000 -4.740 -5.123 0.000 -6.192 -6.498 6.000
3 16  -4.740 -5.123 0.000 -5.631 -7.159 6.000 -6.192 -6.498 6.000
3 16  -4.740 -5.123 0.000 -4.039 -5.948 0.000 -5.631 -7.159 6.000
3 16  -4.039 -5.948 0.000 -5.145 -7.876 6.000 -5.631 -7.159 6.000
3 16  -4.039 -5.948 0.000 -3.431 -6.844 0.000 -5.145 -7.876 6.000
3 16  -3.431 -6.844 0.000 -4.739 -8.641 6.000 -5.145 -7.876 6.000
3 16  -3.431 -6.844 0.000 -2.924 -7.801 0.000 -4.739 -8.641 6.000
3 16  -2.924 -7.801 0.000 -4.419 -9.446 6.000 -4.739 -8.641 6.000
3 16  -2.924 -7.801 0.000 -2.523 -8.807 0.000 -4.419 -9.446 6.000
3 16  -2.523 -8.807 0.000 -4.187 -10.280 6.000 -4.419 -9.446 6.000
3 16  -2.523 -8.807 0.000 -2.234 -9.850 0.000 -4.187 -10.280 6.000
3 16  -2.234 -9.850 0.000 -4.047 -11.135 6.000 -4.187 -10.280 6.000
3 16  -2.234 -9.850 0.000 -2.059 -10.919 0.000 -4.047 -11.135 6.000
3 16  -2.059 -10.919 0.000 -4.000 -12.000 6.000 -4.047 -11.135 6.000
3 16  -2.059 -10.919 0.000 -2.000 -12.000 0.000 -4.000 -12.000 6.000
3 16  -4.000 -12.000 6.000 -2.000 -12.000 0.000 -4.047 -12.865 6.000
3 16  -2.000 -12.000 0.000 -2.059 -13.081 0.000 -4.047 -12.865 6.000
3 16  -4.047 -12.865 6.000 -2.059 -13.081 0.000 -4.187 -13.720 6.000
3 16  -2.059 -13.081 0.000 -2.234 -14.150 0.000 -4.187 -13.720 6.000
3 16  -4.187 -13.720 6.000 -2.234 -14.150 0.000 -4.419 -14.554 6.000
3 16  -2.234 -14.150 0.000 -2.523 -15.193 0.000 -4.419 -14.554 6.000
3 16  -4.419 -14.554 6.000 -2.523 -15.193 0.000 -4.739 -15.359 6.000
3 16  -2.523 -15.193 0.000 -2.924 -16.199 0.000 -4.739 -15.359 6.000
3 16  -4.739 -15.359 6.000 -2.924 -16.199 0.000 -5.145 -16.124 6.000
3 16  -2.924 -16.199 0.000 -3.431 -17.156 0.000 -5.145 -16.124 6.000
3 16  -5.145 -16.124 6.000 -3.431 -17.156 0.000 -5.631 -16.841 6.000
3 16  -3.431 -17.156 0.000 -4.039 -18.052 0.000 -5.631 -16.841 6.000
3 16  -5.631 -16.841 6.000 -4.039 -18.052 0.000 -6.192 -17.502 6.000
3 16  -4.039 -18.052 0.000 -4.740 -18.877 0.000 -6.192 -17.502 6.000
3 16  -6.192 -17.502 6.000 -4.740 -18.877 0.000 -6.821 -18.097 6.000
3 16  -4.740 -18.877 0.000 -5.526 -19.622 0.000 -6.821 -18.097 6.000
3 16  -6.821 -18.097 6.000 -5.526 -19.622 0.000 -7.511 -18.622 6.000
3 16  -5.526 -19.622 0.000 -6.388 -20.277 0.000 -7.511 -18.622 6.000
3 16  -7.511 -18.622 6.000 -6.388 -20.277 0.000 -8.253 -19.068 6.000
3 16  -6.388 -20.277 0.000 -7.316 -20.835 0.000 -8.253 -19.068 6.000
3 16  -8.253 -19.068 6.000 -7.316 -20.835 0.000 -9.039 -19.432 6.000
3 16  -7.316 -20.835 0.000 -8.299 -21.290 0.000 -9.039 -19.432 6.000
3 16  -9.039 -19.432 6.000 -8.299 -21.290 0.000 -9.860 -19.708 6.000
3 16  -8.299 -21.290 0.000 -9.325 -21.636 0.000 -9.860 -19.708 6.000
3 16  -9.860 -19.708 6.000 -9.325 -21.636 0.000 -10.706 -19.895 6.000
3 16  -9.325 -21.636 0.000 -10.382 -21.868 0.000 -10.706 -19.895 6.000
3 16  -10.706 -19.895 6.000 -10.382 -21.868 0.000 -11.567 -19.988 6.000
3 16  -10.382 -21.868 0.000 -11.459 -21.985 0.000 -11.567 -19.988 6.000
3 16  -11.459 -21.985 0.000 -12.433 -19.988 6.000 -11.567 -19.988 6.000
3 16  -12.433 -19.988 6.000 -11.459 -21.985 0.000 -12.541 -21.985 0.000
3 16  -12.433 -19.988 6.000 -12.541 -21.985 0.000 -13.294 -19.895 6.000
3 16  -13.294 -19.895 6.000 -12.541 -21.985 0.000 -13.618 -21.868 0.000
3 16  -13.294 -19.895 6.000 -13.618 -21.868 0.000 -14.140 -19.708 6.000
3 16  -14.140 -19.708 6.000 -13.618 -21.868 0.000 -14.675 -21.636 0.000
3 16  -14.140 -19.708 6.000 -14.675 -21.636 0.000 -14.961 -19.432 6.000
3 16  -14.961 -19.432 6.000 -14.675 -21.636 0.000 -15.701 -21.290 0.000
3 16  -14.961 -19.432 6.000 -15.701 -21.290 0.000 -15.747 -19.068 6.000
3 16  -15.747 -19.068 6.000 -15.701 -21.290 0.000 -16.684 -20.835 0.000
3 16  -16.489 -18.622 6.000 -15.747 -19.068 6.000 -16.684 -20.835 0.000
3 16  -16.489 -18.622 6.000 -16.684 -20.835 0.000 -17.612 -20.277 0.000
3 16  -17.179 -18.097 6.000 -16.489 -18.622 6.000 -17.612 -20.277 0.000
3 16  -17.179 -18.097 6.000 -17.612 -20.277 0.000 -18.474 -19.622 0.000
3 16  -17.808 -17.502 6.000 -17.179 -18.097 6.000 -18.474 -19.622 0.000
3 16  -17.808 -17.502 6.000 -18.474 -19.622 0.000 -19.260 -18.877 0.000
3 16  -18.369 -16.841 6.000 -17.808 -17.502 6.000 -19.260 -18.877 0.000
3 16  -18.369 -16.841 6.000 -19.260 -18.877 0.000 -19.961 -18.052 0.000
3 16  -18.855 -16.124 6.000 -18.369 -16.841 6.000 -19.961 -18.052 0.000
3 16  -18.855 -16.124 6.000 -19.961 -18.052 0.000 -20.569 -17.156 0.000
3 16  -19.261 -15.359 6.000 -18.855 -16.124 6.000 -20.569 -17.156 0.000
3 16  -19.261 -15.359 6.000 -20.569 -17.156 0.000 -21.076 -16.199 0.000
3 16  -19.581 -14.554 6.000 -19.261 -15.359 6.000 -21.076 -16.199 0.000
3 16  -19.581 -14.554 6.000 -21.076 -16.199 0.000 -21.477 -15.193 0.000
3 16  -19.813 -13.720 6.000 -19.581 -14.554 6.000 -21.477 -15.193 0.000
3 16  -19.813 -13.720 6.000 -21.477 -15.193 0.000 -21.766 -14.150 0.000
3 16  -19.953 -12.865 6.000 -19.813 -13.720 6.000 -21.766 -14.150 0.000
3 16  -19.953 -12.865 6.000 -21.766 -14.150 0.000 -21.941 -13.081 0.000
3 16  -20.000 -12.000 6.000 -19.953 -12.865 6.000 -21.941 -13.081 0.000
3 16  -20.000 -12.000 6.000 -21.941 -13.081 0.000 -22.000 -12.000 0.000
3 16  -19.953 -11.135 6.000 -20.000 -12.000 6.000 -22.000 -12.000 0.000
3 16  -21.941 -10.919 0.000 -19.953 -11.135 6.000 -22.000 -12.000 0.000
3 16  -4.047 -11.135 6.000 -2.059 -10.919 12.000 -4.187 -10.280 6.000
3 16  -2.059 -10.919 12.000 -2.234 -9.850 12.000 -4.187 -10.280 6.000
3 16  -4.187 -10.280 6.000 -2.234 -9.850 12.000 -4.419 -9.446 6.000
3 16  -2.234 -9.850 12.000 -2.523 -8.807 12.000 -4.419 -9.446 6.000
3 16  -4.419 -9.446 6.000 -2.523 -8.807 12.000 -4.739 -8.641 6.000
3 16  -2.523 -8.807 12.000 -2.924 -7.801 12.000 -4.739 -8.641 6.000
3 16  -4.739 -8.641 6.000 -2.924 -7.801 12.000 -5.145 -7.876 6.000
3 16  -2.924 -7.801 12.000 -3.431 -6.844 12.000 -5.145 -7.876 6.000
3 16  -5.145 -7.876 6.000 -3.431 -6.844 12.000 -5.631 -7.159 6.000
3 16  -3.431 -6.844 12.000 -4.039 -5.948 12.000 -5.631 -7.159 6.000
3 16  -5.631 -7.159 6.000 -4.039 -5.948 12.000 -6.192 -6.498 6.000
3 16  -4.039 -5.948 12.000 -4.740 -5.123 12.000 -6.192 -6.498 6.000
3 16  -6.192 -6.498 6.000 -4.740 -5.123 12.000 -6.821 -5.903 6.000
3 16  -4.740 -5.123 12.000 -5.526 -4.378 12.000 -6.821 -5.903 6.000
3 16  -6.821 -5.903 6.000 -5.526 -4.378 12.000 -7.511 -5.379 6.000
3 16  -5.526 -4.378 12.000 -6.388 -3.723 12.000 -7.511 -5.379 6.000
3 16  -7.511 -5.379 6.000 -6.388 -3.723 12.000 -8.253 -4.932 6.000
3 16  -6.388 -3.723 12.000 -7.316 -3.165 12.000 -8.253 -4.932 6.000
3 16  -8.253 -4.932 6.000 -7.316 -3.165 12.000 -9.039 -4.568 6.000
3 16  -7.316 -3.165 12.000 -8.299 -2.710 12.000 -9.039 -4.568 6.000
3 16  -9.039 -4.568 6.000 -8.299 -2.710 12.000 -9.860 -4.292 6.000
3 16  -8.299 -2.710 12.000 -9.325 -2.365 12.000 -9.860 -4.292 6.000
3 16  -9.860 -4.292 6.000 -9.325 -2.365 12.000 -10.706 -4.105 6.000
3 16  -9.325 -2.365 12.000 -10.382 -2.132 12.000 -10.706 -4.105 6.000
3 16  -10.706 -4.105 6.000 -10.382 -2.132 12.000 -11.567 -4.012 6.000
3 16  -10.382 -2.132 12.000 -11.459 -2.015 12.000 -11.567 -4.012 6.000
3 16  -12.433 -4.012 6.000 -11.459 -2.015 12.000 -12.541 -2.015 12.000
3 16  -11.459 -2.015 12.000 -12.433 -4.012 6.000 -11.567 -4.012 6.000
3 16  -12.433 -4.012 6.000 -12.541 -2.015 12.000 -13.294 -4.105 6.000
3 16  -13.294 -4.105 6.000 -12.541 -2.015 12.000 -13.618 -2.132 12.000
3 16  -13.294 -4.105 6.000 -13.618 -2.132 12.000 -14.140 -4.292 6.000
3 16  -14.140 -4.292 6.000 -13.618 -2.132 12.000 -14.675 -2.365 12.000
3 16  -14.140 -4.292 6.000 -14.675 -2.365 12.000 -14.961 -4.568 6.000
3 16  -14.961 -4.568 6.000 -14.675 -2.365 12.000 -15.701 -2.710 12.000
3 16  -14.961 -4.568 6.000 -15.701 -2.710 12.000 -15.747 -4.932 6.000
3 16  -15.747 -4.932 6.000 -15.701 -2.710 12.000 -16.684 -3.165 12.000
3 16  -16.489 -5.379 6.000 -15.747 -4.932 6.000 -16.684 -3.165 12.000
3 16  -16.489 -5.379 6.000 -16.684 -3.165 12.000 -17.612 -3.723 12.000
3 16  -17.179 -5.903 6.000 -16.489 -5.379 6.000 -17.612 -3.723 12.000
3 16  -17.179 -5.903 6.000 -17.612 -3.723 12.000 -18.474 -4.378 12.000
3 16  -17.808 -6.498 6.000 -17.179 -5.903 6.000 -18.474 -4.378 12.000
3 16  -17.808 -6.498 6.000 -18.474 -4.378 12.000 -19.260 -5.123 12.000
3 16  -18.369 -7.159 6.000 -17.808 -6.498 6.000 -19.260 -5.123 12.000
3 16  -18.369 -7.159 6.000 -19.260 -5.123 12.000 -19.961 -5.948 12.000
3 16  -18.855 -7.876 6.000 -18.369 -7.159 6.000 -19.961 -5.948 12.000
3 16  -18.855 -7.876 6.000 -19.961 -5.948 12.000 -20.569 -6.844 12.000
3 16  -19.261 -8.641 6.000 -18.855 -7.876 6.000 -20.569 -6.844 12.000
3 16  -19.261 -8.641 6.000 -20.569 -6.844 12.000 -21.076 -7.801 12.000
3 16  -19.581 -9.446 6.000 -19.261 -8.641 6.000 -21.076 -7.801 12.000
3 16  -19.581 -9.446 6.000 -21.076 -7.801 12.000 -21.477 -8.807 12.000
3 16  -19.813 -10.280 6.000 -19.581 -9.446 6.000 -21.477 -8.807 12.000
3 16  -19.813 -10.280 6.000 -21.477 -8.807 12.000 -21.766 -9.850 12.000
3 16  -19.953 -11.135 6.000 -19.813 -10.280 6.000 -21.766 -9.850 12.000
3 16  -19.953 -11.135 6.000 -21.766 -9.850 12.000 -21.941 -10.919 12.000
3 16  -20.000 -12.000 6.000 -19.953 -11.135 6.000 -21.941 -10.919 12.000
3 16  -20.000 -12.000 6.000 -21.941 -10.919 12.000 -22.000 -12.000 12.000
3 16  -19.953 -12.865 6.000 -20.000 -12.000 6.000 -22.000 -12.000 12.000
3 16  -21.941 -13.081 12.000 -19.953 -12.865 6.000 -22.000 -12.000 12.000
3 16  -19.813 -13.720 6.000 -19.953 -12.865 6.000 -21.941 -13.081 12.000
3 16  -21.766 -14.150 12.000 -19.813 -13.720 6.000 -21.941 -13.081 12.000
3 16  -19.581 -14.554 6.000 -19.813 -13.720 6.000 -21.766 -14.150 12.000
3 16  -21.477 -15.193 12.000 -19.581 -14.554 6.000 -21.766 -14.150 12.000
3 16  -19.261 -15.359 6.000 -19.581 -14.554 6.000 -21.477 -15.193 12.000
3 16  -21.076 -16.199 12.000 -19.261 -15.359 6.000 -21.477 -15.193 12.000
3 16  -18.855 -16.124 6.000 -19.261 -15.359 6.000 -21.076 -16.199 12.000
3 16  -20.569 -17.156 12.000 -18.855 -16.124 6.000 -21.076 -16.199 12.000
3 16  -18.369 -16.841 6.000 -18.855 -16.124 6.000 -20.569 -17.156 12.000
3 16  -19.961 -18.052 12.000 -18.369 -16.841 6.000 -20.569 -17.156 12.000
3 16  -17.808 -17.502 6.000 -18.369 -16.841 6.000 -19.961 -18.052 12.000
3 16  -19.260 -18.877 12.000 -17.808 -17.502 6.000 -19.961 -18.052 12.000
3 16  -17.179 -18.097 6.000 -17.808 -17.502 6.000 -19.260 -18.877 12.000
3 16  -18.474 -19.622 12.000 -17.179 -18.097 6.000 -19.260 -18.877 12.000
3 16  -16.489 -18.622 6.000 -17.179 -18.097 6.000 -18.474 -19.622 12.000
3 16  -17.612 -20.277 12.000 -16.489 -18.622 6.000 -18.474 -19.622 12.000
3 16  -15.747 -19.068 6.000 -16.489 -18.622 6.000 -17.612 -20.277 12.000
3 16  -16.684 -20.835 12.000 -15.747 -19.068 6.000 -17.612 -20.277 12.000
3 16  -14.961 -19.432 6.000 -15.747 -19.068 6.000 -16.684 -20.835 12.000
3 16  -15.701 -21.290 12.000 -14.961 -19.432 6.000 -16.684 -20.835 12.000
3 16  -14.140 -19.708 6.000 -14.961 -19.432 6.000 -15.701 -21.290 12.000
3 16  -14.675 -21.636 12.000 -14.140 -19.708 6.000 -15.701 -21.290 12.000
3 16  -13.294 -19.895 6.000 -14.140 -19.708 6.000 -14.675 -21.636 12.000
3 16  -13.618 -21.868 12.000 -13.294 -19.895 6.000 -14.675 -21.636 12.000
3 16  -12.433 -19.988 6.000 -13.294 -19.895 6.000 -13.618 -21.868 12.000
3 16  -12.541 -21.985 12.000 -12.433 -19.988 6.000 -13.618 -21.868 12.000
3 16  -11.567 -19.988 6.000 -12.541 -21.985 12.000 -11.459 -21.985 12.000
3 16  -12.541 -21.985 12.000 -11.567 -19.988 6.000 -12.433 -19.988 6.000
3 16  -11.459 -21.985 12.000 -10.706 -19.895 6.000 -11.567 -19.988 6.000
3 16  -10.382 -21.868 12.000 -10.706 -19.895 6.000 -11.459 -21.985 12.000
3 16  -10.382 -21.868 12.000 -9.860 -19.708 6.000 -10.706 -19.895 6.000
3 16  -9.325 -21.636 12.000 -9.860 -19.708 6.000 -10.382 -21.868 12.000
3 16  -9.325 -21.636 12.000 -9.039 -19.432 6.000 -9.860 -19.708 6.000
3 16  -8.299 -21.290 12.000 -9.039 -19.432 6.000 -9.325 -21.636 12.000
3 16  -8.299 -21.290 12.000 -8.253 -19.068 6.000 -9.039 -19.432 6.000
3 16  -7.316 -20.835 12.000 -8.253 -19.068 6.000 -8.299 -21.290 12.000
3 16  -7.316 -20.835 12.000 -7.511 -18.622 6.000 -8.253 -19.068 6.000
3 16  -7.316 -20.835 12.000 -6.388 -20.277 12.000 -7.511 -18.622 6.000
3 16  -6.388 -20.277 12.000 -6.821 -18.097 6.000 -7.511 -18.622 6.000
3 16  -6.388 -20.277 12.000 -5.526 -19.622 12.000 -6.821 -18.097 6.000
3 16  -5.526 -19.622 12.000 -6.192 -17.502 6.000 -6.821 -18.097 6.000
3 16  -5.526 -19.622 12.000 -4.740 -18.877 12.000 -6.192 -17.502 6.000
3 16  -4.740 -18.877 12.000 -5.631 -16.841 6.000 -6.192 -17.502 6.000
3 16  -4.740 -18.877 12.000 -4.039 -18.052 12.000 -5.631 -16.841 6.000
3 16  -4.039 -18.052 12.000 -5.145 -16.124 6.000 -5.631 -16.841 6.000
3 16  -4.039 -18.052 12.000 -3.431 -17.156 12.000 -5.145 -16.124 6.000
3 16  -3.431 -17.156 12.000 -4.739 -15.359 6.000 -5.145 -16.124 6.000
3 16  -3.431 -17.156 12.000 -2.924 -16.199 12.000 -4.739 -15.359 6.000
3 16  -2.924 -16.199 12.000 -4.419 -14.554 6.000 -4.739 -15.359 6.000
3 16  -2.924 -16.199 12.000 -2.523 -15.193 12.000 -4.419 -14.554 6.000
3 16  -2.523 -15.193 12.000 -4.187 -13.720 6.000 -4.419 -14.554 6.000
3 16  -2.523 -15.193 12.000 -2.234 -14.150 12.000 -4.187 -13.720 6.000
3 16  -2.234 -14.150 12.000 -4.047 -12.865 6.000 -4.187 -13.720 6.000
3 16  -2.234 -14.150 12.000 -2.059 -13.081 12.000 -4.047 -12.865 6.000
3 16  -2.059 -13.081 12.000 -4.000 -12.000 6.000 -4.047 -12.865 6.000
3 16  -2.059 -13.081 12.000 -2.000 -12.000 12.000 -4.000 -12.000 6.000
3 16  -4.000 -12.000 6.000 -2.000 -12.000 12.000 -4.047 -11.135 6.000
3 16  -2.000 -12.000 12.000 -2.059 -10.919 12.000 -4.047 -11.135 6.000
3 16  0.000 -24.000 12.000 0.000 0.000 0.000 0.000 0.000 12.000
3 16  0.000 0.000 0.000 0.000 -24.000 12.000 0.000 -24.000 0.000
3 16  0.000 0.000 0.000 -0.500 0.000 12.000 0.000 0.000 12.000
3 16  -0.500 0.000 12.000 0.000 0.000 0.000 -3.000 0.000 12.000
3 16  -24.000 0.000 0.000 -3.000 0.000 12.000 0.000 0.000 0.000
3 16  -3.000 0.000 12.000 -24.000 0.000 0.000 -24.000 0.000 12.000
3 16  48.000 0.000 0.000 27.000 0.000 12.000 48.000 0.000 12.000
3 16  24.000 0.000 0.000 27.000 0.000 12.000 48.000 0.000 0.000
3 16  27.000 0.000 12.000 24.000 0.000 0.000 24.500 0.000 12.000
3 16  24.500 0.000 12.000 24.000 0.000 0.000 24.000 0.000 12.000
3 16  27.000 0.000 32.500 12.000 0.000 30.000 -3.000 0.000 32.500
3 16  27.000 0.000 32.500 12.642 0.000 29.986 12.000 0.000 30.000
3 16  27.000 0.000 32.500 13.283 0.000 29.945 12.642 0.000 29.986
3 16  27.000 0.000 32.500 13.922 0.000 29.876 13.283 0.000 29.945
3 16  27.000 0.000 32.500 14.557 0.000 29.780 13.922 0.000 29.876
3 16  27.000 0.000 32.500 15.188 0.000 29.657 14.557 0.000 29.780
3 16  27.000 0.000 32.500 15.812 0.000 29.508 15.188 0.000 29.657
3 16  27.000 0.000 32.500 16.430 0.000 29.331 15.812 0.000 29.508
3 16  27.000 0.000 32.500 17.040 0.000 29.128 16.430 0.000 29.331
3 16  27.000 0.000 32.500 17.640 0.000 28.899 17.040 0.000 29.128
3 16  27.000 0.000 32.500 18.230 0.000 28.645 17.640 0.000 28.899
3 16  27.000 0.000 32.500 18.809 0.000 28.366 18.230 0.000 28.645
3 16  27.000 0.000 32.500 19.375 0.000 28.062 18.809 0.000 28.366
3 16  27.000 0.000 32.500 19.927 0.000 27.734 19.375 0.000 28.062
3 16  27.000 0.000 32.500 20.465 0.000 27.383 19.927 0.000 27.734
3 16  27.000 0.000 32.500 20.988 0.000 27.009 20.465 0.000 27.383
3 16  27.000 0.000 32.500 21.494 0.000 26.614 20.988 0.000 27.009
3 16  27.000 0.000 32.500 21.982 0.000 26.196 21.494 0.000 26.614
3 16  27.000 0.000 32.500 22.452 0.000 25.759 21.982 0.000 26.196
3 16  27.000 0.000 32.500 22.903 0.000 25.301 22.452 0.000 25.759
3 16  27.000 0.000 32.500 23.334 0.000 24.825 22.903 0.000 25.301
3 16  27.000 0.000 32.500 23.745 0.000 24.331 23.334 0.000 24.825
3 16  27.000 0.000 32.500 24.133 0.000 23.819 23.745 0.000 24.331
3 16  27.000 0.000 32.500 24.500 0.000 23.292 24.133 0.000 23.819
3 16  27.000 0.000 12.000 24.500 0.000 23.292 27.000 0.000 32.500
3 16  24.500 0.000 23.292 27.000 0.000 12.000 24.500 0.000 12.000
3 16  11.358 0.000 29.986 -3.000 0.000 32.500 12.000 0.000 30.000
3 16  10.717 0.000 29.945 -3.000 0.000 32.500 11.358 0.000 29.986
3 16  10.078 0.000 29.876 -3.000 0.000 32.500 10.717 0.000 29.945
3 16  9.443 0.000 29.780 -3.000 0.000 32.500 10.078 0.000 29.876
3 16  8.812 0.000 29.657 -3.000 0.000 32.500 9.443 0.000 29.780
3 16  8.188 0.000 29.508 -3.000 0.000 32.500 8.812 0.000 29.657
3 16  7.570 0.000 29.331 -3.000 0.000 32.500 8.188 0.000 29.508
3 16  6.960 0.000 29.128 -3.000 0.000 32.500 7.570 0.000 29.331
3 16  6.360 0.000 28.899 -3.000 0.000 32.500 6.960 0.000 29.128
3 16  5.770 0.000 28.645 -3.000 0.000 32.500 6.360 0.000 28.899
3 16  5.191 0.000 28.366 -3.000 0.000 32.500 5.770 0.000 28.645
3 16  4.625 0.000 28.062 -3.000 0.000 32.500 5.191 0.000 28.366
3 16  4.073 0.000 27.734 -3.000 0.000 32.500 4.625 0.000 28.062
3 16  3.535 0.000 27.383 -3.000 0.000 32.500 4.073 0.000 27.734
3 16  3.012 0.000 27.009 -3.000 0.000 32.500 3.535 0.000 27.383
3 16  2.506 0.000 26.614 -3.000 0.000 32.500 3.012 0.000 27.009
3 16  2.018 0.000 26.196 -3.000 0.000 32.500 2.506 0.000 26.614
3 16  1.548 0.000 25.759 -3.000 0.000 32.500 2.018 0.000 26.196
3 16  1.097 0.000 25.301 -3.000 0.000 32.500 1.548 0.000 25.759
3 16  0.666 0.000 24.825 -3.000 0.000 32.500 1.097 0.000 25.301
3 16  0.255 0.000 24.331 -3.000 0.000 32.500 0.666 0.000 24.825
3 16  -0.134 0.000 23.819 -3.000 0.000 32.500 0.255 0.000 24.331
3 16  -0.500 0.000 23.292 -3.000 0.000 32.500 -0.134 0.000 23.819
3 16  -3.000 0.000 12.000 -0.500 0.000 23.292 -0.500 0.000 12.000
3 16  -0.500 0.000 23.292 -3.000 0.000 12.000 -3.000 0.000 32.500
3 16  24.000 -24.000 0.000 24.000 0.000 12.000 24.000 0.000 0.000
3 16  24.000 0.000 12.000 24.000 -24.000 0.000 24.000 -24.000 12.000
3 16  48.000 -24.000 0.000 46.000 -12.000 0.000 48.000 0.000 0.000
3 16  48.000 -24.000 0.000 45.941 -13.081 0.000 46.000 -12.000 0.000
3 16  48.000 -24.000 0.000 45.766 -14.150 0.000 45.941 -13.081 0.000
3 16  48.000 -24.000 0.000 45.477 -15.193 0.000 45.766 -14.150 0.000
3 16  48.000 -24.000 0.000 45.076 -16.199 0.000 45.477 -15.193 0.000
3 16  48.000 -24.000 0.000 44.569 -17.156 0.000 45.076 -16.199 0.000
3 16  48.000 -24.000 0.000 43.961 -18.052 0.000 44.569 -17.156 0.000
3 16  48.000 -24.000 0.000 43.260 -18.877 0.000 43.961 -18.052 0.000
3 16  48.000 -24.000 0.000 42.474 -19.622 0.000 43.260 -18.877 0.000
3 16  48.000 -24.000 0.000 41.612 -20.277 0.000 42.474 -19.622 0.000
3 16  48.000 -24.000 0.000 40.684 -20.835 0.000 41.612 -20.277 0.000
3 16  48.000 -24.000 0.000 39.701 -21.290 0.000 40.684 -20.835 0.000
3 16  48.000 -24.000 0.000 38.675 -21.636 0.000 39.701 -21.290 0.000
3 16  48.000 -24.000 0.000 37.618 -21.868 0.000 38.675 -21.636 0.000
3 16  48.000 -24.000 0.000 36.541 -21.985 0.000 37.618 -21.868 0.000
3 16  48.000 -24.000 0.000 35.459 -21.985 0.000 36.541 -21.985 0.000
3 16  24.000 -24.000 0.000 35.459 -21.985 0.000 48.000 -24.000 0.000
3 16  26.059 -13.081 0.000 24.000 -24.000 0.000 26.000 -12.000 0.000
3 16  26.234 -14.150 0.000 24.000 -24.000 0.000 26.059 -13.081 0.000
3 16  26.524 -15.193 0.000 24.000 -24.000 0.000 26.234 -14.150 0.000
3 16  26.924 -16.199 0.000 24.000 -24.000 0.000 26.524 -15.193 0.000
3 16  27.431 -17.156 0.000 24.000 -24.000 0.000 26.924 -16.199 0.000
3 16  28.039 -18.052 0.000 24.000 -24.000 0.000 27.431 -17.156 0.000
3 16  28.740 -18.877 0.000 24.000 -24.000 0.000 28.039 -18.052 0.000
3 16  29.526 -19.622 0.000 24.000 -24.000 0.000 28.740 -18.877 0.000
3 16  30.388 -20.277 0.000 24.000 -24.000 0.000 29.526 -19.622 0.000
3 16  31.316 -20.835 0.000 24.000 -24.000 0.000 30.388 -20.277 0.000
3 16  32.298 -21.290 0.000 24.000 -24.000 0.000 31.316 -20.835 0.000
3 16  33.325 -21.636 0.000 24.000 -24.000 0.000 32.298 -21.290 0.000
3 16  34.382 -21.868 0.000 24.000 -24.000 0.000 33.325 -21.636 0.000
3 16  35.459 -21.985 0.000 24.000 -24.000 0.000 34.382 -21.868 0.000
3 16  45.941 -10.919 0.000 48.000 0.000 0.000 46.000 -12.000 0.000
3 16  45.766 -9.850 0.000 48.000 0.000 0.000 45.941 -10.919 0.000
3 16  45.477 -8.807 0.000 48.000 0.000 0.000 45.766 -9.850 0.000
3 16  45.076 -7.801 0.000 48.000 0.000 0.000 45.477 -8.807 0.000
3 16  44.569 -6.844 0.000 48.000 0.000 0.000 45.076 -7.801 0.000
3 16  43.961 -5.948 0.000 48.000 0.000 0.000 44.569 -6.844 0.000
3 16  43.260 -5.123 0.000 48.000 0.000 0.000 43.961 -5.948 0.000
3 16  42.474 -4.378 0.000 48.000 0.000 0.000 43.260 -5.123 0.000
3 16  41.612 -3.723 0.000 48.000 0.000 0.000 42.474 -4.378 0.000
3 16  40.684 -3.165 0.000 48.000 0.000 0.000 41.612 -3.723 0.000
3 16  39.701 -2.710 0.000 48.000 0.000 0.000 40.684 -3.165 0.000
3 16  38.675 -2.365 0.000 48.000 0.000 0.000 39.701 -2.710 0.000
3 16  37.618 -2.132 0.000 48.000 0.000 0.000 38.675 -2.365 0.000
3 16  36.541 -2.015 0.000 48.000 0.000 0.000 37.618 -2.132 0.000
3 16  35.459 -2.015 0.000 48.000 0.000 0.000 36.541 -2.015 0.000
3 16  24.000 0.000 0.000 35.459 -2.015 0.000 34.382 -2.132 0.000
3 16  24.000 0.000 0.000 26.000 -12.000 0.000 24.000 -24.000 0.000
3 16  35.459 -2.015 0.000 24.000 0.000 0.000 48.000 0.000 0.000
3 16  33.325 -2.365 0.000 24.000 0.000 0.000 34.382 -2.132 0.000
3 16  32.298 -2.710 0.000 24.000 0.000 0.000 33.325 -2.365 0.000
3 16  31.316 -3.165 0.000 24.000 0.000 0.000 32.298 -2.710 0.000
3 16  30.388 -3.723 0.000 24.000 0.000 0.000 31.316 -3.165 0.000
3 16  29.526 -4.378 0.000 24.000 0.000 0.000 30.388 -3.723 0.000
3 16  28.740 -5.123 0.000 24.000 0.000 0.000 29.526 -4.378 0.000
3 16  28.039 -5.948 0.000 24.000 0.000 0.000 28.740 -5.123 0.000
3 16  27.431 -6.844 0.000 24.000 0.000 0.000 28.039 -5.948 0.000
3 16  26.924 -7.801 0.000 24.000 0.000 0.000 27.431 -6.844 0.000
3 16  26.524 -8.807 0.000 24.000 0.000 0.000 26.924 -7.801 0.000
3 16  26.234 -9.850 0.000 24.000 0.000 0.000 26.524 -8.807 0.000
3 16  26.059 -10.919 0.000 24.000 0.000 0.000 26.234 -9.850 0.000
3 16  26.000 -12.000 0.000 24.000 0.000 0.000 26.059 -10.919 0.000
3 16  24.000 0.000 12.000 24.500 -8.572 12.000 24.500 0.000 12.000
3 16  24.500 -8.572 12.000 24.000 0.000 12.000 24.500 -15.428 12.000
3 16  24.000 -24.000 12.000 24.500 -15.428 12.000 24.000 0.000 12.000
3 16  24.500 -15.428 12.000 24.000 -24.000 12.000 24.500 -24.000 12.000
3 16  25.288 -17.410 12.000 27.431 -17.156 12.000 26.924 -16.199 12.000
3 16  27.431 -17.156 12.000 26.671 -19.548 12.000 27.000 -19.937 12.000
3 16  24.868 -16.480 12.000 26.924 -16.199 12.000 26.524 -15.193 12.000
3 16  27.431 -17.156 12.000 26.358 -19.144 12.000 26.671 -19.548 12.000
3 16  24.500 -15.428 12.000 26.524 -15.193 12.000 26.234 -14.150 12.000
3 16  27.431 -17.156 12.000 26.063 -18.728 12.000 26.358 -19.144 12.000
3 16  24.500 -15.428 12.000 26.234 -14.150 12.000 26.059 -13.081 12.000
3 16  24.500 -15.428 12.000 26.059 -13.081 12.000 26.000 -12.000 12.000
3 16  26.924 -7.801 12.000 24.868 -7.520 12.000 26.524 -8.807 12.000
3 16  27.431 -17.156 12.000 25.787 -18.300 12.000 26.063 -18.728 12.000
3 16  24.687 -7.997 12.000 26.524 -8.807 12.000 24.868 -7.520 12.000
3 16  27.431 -17.156 12.000 25.528 -17.860 12.000 25.787 -18.300 12.000
3 16  24.527 -8.481 12.000 26.524 -8.807 12.000 24.687 -7.997 12.000
3 16  27.431 -17.156 12.000 25.288 -17.410 12.000 25.528 -17.860 12.000
3 16  24.500 -8.572 12.000 26.524 -8.807 12.000 24.527 -8.481 12.000
3 16  26.924 -16.199 12.000 25.068 -16.949 12.000 25.288 -17.410 12.000
3 16  26.524 -8.807 12.000 24.500 -8.572 12.000 26.234 -9.850 12.000
3 16  26.924 -16.199 12.000 24.868 -16.480 12.000 25.068 -16.949 12.000
3 16  26.234 -9.850 12.000 24.500 -8.572 12.000 26.059 -10.919 12.000
3 16  26.524 -15.193 12.000 24.687 -16.003 12.000 24.868 -16.480 12.000
3 16  26.059 -10.919 12.000 24.500 -8.572 12.000 26.000 -12.000 12.000
3 16  26.524 -15.193 12.000 24.527 -15.519 12.000 24.687 -16.003 12.000
3 16  24.500 -15.428 12.000 26.000 -12.000 12.000 24.500 -8.572 12.000
3 16  26.524 -15.193 12.000 24.500 -15.428 12.000 24.527 -15.519 12.000
3 16  48.000 0.000 12.000 46.000 -12.000 12.000 48.000 -24.000 12.000
3 16  48.000 0.000 12.000 45.941 -10.919 12.000 46.000 -12.000 12.000
3 16  48.000 0.000 12.000 45.766 -9.850 12.000 45.941 -10.919 12.000
3 16  48.000 0.000 12.000 45.477 -8.807 12.000 45.766 -9.850 12.000
3 16  48.000 0.000 12.000 45.076 -7.801 12.000 45.477 -8.807 12.000
3 16  48.000 0.000 12.000 44.569 -6.844 12.000 45.076 -7.801 12.000
3 16  48.000 0.000 12.000 43.961 -5.948 12.000 44.569 -6.844 12.000
3 16  48.000 0.000 12.000 43.260 -5.123 12.000 43.961 -5.948 12.000
3 16  48.000 0.000 12.000 42.474 -4.378 12.000 43.260 -5.123 12.000
3 16  48.000 0.000 12.000 41.612 -3.723 12.000 42.474 -4.378 12.000
3 16  48.000 0.000 12.000 40.684 -3.165 12.000 41.612 -3.723 12.000
3 16  48.000 0.000 12.000 39.701 -2.710 12.000 40.684 -3.165 12.000
3 16  48.000 0.000 12.000 38.675 -2.365 12.000 39.701 -2.710 12.000
3 16  48.000 0.000 12.000 37.618 -2.132 12.000 38.675 -2.365 12.000
3 16  48.000 0.000 12.000 36.541 -2.015 12.000 37.618 -2.132 12.000
3 16  27.000 0.000 12.000 36.541 -2.015 12.000 48.000 0.000 12.000
3 16  36.541 -2.015 12.000 27.000 0.000 12.000 35.459 -2.015 12.000
3 16  35.459 -2.015 12.000 27.000 0.000 12.000 34.382 -2.132 12.000
3 16  27.000 0.000 12.000 33.325 -2.365 12.000 34.382 -2.132 12.000
3 16  27.000 0.000 12.000 32.298 -2.710 12.000 33.325 -2.365 12.000
3 16  27.000 0.000 12.000 31.316 -3.165 12.000 32.298 -2.710 12.000
3 16  27.000 0.000 12.000 30.388 -3.723 12.000 31.316 -3.165 12.000
3 16  27.000 -4.063 12.000 30.388 -3.723 12.000 27.000 0.000 12.000
3 16  30.388 -3.723 12.000 27.000 -4.063 12.000 29.526 -4.378 12.000
3 16  29.526 -4.378 12.000 27.000 -4.063 12.000 28.740 -5.123 12.000
3 16  28.740 -5.123 12.000 27.000 -4.063 12.000 28.039 -5.948 12.000
3 16  26.671 -4.452 12.000 28.039 -5.948 12.000 27.000 -4.063 12.000
3 16  26.358 -4.856 12.000 28.039 -5.948 12.000 26.671 -4.452 12.000
3 16  26.063 -5.272 12.000 28.039 -5.948 12.000 26.358 -4.856 12.000
3 16  28.039 -5.948 12.000 26.063 -5.272 12.000 27.431 -6.844 12.000
3 16  25.787 -5.700 12.000 27.431 -6.844 12.000 26.063 -5.272 12.000
3 16  25.528 -6.140 12.000 27.431 -6.844 12.000 25.787 -5.700 12.000
3 16  25.288 -6.591 12.000 27.431 -6.844 12.000 25.528 -6.140 12.000
3 16  27.431 -6.844 12.000 25.288 -6.591 12.000 26.924 -7.801 12.000
3 16  25.068 -7.051 12.000 26.924 -7.801 12.000 25.288 -6.591 12.000
3 16  24.868 -7.520 12.000 26.924 -7.801 12.000 25.068 -7.051 12.000
3 16  45.941 -13.081 12.000 48.000 -24.000 12.000 46.000 -12.000 12.000
3 16  45.766 -14.150 12.000 48.000 -24.000 12.000 45.941 -13.081 12.000
3 16  45.477 -15.193 12.000 48.000 -24.000 12.000 45.766 -14.150 12.000
3 16  45.076 -16.199 12.000 48.000 -24.000 12.000 45.477 -15.193 12.000
3 16  44.569 -17.156 12.000 48.000 -24.000 12.000 45.076 -16.199 12.000
3 16  43.961 -18.052 12.000 48.000 -24.000 12.000 44.569 -17.156 12.000
3 16  43.260 -18.877 12.000 48.000 -24.000 12.000 43.961 -18.052 12.000
3 16  42.474 -19.622 12.000 48.000 -24.000 12.000 43.260 -18.877 12.000
3 16  41.612 -20.277 12.000 48.000 -24.000 12.000 42.474 -19.622 12.000
3 16  40.684 -20.835 12.000 48.000 -24.000 12.000 41.612 -20.277 12.000
3 16  39.701 -21.290 12.000 48.000 -24.000 12.000 40.684 -20.835 12.000
3 16  38.675 -21.636 12.000 48.000 -24.000 12.000 39.701 -21.290 12.000
3 16  37.618 -21.868 12.000 48.000 -24.000 12.000 38.675 -21.636 12.000
3 16  36.541 -21.985 12.000 48.000 -24.000 12.000 37.618 -21.868 12.000
3 16  27.000 -24.000 12.000 36.541 -21.985 12.000 35.459 -21.985 12.000
3 16  27.000 -24.000 12.000 35.459 -21.985 12.000 34.382 -21.868 12.000
3 16  27.000 -19.937 12.000 28.039 -18.052 12.000 27.431 -17.156 12.000
3 16  27.000 -19.937 12.000 28.740 -18.877 12.000 28.039 -18.052 12.000
3 16  27.000 -19.937 12.000 29.526 -19.622 12.000 28.740 -18.877 12.000
3 16  27.000 -19.937 12.000 30.388 -20.277 12.000 29.526 -19.622 12.000
3 16  27.000 -24.000 12.000 30.388 -20.277 12.000 27.000 -19.937 12.000
3 16  30.388 -20.277 12.000 27.000 -24.000 12.000 31.316 -20.835 12.000
3 16  31.316 -20.835 12.000 27.000 -24.000 12.000 32.298 -21.290 12.000
3 16  36.541 -21.985 12.000 27.000 -24.000 12.000 48.000 -24.000 12.000
3 16  33.325 -21.636 12.000 27.000 -24.000 12.000 34.382 -21.868 12.000
3 16  32.298 -21.290 12.000 27.000 -24.000 12.000 33.325 -21.636 12.000
3 16  28.187 -10.280 6.000 28.047 -11.135 6.000 26.059 -10.919 0.000
3 16  26.234 -9.850 0.000 28.187 -10.280 6.000 26.059 -10.919 0.000
3 16  28.419 -9.446 6.000 28.187 -10.280 6.000 26.234 -9.850 0.000
3 16  26.524 -8.807 0.000 28.419 -9.446 6.000 26.234 -9.850 0.000
3 16  28.739 -8.641 6.000 28.419 -9.446 6.000 26.524 -8.807 0.000
3 16  26.924 -7.801 0.000 28.739 -8.641 6.000 26.524 -8.807 0.000
3 16  29.145 -7.876 6.000 28.739 -8.641 6.000 26.924 -7.801 0.000
3 16  27.431 -6.844 0.000 29.145 -7.876 6.000 26.924 -7.801 0.000
3 16  29.631 -7.159 6.000 29.145 -7.876 6.000 27.431 -6.844 0.000
3 16  28.039 -5.948 0.000 29.631 -7.159 6.000 27.431 -6.844 0.000
3 16  30.192 -6.498 6.000 29.631 -7.159 6.000 28.039 -5.948 0.000
3 16  28.740 -5.123 0.000 30.192 -6.498 6.000 28.039 -5.948 0.000
3 16  30.821 -5.903 6.000 30.192 -6.498 6.000 28.740 -5.123 0.000
3 16  29.526 -4.378 0.000 30.821 -5.903 6.000 28.740 -5.123 0.000
3 16  31.511 -5.379 6.000 30.821 -5.903 6.000 29.526 -4.378 0.000
3 16  30.388 -3.723 0.000 31.511 -5.379 6.000 29.526 -4.378 0.000
3 16  32.253 -4.932 6.000 31.511 -5.379 6.000 30.388 -3.723 0.000
3 16  31.316 -3.165 0.000 32.253 -4.932 6.000 30.388 -3.723 0.000
3 16  33.039 -4.568 6.000 32.253 -4.932 6.000 31.316 -3.165 0.000
3 16  32.298 -2.710 0.000 33.039 -4.568 6.000 31.316 -3.165 0.000
3 16  33.860 -4.292 6.000 33.039 -4.568 6.000 32.298 -2.710 0.000
3 16  33.325 -2.365 0.000 33.860 -4.292 6.000 32.298 -2.710 0.000
3 16  34.706 -4.105 6.000 33.860 -4.292 6.000 33.325 -2.365 0.000
3 16  34.382 -2.132 0.000 34.706 -4.105 6.000 33.325 -2.365 0.000
3 16  35.567 -4.012 6.000 34.706 -4.105 6.000 34.382 -2.132 0.000
3 16  35.459 -2.015 0.000 35.567 -4.012 6.000 34.382 -2.132 0.000
3 16  35.459 -2.015 0.000 36.433 -4.012 6.000 35.567 -4.012 6.000
3 16  36.433 -4.012 6.000 35.459 -2.015 0.000 36.541 -2.015 0.000
3 16  36.541 -2.015 0.000 37.294 -4.105 6.000 36.433 -4.012 6.000
3 16  37.618 -2.132 0.000 37.294 -4.105 6.000 36.541 -2.015 0.000
3 16  37.618 -2.132 0.000 38.140 -4.292 6.000 37.294 -4.105 6.000
3 16  38.675 -2.365 0.000 38.140 -4.292 6.000 37.618 -2.132 0.000
3 16  38.675 -2.365 0.000 38.961 -4.568 6.000 38.140 -4.292 6.000
3 16  39.701 -2.710 0.000 38.961 -4.568 6.000 38.675 -2.365 0.000
3 16  39.701 -2.710 0.000 39.747 -4.932 6.000 38.961 -4.568 6.000
3 16  40.684 -3.165 0.000 39.747 -4.932 6.000 39.701 -2.710 0.000
3 16  40.684 -3.165 0.000 40.489 -5.379 6.000 39.747 -4.932 6.000
3 16  40.684 -3.165 0.000 41.612 -3.723 0.000 40.489 -5.379 6.000
3 16  41.612 -3.723 0.000 41.179 -5.903 6.000 40.489 -5.379 6.000
3 16  41.612 -3.723 0.000 42.474 -4.378 0.000 41.179 -5.903 6.000
3 16  42.474 -4.378 0.000 41.808 -6.498 6.000 41.179 -5.903 6.000
3 16  42.474 -4.378 0.000 43.260 -5.123 0.000 41.808 -6.498 6.000
3 16  43.260 -5.123 0.000 42.369 -7.159 6.000 41.808 -6.498 6.000
3 16  43.260 -5.123 0.000 43.961 -5.948 0.000 42.369 -7.159 6.000
3 16  43.961 -5.948 0.000 42.855 -7.876 6.000 42.369 -7.159 6.000
3 16  43.961 -5.948 0.000 44.569 -6.844 0.000 42.855 -7.876 6.000
3 16  44.569 -6.844 0.000 43.261 -8.641 6.000 42.855 -7.876 6.000
3 16  44.569 -6.844 0.000 45.076 -7.801 0.000 43.261 -8.641 6.000
3 16  45.076 -7.801 0.000 43.581 -9.446 6.000 43.261 -8.641 6.000
3 16  45.076 -7.801 0.000 45.477 -8.807 0.000 43.581 -9.446 6.000
3 16  45.477 -8.807 0.000 43.813 -10.280 6.000 43.581 -9.446 6.000
3 16  45.477 -8.807 0.000 45.766 -9.850 0.000 43.813 -10.280 6.000
3 16  45.766 -9.850 0.000 43.953 -11.135 6.000 43.813 -10.280 6.000
3 16  45.766 -9.850 0.000 45.941 -10.919 0.000 43.953 -11.135 6.000
3 16  45.941 -10.919 0.000 44.000 -12.000 6.000 43.953 -11.135 6.000
3 16  45.941 -10.919 0.000 46.000 -12.000 0.000 44.000 -12.000 6.000
3 16  44.000 -12.000 6.000 46.000 -12.000 0.000 43.953 -12.865 6.000
3 16  46.000 -12.000 0.000 45.941 -13.081 0.000 43.953 -12.865 6.000
3 16  43.953 -12.865 6.000 45.941 -13.081 0.000 43.813 -13.720 6.000
3 16  45.941 -13.081 0.000 45.766 -14.150 0.000 43.813 -13.720 6.000
3 16  43.813 -13.720 6.000 45.766 -14.150 0.000 43.581 -14.554 6.000
3 16  45.766 -14.150 0.000 45.477 -15.193 0.000 43.581 -14.554 6.000
3 16  43.581 -14.554 6.000 45.477 -15.193 0.000 43.261 -15.359 6.000
3 16  45.477 -15.193 0.000 45.076 -16.199 0.000 43.261 -15.359 6.000
3 16  43.261 -15.359 6.000 45.076 -16.199 0.000 42.855 -16.124 6.000
3 16  45.076 -16.199 0.000 44.569 -17.156 0.000 42.855 -16.124 6.000
3 16  42.855 -16.124 6.000 44.569 -17.156 0.000 42.369 -16.841 6.000
3 16  44.569 -17.156 0.000 43.961 -18.052 0.000 42.369 -16.841 6.000
3 16  42.369 -16.841 6.000 43.961 -18.052 0.000 41.808 -17.502 6.000
3 16  43.961 -18.052 0.000 43.260 -18.877 0.000 41.808 -17.502 6.000
3 16  41.808 -17.502 6.000 43.260 -18.877 0.000 41.179 -18.097 6.000
3 16  43.260 -18.877 0.000 42.474 -19.622 0.000 41.179 -18.097 6.000
3 16  41.179 -18.097 6.000 42.474 -19.622 0.000 40.489 -18.622 6.000
3 16  42.474 -19.622 0.000 41.612 -20.277 0.000 40.489 -18.622 6.000
3 16  40.489 -18.622 6.000 41.612 -20.277 0.000 39.747 -19.068 6.000
3 16  41.612 -20.277 0.000 40.684 -20.835 0.000 39.747 -19.068 6.000
3 16  39.747 -19.068 6.000 40.684 -20.835 0.000 38.961 -19.432 6.000
3 16  40.684 -20.835 0.000 39.701 -21.290 0.000 38.961 -19.432 6.000
3 16  38.961 -19.432 6.000 39.701 -21.290 0.000 38.140 -19.708 6.000
3 16  39.701 -21.290 0.000 38.675 -21.636 0.000 38.140 -19.708 6.000
3 16  38.140 -19.708 6.000 38.675 -21.636 0.000 37.294 -19.895 6.000
3 16  38.675 -21.636 0.000 37.618 -21.868 0.000 37.294 -19.895 6.000
3 16  37.294 -19.895 6.000 37.618 -21.868 0.000 36.433 -19.988 6.000
3 16  37.618 -21.868 0.000 36.541 -21.985 0.000 36.433 -19.988 6.000
3 16  36.541 -21.985 0.000 35.567 -19.988 6.000 36.433 -19.988 6.000
3 16  35.567 -19.988 6.000 36.541 -21.985 0.000 35.459 -21.985 0.000
3 16  35.567 -19.988 6.000 35.459 -21.985 0.000 34.706 -19.895 6.000
3 16  34.706 -19.895 6.000 35.459 -21.985 0.000 34.382 -21.868 0.000
3 16  34.706 -19.895 6.000 34.382 -21.868 0.000 33.860 -19.708 6.000
3 16  33.860 -19.708 6.000 34.382 -21.868 0.000 33.325 -21.636 0.000
3 16  33.860 -19.708 6.000 33.325 -21.636 0.000 33.039 -19.432 6.000
3 16  33.039 -19.432 6.000 33.325 -21.636 0.000 32.298 -21.290 0.000
3 16  33.039 -19.432 6.000 32.298 -21.290 0.000 32.253 -19.068 6.000
3 16  32.253 -19.068 6.000 32.298 -21.290 0.000 31.316 -20.835 0.000
3 16  31.511 -18.622 6.000 32.253 -19.068 6.000 31.316 -20.835 0.000
3 16  31.511 -18.622 6.000 31.316 -20.835 0.000 30.388 -20.277 0.000
3 16  30.821 -18.097 6.000 31.511 -18.622 6.000 30.388 -20.277 0.000
3 16  30.821 -18.097 6.000 30.388 -20.277 0.000 29.526 -19.622 0.000
3 16  30.192 -17.502 6.000 30.821 -18.097 6.000 29.526 -19.622 0.000
3 16  30.192 -17.502 6.000 29.526 -19.622 0.000 28.740 -18.877 0.000
3 16  29.631 -16.841 6.000 30.192 -17.502 6.000 28.740 -18.877 0.000
3 16  29.631 -16.841 6.000 28.740 -18.877 0.000 28.039 -18.052 0.000
3 16  29.145 -16.124 6.000 29.631 -16.841 6.000 28.039 -18.052 0.000
3 16  29.145 -16.124 6.000 28.039 -18.052 0.000 27.431 -17.156 0.000
3 16  28.739 -15.359 6.000 29.145 -16.124 6.000 27.431 -17.156 0.000
3 16  28.739 -15.359 6.000 27.431 -17.156 0.000 26.924 -16.199 0.000
3 16  28.419 -14.554 6.000 28.739 -15.359 6.000 26.924 -16.199 0.000
3 16  28.419 -14.554 6.000 26.924 -16.199 0.000 26.524 -15.193 0.000
3 16  28.187 -13.720 6.000 28.419 -14.554 6.000 26.524 -15.193 0.000
3 16  28.187 -13.720 6.000 26.524 -15.193 0.000 26.234 -14.150 0.000
3 16  28.047 -12.865 6.000 28.187 -13.720 6.000 26.234 -14.150 0.000
3 16  28.047 -12.865 6.000 26.234 -14.150 0.000 26.059 -13.081 0.000
3 16  28.000 -12.000 6.000 28.047 -12.865 6.000 26.059 -13.081 0.000
3 16  28.000 -12.000 6.000 26.059 -13.081 0.000 26.000 -12.000 0.000
3 16  28.047 -11.135 6.000 28.000 -12.000 6.000 26.000 -12.000 0.000
3 16  26.059 -10.919 0.000 28.047 -11.135 6.000 26.000 -12.000 0.000
3 16  43.953 -11.135 6.000 45.941 -10.919 12.000 43.813 -10.280 6.000
3 16  45.941 -10.919 12.000 45.766 -9.850 12.000 43.813 -10.280 6.000
3 16  43.813 -10.280 6.000 45.766 -9.850 12.000 43.581 -9.446 6.000
3 16  45.766 -9.850 12.000 45.477 -8.807 12.000 43.581 -9.446 6.000
3 16  43.581 -9.446 6.000 45.477 -8.807 12.000 43.261 -8.641 6.000
3 16  45.477 -8.807 12.000 45.076 -7.801 12.000 43.261 -8.641 6.000
3 16  43.261 -8.641 6.000 45.076 -7.801 12.000 42.855 -7.876 6.000
3 16  45.076 -7.801 12.000 44.569 -6.844 12.000 42.855 -7.876 6.000
3 16  42.855 -7.876 6.000 44.569 -6.844 12.000 42.369 -7.159 6.000
3 16  44.569 -6.844 12.000 43.961 -5.948 12.000 42.369 -7.159 6.000
3 16  42.369 -7.159 6.000 43.961 -5.948 12.000 41.808 -6.498 6.000
3 16  43.961 -5.948 12.000 43.260 -5.123 12.000 41.808 -6.498 6.000
3 16  41.808 -6.498 6.000 43.260 -5.123 12.000 41.179 -5.903 6.000
3 16  43.260 -5.123 12.000 42.474 -4.378 12.000 41.179 -5.903 6.000
3 16  41.179 -5.903 6.000 42.474 -4.378 12.000 40.489 -5.379 6.000
3 16  42.474 -4.378 12.000 41.612 -3.723 12.000 40.489 -5.379 6.000
3 16  40.489 -5.379 6.000 41.612 -3.723 12.000 39.747 -4.932 6.000
3 16  41.612 -3.723 12.000 40.684 -3.165 12.000 39.747 -4.932 6.000
3 16  39.747 -4.932 6.000 40.684 -3.165 12.000 38.961 -4.568 6.000
3 16  40.684 -3.165 12.000 39.701 -2.710 12.000 38.961 -4.568 6.000
3 16  38.961 -4.568 6.000 39.701 -2.710 12.000 38.140 -4.292 6.000
3 16  39.701 -2.710 12.000 38.675 -2.365 12.000 38.140 -4.292 6.000
3 16  38.140 -4.292 6.000 38.675 -2.365 12.000 37.294 -4.105 6.000
3 16  38.675 -2.365 12.000 37.618 -2.132 12.000 37.294 -4.105 6.000
3 16  37.294 -4.105 6.000 37.618 -2.132 12.000 36.433 -4.012 6.000
3 16  37.618 -2.132 12.000 36.541 -2.015 12.000 36.433 -4.012 6.000
3 16  35.567 -4.012 6.000 36.541 -2.015 12.000 35.459 -2.015 12.000
3 16  36.541 -2.015 12.000 35.567 -4.012 6.000 36.433 -4.012 6.000
3 16  35.567 -4.012 6.000 35.459 -2.015 12.000 34.706 -4.105 6.000
3 16  34.706 -4.105 6.000 35.459 -2.015 12.000 34.382 -2.132 12.000
3 16  34.706 -4.105 6.000 34.382 -2.132 12.000 33.860 -4.292 6.000
3 16  33.860 -4.292 6.000 34.382 -2.132 12.000 33.325 -2.365 12.000
3 16  33.860 -4.292 6.000 33.325 -2.365 12.000 33.039 -4.568 6.000
3 16  33.039 -4.568 6.000 33.325 -2.365 12.000 32.298 -2.710 12.000
3 16  33.039 -4.568 6.000 32.298 -2.710 12.000 32.253 -4.932 6.000
3 16  32.253 -4.932 6.000 32.298 -2.710 12.000 31.316 -3.165 12.000
3 16  31.511 -5.379 6.000 32.253 -4.932 6.000 31.316 -3.165 12.000
3 16  31.511 -5.379 6.000 31.316 -3.165 12.000 30.388 -3.723 12.000
3 16  30.821 -5.903 6.000 31.511 -5.379 6.000 30.388 -3.723 12.000
3 16  30.821 -5.903 6.000 30.388 -3.723 12.000 29.526 -4.378 12.000
3 16  30.192 -6.498 6.000 30.821 -5.903 6.000 29.526 -4.378 12.000
3 16  30.192 -6.498 6.000 29.526 -4.378 12.000 28.740 -5.123 12.000
3 16  29.631 -7.159 6.000 30.192 -6.498 6.000 28.740 -5.123 12.000
3 16  29.631 -7.159 6.000 28.740 -5.123 12.000 28.039 -5.948 12.000
3 16  29.145 -7.876 6.000 29.631 -7.159 6.000 28.039 -5.948 12.000
3 16  29.145 -7.876 6.000 28.039 -5.948 12.000 27.431 -6.844 12.000
3 16  28.739 -8.641 6.000 29.145 -7.876 6.000 27.431 -6.844 12.000
3 16  28.739 -8.641 6.000 27.431 -6.844 12.000 26.924 -7.801 12.000
3 16  28.419 -9.446 6.000 28.739 -8.641 6.000 26.924 -7.801 12.000
3 16  28.419 -9.446 6.000 26.924 -7.801 12.000 26.524 -8.807 12.000
3 16  28.187 -10.280 6.000 28.419 -9.446 6.000 26.524 -8.807 12.000
3 16  28.187 -10.280 6.000 26.524 -8.807 12.000 26.234 -9.850 12.000
3 16  28.047 -11.135 6.000 28.187 -10.280 6.000 26.234 -9.850 12.000
3 16  28.047 -11.135 6.000 26.234 -9.850 12.000 26.059 -10.919 12.000
3 16  28.000 -12.000 6.000 28.047 -11.135 6.000 26.059 -10.919 12.000
3 16  28.000 -12.000 6.000 26.059 -10.919 12.000 26.000 -12.000 12.000
3 16  28.047 -12.865 6.000 28.000 -12.000 6.000 26.000 -12.000 12.000
3 16  26.059 -13.081 12.000 28.047 -12.865 6.000 26.000 -12.000 12.000
3 16  28.187 -13.720 6.000 28.047 -12.865 6.000 26.059 -13.081 12.000
3 16  26.234 -14.150 12.000 28.187 -13.720 6.000 26.059 -13.081 12.000
3 16  28.419 -14.554 6.000 28.187 -13.720 6.000 26.234 -14.150 12.000
3 16  26.524 -15.193 12.000 28.419 -14.554 6.000 26.234 -14.150 12.000
3 16  28.739 -15.359 6.000 28.419 -14.554 6.000 26.524 -15.193 12.000
3 16  26.924 -16.199 12.000 28.739 -15.359 6.000 26.524 -15.193 12.000
3 16  29.145 -16.124 6.000 28.739 -15.359 6.000 26.924 -16.199 12.000
3 16  27.431 -17.156 12.000 29.145 -16.124 6.000 26.924 -16.199 12.000
3 16  29.631 -16.841 6.000 29.145 -16.124 6.000 27.431 -17.156 12.000
3 16  28.039 -18.052 12.000 29.631 -16.841 6.000 27.431 -17.156 12.000
3 16  30.192 -17.502 6.000 29.631 -16.841 6.000 28.039 -18.052 12.000
3 16  28.740 -18.877 12.000 30.192 -17.502 6.000 28.039 -18.052 12.000
3 16  30.821 -18.097 6.000 30.192 -17.502 6.000 28.740 -18.877 12.000
3 16  29.526 -19.622 12.000 30.821 -18.097 6.000 28.740 -18.877 12.000
3 16  31.511 -18.622 6.000 30.821 -18.097 6.000 29.526 -19.622 12.000
3 16  30.388 -20.277 12.000 31.511 -18.622 6.000 29.526 -19.622 12.000
3 16  32.253 -19.068 6.000 31.511 -18.622 6.000 30.388 -20.277 12.000
3 16  31.316 -20.835 12.000 32.253 -19.068 6.000 30.388 -20.277 12.000
3 16  33.039 -19.432 6.000 32.253 -19.068 6.000 31.316 -20.835 12.000
3 16  32.298 -21.290 12.000 33.039 -19.432 6.000 31.316 -20.835 12.000
3 16  33.860 -19.708 6.000 33.039 -19.432 6.000 32.298 -21.290 12.000
3 16  33.325 -21.636 12.000 33.860 -19.708 6.000 32.298 -21.290 12.000
3 16  34.706 -19.895 6.000 33.860 -19.708 6.000 33.325 -21.636 12.000
3 16  34.382 -21.868 12.000 34.706 -19.895 6.000 33.325 -21.636 12.000
3 16  35.567 -19.988 6.000 34.706 -19.895 6.000 34.382 -21.868 12.000
3 16  35.459 -21.985 12.000 35.567 -19.988 6.000 34.382 -21.868 12.000
3 16  36.433 -19.988 6.000 35.459 -21.985 12.000 36.541 -21.985 12.000
3 16  35.459 -21.985 12.000 36.433 -19.988 6.000 35.567 -19.988 6.000
3 16  36.541 -21.985 12.000 37.294 -19.895 6.000 36.433 -19.988 6.000
3 16  37.618 -21.868 12.000 37.294 -19.895 6.000 36.541 -21.985 12.000
3 16  37.618 -21.868 12.000 38.140 -19.708 6.000 37.294 -19.895 6.000
3 16  38.675 -21.636 12.000 38.140 -19.708 6.000 37.618 -21.868 12.000
3 16  38.675 -21.636 12.000 38.961 -19.432 6.000 38.140 -19.708 6.000
3 16  39.701 -21.290 12.000 38.961 -19.432 6.000 38.675 -21.636 12.000
3 16  39.701 -21.290 12.000 39.747 -19.068 6.000 38.961 -19.432 6.000
3 16  40.684 -20.835 12.000 39.747 -19.068 6.000 39.701 -21.290 12.000
3 16  40.684 -20.835 12.000 40.489 -18.622 6.000 39.747 -19.068 6.000
3 16  40.684 -20.835 12.000 41.612 -20.277 12.000 40.489 -18.622 6.000
3 16  41.612 -20.277 12.000 41.179 -18.097 6.000 40.489 -18.622 6.000
3 16  41.612 -20.277 12.000 42.474 -19.622 12.000 41.179 -18.097 6.000
3 16  42.474 -19.622 12.000 41.808 -17.502 6.000 41.179 -18.097 6.000
3 16  42.474 -19.622 12.000 43.260 -18.877 12.000 41.808 -17.502 6.000
3 16  43.260 -18.877 12.000 42.369 -16.841 6.000 41.808 -17.502 6.000
3 16  43.260 -18.877 12.000 43.961 -18.052 12.000 42.369 -16.841 6.000
3 16  43.961 -18.052 12.000 42.855 -16.124 6.000 42.369 -16.841 6.000
3 16  43.961 -18.052 12.000 44.569 -17.156 12.000 42.855 -16.124 6.000
3 16  44.569 -17.156 12.000 43.261 -15.359 6.000 42.855 -16.124 6.000
3 16  44.569 -17.156 12.000 45.076 -16.199 12.000 43.261 -15.359 6.000
3 16  45.076 -16.199 12.000 43.581 -14.554 6.000 43.261 -15.359 6.000
3 16  45.076 -16.199 12.000 45.477 -15.193 12.000 43.581 -14.554 6.000
3 16  45.477 -15.193 12.000 43.813 -13.720 6.000 43.581 -14.554 6.000
3 16  45.477 -15.193 12.000 45.766 -14.150 12.000 43.813 -13.720 6.000
3 16  45.766 -14.150 12.000 43.953 -12.865 6.000 43.813 -13.720 6.000
3 16  45.766 -14.150 12.000 45.941 -13.081 12.000 43.953 -12.865 6.000
3 16  45.941 -13.081 12.000 44.000 -12.000 6.000 43.953 -12.865 6.000
3 16  45.941 -13.081 12.000 46.000 -12.000 12.000 44.000 -12.000 6.000
3 16  44.000 -12.000 6.000 46.000 -12.000 12.000 43.953 -11.135 6.000
3 16  46.000 -12.000 12.000 45.941 -10.919 12.000 43.953 -11.135 6.000
3 16  48.000 -24.000 12.000 48.000 0.000 0.000 48.000 0.000 12.000
3 16  48.000 0.000 0.000 48.000 -24.000 12.000 48.000 -24.000 0.000
3 16  24.011 -11.490 23.986 24.011 -11.490 32.500 24.003 -11.745 23.996
3 16  24.500 -8.572 23.292 24.527 -8.481 12.000 24.527 -8.481 32.500
3 16  24.527 -8.481 12.000 24.500 -8.572 23.292 24.500 -8.572 12.000
3 16  24.388 -8.972 32.500 24.270 -9.468 32.500 24.270 -9.468 23.628
3 16  24.443 -8.771 23.377 24.527 -8.481 32.500 24.388 -8.972 23.458
3 16  24.527 -8.481 32.500 24.388 -8.972 32.500 24.388 -8.972 23.458
3 16  24.388 -8.972 23.458 24.388 -8.972 32.500 24.327 -9.219 23.547
3 16  24.327 -9.219 23.547 24.388 -8.972 32.500 24.270 -9.468 23.628
3 16  24.173 -9.969 32.500 24.097 -10.474 32.500 24.097 -10.474 23.869
3 16  24.133 -10.215 23.819 24.173 -9.969 32.500 24.097 -10.474 23.869
3 16  24.173 -9.969 23.764 24.173 -9.969 32.500 24.133 -10.215 23.819
3 16  24.270 -9.468 32.500 24.173 -9.969 32.500 24.173 -9.969 23.764
3 16  24.219 -9.717 23.700 24.270 -9.468 32.500 24.173 -9.969 23.764
3 16  24.270 -9.468 23.628 24.270 -9.468 32.500 24.219 -9.717 23.700
3 16  24.043 -10.981 32.500 24.011 -11.490 32.500 24.011 -11.490 23.986
3 16  24.024 -11.235 23.967 24.043 -10.981 32.500 24.011 -11.490 23.986
3 16  24.043 -10.981 23.942 24.043 -10.981 32.500 24.024 -11.235 23.967
3 16  24.097 -10.474 32.500 24.043 -10.981 32.500 24.043 -10.981 23.942
3 16  24.068 -10.727 23.909 24.097 -10.474 32.500 24.043 -10.981 23.942
3 16  24.097 -10.474 23.869 24.097 -10.474 32.500 24.068 -10.727 23.909
3 16  24.003 -11.745 23.996 24.011 -11.490 32.500 24.000 -12.000 24.000
3 16  24.011 -11.490 32.500 24.000 -12.000 32.500 24.000 -12.000 24.000
3 16  24.000 -12.000 32.500 24.003 -12.255 23.996 24.000 -12.000 24.000
3 16  24.011 -12.510 32.500 24.003 -12.255 23.996 24.000 -12.000 32.500
3 16  24.011 -12.510 32.500 24.011 -12.510 23.986 24.003 -12.255 23.996
3 16  24.011 -12.510 32.500 24.024 -12.765 23.967 24.011 -12.510 23.986
3 16  24.043 -13.019 32.500 24.024 -12.765 23.967 24.011 -12.510 32.500
3 16  24.043 -13.019 32.500 24.043 -13.019 23.942 24.024 -12.765 23.967
3 16  24.043 -13.019 32.500 24.068 -13.274 23.909 24.043 -13.019 23.942
3 16  24.097 -13.526 32.500 24.068 -13.274 23.909 24.043 -13.019 32.500
3 16  24.097 -13.526 32.500 24.097 -13.526 23.869 24.068 -13.274 23.909
3 16  24.097 -13.526 32.500 24.133 -13.785 23.819 24.097 -13.526 23.869
3 16  24.173 -14.031 32.500 24.133 -13.785 23.819 24.097 -13.526 32.500
3 16  24.173 -14.031 32.500 24.173 -14.031 23.764 24.133 -13.785 23.819
3 16  24.173 -14.031 32.500 24.219 -14.283 23.700 24.173 -14.031 23.764
3 16  24.270 -14.532 32.500 24.219 -14.283 23.700 24.173 -14.031 32.500
3 16  24.270 -14.532 32.500 24.270 -14.532 23.628 24.219 -14.283 23.700
3 16  24.270 -14.532 32.500 24.327 -14.781 23.547 24.270 -14.532 23.628
3 16  24.388 -15.028 32.500 24.327 -14.781 23.547 24.270 -14.532 32.500
3 16  24.388 -15.028 32.500 24.388 -15.028 23.458 24.327 -14.781 23.547
3 16  24.388 -15.028 32.500 24.443 -15.229 23.377 24.388 -15.028 23.458
3 16  24.527 -15.519 32.500 24.443 -15.229 23.377 24.388 -15.028 32.500
3 16  24.527 -15.519 32.500 24.500 -15.428 23.292 24.443 -15.229 23.377
3 16  26.671 -4.452 32.500 27.000 -4.063 12.000 27.000 -4.063 32.500
3 16  27.000 -4.063 12.000 26.671 -4.452 32.500 26.671 -4.452 12.000
3 16  26.358 -4.856 32.500 26.671 -4.452 12.000 26.671 -4.452 32.500
3 16  26.671 -4.452 12.000 26.358 -4.856 32.500 26.358 -4.856 12.000
3 16  26.063 -5.272 32.500 26.358 -4.856 12.000 26.358 -4.856 32.500
3 16  26.358 -4.856 12.000 26.063 -5.272 32.500 26.063 -5.272 12.000
3 16  25.787 -5.700 32.500 26.063 -5.272 12.000 26.063 -5.272 32.500
3 16  26.063 -5.272 12.000 25.787 -5.700 32.500 25.787 -5.700 12.000
3 16  25.528 -6.140 32.500 25.787 -5.700 12.000 25.787 -5.700 32.500
3 16  25.787 -5.700 12.000 25.528 -6.140 32.500 25.528 -6.140 12.000
3 16  25.288 -6.591 32.500 25.528 -6.140 12.000 25.528 -6.140 32.500
3 16  25.528 -6.140 12.000 25.288 -6.591 32.500 25.288 -6.591 12.000
3 16  25.068 -7.051 32.500 25.288 -6.591 12.000 25.288 -6.591 32.500
3 16  25.288 -6.591 12.000 25.068 -7.051 32.500 25.068 -7.051 12.000
3 16  24.868 -7.520 32.500 25.068 -7.051 12.000 25.068 -7.051 32.500
3 16  25.068 -7.051 12.000 24.868 -7.520 32.500 24.868 -7.520 12.000
3 16  24.687 -7.997 32.500 24.868 -7.520 12.000 24.868 -7.520 32.500
3 16  24.868 -7.520 12.000 24.687 -7.997 32.500 24.687 -7.997 12.000
3 16  24.527 -8.481 32.500 24.687 -7.997 12.000 24.687 -7.997 32.500
3 16  24.687 -7.997 12.000 24.527 -8.481 32.500 24.527 -8.481 12.000
3 16  24.500 -8.572 23.292 24.527 -8.481 32.500 24.443 -8.771 23.377
3 16  24.527 -15.519 12.000 24.500 -15.428 23.292 24.527 -15.519 32.500
3 16  24.500 -15.428 23.292 24.527 -15.519 12.000 24.500 -15.428 12.000
3 16  24.687 -16.003 32.500 24.527 -15.519 12.000 24.527 -15.519 32.500
3 16  24.527 -15.519 12.000 24.687 -16.003 32.500 24.687 -16.003 12.000
3 16  24.868 -16.480 32.500 24.687 -16.003 12.000 24.687 -16.003 32.500
3 16  24.687 -16.003 12.000 24.868 -16.480 32.500 24.868 -16.480 12.000
3 16  25.068 -16.949 32.500 24.868 -16.480 12.000 24.868 -16.480 32.500
3 16  24.868 -16.480 12.000 25.068 -16.949 32.500 25.068 -16.949 12.000
3 16  25.288 -17.410 32.500 25.068 -16.949 12.000 25.068 -16.949 32.500
3 16  25.068 -16.949 12.000 25.288 -17.410 32.500 25.288 -17.410 12.000
3 16  25.528 -17.860 32.500 25.288 -17.410 12.000 25.288 -17.410 32.500
3 16  25.288 -17.410 12.000 25.528 -17.860 32.500 25.528 -17.860 12.000
3 16  25.787 -18.300 32.500 25.528 -17.860 12.000 25.528 -17.860 32.500
3 16  25.528 -17.860 12.000 25.787 -18.300 32.500 25.787 -18.300 12.000
3 16  26.063 -18.728 32.500 25.787 -18.300 12.000 25.787 -18.300 32.500
3 16  25.787 -18.300 12.000 26.063 -18.728 32.500 26.063 -18.728 12.000
3 16  26.358 -19.144 32.500 26.063 -18.728 12.000 26.063 -18.728 32.500
3 16  26.063 -18.728 12.000 26.358 -19.144 32.500 26.358 -19.144 12.000
3 16  26.671 -19.548 32.500 26.358 -19.144 12.000 26.358 -19.144 32.500
3 16  26.358 -19.144 12.000 26.671 -19.548 32.500 26.671 -19.548 12.000
3 16  27.000 -19.937 32.500 26.671 -19.548 12.000 26.671 -19.548 32.500
3 16  26.671 -19.548 12.000 27.000 -19.937 32.500 27.000 -19.937 12.000
3 16  -0.011 -12.510 32.500 -0.003 -12.255 23.996 -0.011 -12.510 23.986
3 16  -0.270 -14.532 32.500 -0.270 -14.532 23.628 -0.388 -15.028 32.500
3 16  -0.388 -15.028 23.458 -0.443 -15.229 23.377 -0.527 -15.519 32.500
3 16  -0.388 -15.028 32.500 -0.388 -15.028 23.458 -0.527 -15.519 32.500
3 16  -0.388 -15.028 32.500 -0.327 -14.781 23.547 -0.388 -15.028 23.458
3 16  -0.270 -14.532 23.628 -0.327 -14.781 23.547 -0.388 -15.028 32.500
3 16  -0.097 -13.526 32.500 -0.097 -13.526 23.869 -0.173 -14.031 32.500
3 16  -0.097 -13.526 23.869 -0.134 -13.785 23.819 -0.173 -14.031 32.500
3 16  -0.173 -14.031 32.500 -0.134 -13.785 23.819 -0.173 -14.031 23.764
3 16  -0.173 -14.031 32.500 -0.173 -14.031 23.764 -0.270 -14.532 32.500
3 16  -0.173 -14.031 23.764 -0.219 -14.283 23.700 -0.270 -14.532 32.500
3 16  -0.270 -14.532 32.500 -0.219 -14.283 23.700 -0.270 -14.532 23.628
3 16  -0.011 -12.510 32.500 -0.011 -12.510 23.986 -0.043 -13.019 32.500
3 16  -0.011 -12.510 23.986 -0.024 -12.765 23.967 -0.043 -13.019 32.500
3 16  -0.043 -13.019 32.500 -0.024 -12.765 23.967 -0.043 -13.019 23.942
3 16  -0.043 -13.019 32.500 -0.043 -13.019 23.942 -0.097 -13.526 32.500
3 16  -0.043 -13.019 23.942 -0.068 -13.273 23.909 -0.097 -13.526 32.500
3 16  -0.097 -13.526 32.500 -0.068 -13.273 23.909 -0.097 -13.526 23.869
3 16  0.000 -12.000 24.000 -0.003 -12.255 23.996 -0.011 -12.510 32.500
3 16  0.000 -12.000 32.500 0.000 -12.000 24.000 -0.011 -12.510 32.500
3 16  0.000 -12.000 24.000 0.000 -12.000 32.500 -0.003 -11.745 23.996
3 16  -0.003 -11.745 23.996 0.000 -12.000 32.500 -0.011 -11.490 32.500
3 16  -0.003 -11.745 23.996 -0.011 -11.490 32.500 -0.011 -11.490 23.986
3 16  -0.011 -11.490 23.986 -0.011 -11.490 32.500 -0.024 -11.236 23.967
3 16  -0.024 -11.236 23.967 -0.011 -11.490 32.500 -0.043 -10.981 32.500
3 16  -0.024 -11.236 23.967 -0.043 -10.981 32.500 -0.043 -10.981 23.942
3 16  -0.043 -10.981 23.942 -0.043 -10.981 32.500 -0.068 -10.726 23.909
3 16  -0.068 -10.726 23.909 -0.043 -10.981 32.500 -0.097 -10.474 32.500
3 16  -0.068 -10.726 23.909 -0.097 -10.474 32.500 -0.097 -10.474 23.869
3 16  -0.097 -10.474 23.869 -0.097 -10.474 32.500 -0.134 -10.215 23.819
3 16  -0.134 -10.215 23.819 -0.097 -10.474 32.500 -0.173 -9.969 32.500
3 16  -0.134 -10.215 23.819 -0.173 -9.969 32.500 -0.173 -9.969 23.764
3 16  -0.173 -9.969 23.764 -0.173 -9.969 32.500 -0.219 -9.717 23.700
3 16  -0.219 -9.717 23.700 -0.173 -9.969 32.500 -0.270 -9.468 32.500
3 16  -0.219 -9.717 23.700 -0.270 -9.468 32.500 -0.270 -9.468 23.628
3 16  -0.270 -9.468 23.628 -0.270 -9.468 32.500 -0.327 -9.219 23.547
3 16  -0.327 -9.219 23.547 -0.270 -9.468 32.500 -0.388 -8.972 32.500
3 16  -0.327 -9.219 23.547 -0.388 -8.972 32.500 -0.388 -8.972 23.458
3 16  -0.388 -8.972 23.458 -0.388 -8.972 32.500 -0.443 -8.771 23.377
3 16  -0.443 -8.771 23.377 -0.388 -8.972 32.500 -0.527 -8.481 32.500
3 16  -0.500 -8.572 23.292 -0.443 -8.771 23.377 -0.527 -8.481 32.500
3 16  -3.000 -19.937 12.000 -2.671 -19.548 32.500 -2.671 -19.548 12.000
3 16  -2.671 -19.548 32.500 -3.000 -19.937 12.000 -3.000 -19.937 32.500
3 16  -2.671 -19.548 12.000 -2.358 -19.144 32.500 -2.358 -19.144 12.000
3 16  -2.358 -19.144 32.500 -2.671 -19.548 12.000 -2.671 -19.548 32.500
3 16  -2.358 -19.144 12.000 -2.064 -18.728 32.500 -2.064 -18.728 12.000
3 16  -2.064 -18.728 32.500 -2.358 -19.144 12.000 -2.358 -19.144 32.500
3 16  -2.064 -18.728 12.000 -1.787 -18.300 32.500 -1.787 -18.300 12.000
3 16  -1.787 -18.300 32.500 -2.064 -18.728 12.000 -2.064 -18.728 32.500
3 16  -1.787 -18.300 12.000 -1.528 -17.860 32.500 -1.528 -17.860 12.000
3 16  -1.528 -17.860 32.500 -1.787 -18.300 12.000 -1.787 -18.300 32.500
3 16  -1.528 -17.860 12.000 -1.288 -17.410 32.500 -1.288 -17.410 12.000
3 16  -1.288 -17.410 32.500 -1.528 -17.860 12.000 -1.528 -17.860 32.500
3 16  -1.288 -17.410 12.000 -1.068 -16.949 32.500 -1.068 -16.949 12.000
3 16  -1.068 -16.949 32.500 -1.288 -17.410 12.000 -1.288 -17.410 32.500
3 16  -1.068 -16.949 12.000 -0.868 -16.480 32.500 -0.868 -16.480 12.000
3 16  -0.868 -16.480 32.500 -1.068 -16.949 12.000 -1.068 -16.949 32.500
3 16  -0.868 -16.480 12.000 -0.687 -16.003 32.500 -0.687 -16.003 12.000
3 16  -0.687 -16.003 32.500 -0.868 -16.480 12.000 -0.868 -16.480 32.500
3 16  -0.687 -16.003 12.000 -0.527 -15.519 32.500 -0.527 -15.519 12.000
3 16  -0.527 -15.519 32.500 -0.687 -16.003 12.000 -0.687 -16.003 32.500
3 16  -0.527 -15.519 12.000 -0.500 -15.428 23.292 -0.500 -15.428 12.000
3 16  -0.500 -15.428 23.292 -0.527 -15.519 12.000 -0.527 -15.519 32.500
3 16  -0.443 -15.229 23.377 -0.500 -15.428 23.292 -0.527 -15.519 32.500
3 16  -0.500 -8.572 23.292 -0.527 -8.481 12.000 -0.500 -8.572 12.000
3 16  -0.527 -8.481 12.000 -0.500 -8.572 23.292 -0.527 -8.481 32.500
3 16  -0.527 -8.481 12.000 -0.687 -7.997 32.500 -0.687 -7.997 12.000
3 16  -0.687 -7.997 32.500 -0.527 -8.481 12.000 -0.527 -8.481 32.500
3 16  -0.687 -7.997 12.000 -0.868 -7.520 32.500 -0.868 -7.520 12.000
3 16  -0.868 -7.520 32.500 -0.687 -7.997 12.000 -0.687 -7.997 32.500
3 16  -0.868 -7.520 12.000 -1.068 -7.051 32.500 -1.068 -7.051 12.000
3 16  -1.068 -7.051 32.500 -0.868 -7.520 12.000 -0.868 -7.520 32.500
3 16  -1.068 -7.051 12.000 -1.288 -6.591 32.500 -1.288 -6.591 12.000
3 16  -1.288 -6.591 32.500 -1.068 -7.051 12.000 -1.068 -7.051 32.500
3 16  -1.288 -6.591 12.000 -1.528 -6.140 32.500 -1.528 -6.140 12.000
3 16  -1.528 -6.140 32.500 -1.288 -6.591 12.000 -1.288 -6.591 32.500
3 16  -1.528 -6.140 12.000 -1.787 -5.700 32.500 -1.787 -5.700 12.000
3 16  -1.787 -5.700 32.500 -1.528 -6.140 12.000 -1.528 -6.140 32.500
3 16  -1.787 -5.700 12.000 -2.064 -5.272 32.500 -2.064 -5.272 12.000
3 16  -2.064 -5.272 32.500 -1.787 -5.700 12.000 -1.787 -5.700 32.500
3 16  -2.064 -5.272 12.000 -2.358 -4.856 32.500 -2.358 -4.856 12.000
3 16  -2.358 -4.856 32.500 -2.064 -5.272 12.000 -2.064 -5.272 32.500
3 16  -2.358 -4.856 12.000 -2.671 -4.452 32.500 -2.671 -4.452 12.000
3 16  -2.671 -4.452 32.500 -2.358 -4.856 12.000 -2.358 -4.856 32.500
3 16  -2.671 -4.452 12.000 -3.000 -4.063 32.500 -3.000 -4.063 12.000
3 16  -3.000 -4.063 32.500 -2.671 -4.452 12.000 -2.671 -4.452 32.500
3 16  24.500 -24.000 12.000 24.500 -15.428 23.292 24.500 -15.428 12.000
3 16  24.500 -15.428 23.292 24.500 -24.000 12.000 24.500 -24.000 23.292
3 16  27.000 -4.063 32.500 27.000 0.000 12.000 27.000 0.000 32.500
3 16  27.000 0.000 12.000 27.000 -4.063 32.500 27.000 -4.063 12.000
3 16  -0.500 -24.000 23.292 -0.500 -15.428 12.000 -0.500 -15.428 23.292
3 16  -0.500 -15.428 12.000 -0.500 -24.000 23.292 -0.500 -24.000 12.000
3 16  -3.000 -4.063 12.000 -3.000 0.000 32.500 -3.000 0.000 12.000
3 16  -3.000 0.000 32.500 -3.000 -4.063 12.000 -3.000 -4.063 32.500
3 16  24.270 -14.532 23.628 24.327 -14.781 23.547 24.133 -24.000 23.819
3 16  24.219 -14.283 23.700 24.270 -14.532 23.628 24.133 -24.000 23.819
3 16  24.500 -15.428 23.292 24.500 -24.000 23.292 24.443 -15.229 23.377
3 16  24.443 -15.229 23.377 24.500 -24.000 23.292 24.133 -24.000 23.819
3 16  24.388 -15.028 23.458 24.443 -15.229 23.377 24.133 -24.000 23.819
3 16  24.327 -14.781 23.547 24.388 -15.028 23.458 24.133 -24.000 23.819
3 16  24.068 -10.727 23.909 24.043 -10.981 23.942 23.745 0.000 24.331
3 16  24.043 -10.981 23.942 24.024 -11.235 23.967 23.745 0.000 24.331
3 16  24.024 -11.235 23.967 24.011 -11.490 23.986 23.745 0.000 24.331
3 16  24.011 -12.510 23.986 24.024 -12.765 23.967 23.745 -24.000 24.331
3 16  24.024 -12.765 23.967 24.043 -13.019 23.942 23.745 -24.000 24.331
3 16  24.043 -13.019 23.942 24.068 -13.274 23.909 23.745 -24.000 24.331
3 16  24.003 -11.745 23.996 24.000 -12.000 24.000 23.745 -24.000 24.331
3 16  24.000 -12.000 24.000 24.003 -12.255 23.996 23.745 -24.000 24.331
3 16  24.003 -12.255 23.996 24.011 -12.510 23.986 23.745 -24.000 24.331
3 16  24.068 -13.274 23.909 24.097 -13.526 23.869 23.745 -24.000 24.331
3 16  24.097 -13.526 23.869 24.133 -13.785 23.819 23.745 -24.000 24.331
3 16  24.133 -13.785 23.819 24.133 -24.000 23.819 23.745 -24.000 24.331
3 16  24.133 -13.785 23.819 24.173 -14.031 23.764 24.133 -24.000 23.819
3 16  24.173 -14.031 23.764 24.219 -14.283 23.700 24.133 -24.000 23.819
3 16  24.500 0.000 23.292 24.500 -8.572 23.292 24.133 0.000 23.819
3 16  24.500 -8.572 23.292 24.443 -8.771 23.377 24.133 0.000 23.819
3 16  24.443 -8.771 23.377 24.388 -8.972 23.458 24.133 0.000 23.819
3 16  24.388 -8.972 23.458 24.327 -9.219 23.547 24.133 0.000 23.819
3 16  24.327 -9.219 23.547 24.270 -9.468 23.628 24.133 0.000 23.819
3 16  24.270 -9.468 23.628 24.219 -9.717 23.700 24.133 0.000 23.819
3 16  24.219 -9.717 23.700 24.173 -9.969 23.764 24.133 0.000 23.819
3 16  24.133 0.000 23.819 24.173 -9.969 23.764 24.133 -10.215 23.819
3 16  24.133 0.000 23.819 24.133 -10.215 23.819 23.745 0.000 24.331
3 16  24.133 -10.215 23.819 24.097 -10.474 23.869 23.745 0.000 24.331
3 16  24.097 -10.474 23.869 24.068 -10.727 23.909 23.745 0.000 24.331
3 16  -0.134 0.000 23.819 -0.270 -9.468 23.628 -0.327 -9.219 23.547
3 16  -0.134 0.000 23.819 -0.219 -9.717 23.700 -0.270 -9.468 23.628
3 16  -0.500 0.000 23.292 -0.443 -8.771 23.377 -0.500 -8.572 23.292
3 16  -0.134 0.000 23.819 -0.443 -8.771 23.377 -0.500 0.000 23.292
3 16  -0.134 0.000 23.819 -0.388 -8.972 23.458 -0.443 -8.771 23.377
3 16  -0.134 0.000 23.819 -0.327 -9.219 23.547 -0.388 -8.972 23.458
3 16  -0.043 -13.019 23.942 0.255 -24.000 24.331 -0.068 -13.273 23.909
3 16  -0.024 -12.765 23.967 0.255 -24.000 24.331 -0.043 -13.019 23.942
3 16  -0.011 -12.510 23.986 0.255 -24.000 24.331 -0.024 -12.765 23.967
3 16  0.255 0.000 24.331 -0.011 -11.490 23.986 -0.024 -11.236 23.967
3 16  0.255 0.000 24.331 -0.024 -11.236 23.967 -0.043 -10.981 23.942
3 16  0.255 0.000 24.331 -0.043 -10.981 23.942 -0.068 -10.726 23.909
3 16  0.000 -12.000 24.000 0.255 0.000 24.331 -0.003 -12.255 23.996
3 16  0.255 0.000 24.331 0.000 -12.000 24.000 -0.003 -11.745 23.996
3 16  0.255 0.000 24.331 -0.003 -11.745 23.996 -0.011 -11.490 23.986
3 16  0.255 0.000 24.331 -0.068 -10.726 23.909 -0.097 -10.474 23.869
3 16  0.255 0.000 24.331 -0.097 -10.474 23.869 -0.134 -10.215 23.819
3 16  -0.134 0.000 23.819 0.255 0.000 24.331 -0.134 -10.215 23.819
3 16  -0.134 0.000 23.819 -0.134 -10.215 23.819 -0.173 -9.969 23.764
3 16  -0.134 0.000 23.819 -0.173 -9.969 23.764 -0.219 -9.717 23.700
3 16  -0.500 -15.428 23.292 -0.134 -24.000 23.819 -0.500 -24.000 23.292
3 16  -0.443 -15.229 23.377 -0.134 -24.000 23.819 -0.500 -15.428 23.292
3 16  -0.388 -15.028 23.458 -0.134 -24.000 23.819 -0.443 -15.229 23.377
3 16  -0.327 -14.781 23.547 -0.134 -24.000 23.819 -0.388 -15.028 23.458
3 16  -0.270 -14.532 23.628 -0.134 -24.000 23.819 -0.327 -14.781 23.547
3 16  -0.219 -14.283 23.700 -0.134 -24.000 23.819 -0.270 -14.532 23.628
3 16  -0.173 -14.031 23.764 -0.134 -24.000 23.819 -0.219 -14.283 23.700
3 16  -0.134 -13.785 23.819 -0.134 -24.000 23.819 -0.173 -14.031 23.764
3 16  -0.134 -13.785 23.819 0.255 -24.000 24.331 -0.134 -24.000 23.819
3 16  -0.097 -13.526 23.869 0.255 -24.000 24.331 -0.134 -13.785 23.819
3 16  -0.068 -13.273 23.909 0.255 -24.000 24.331 -0.097 -13.526 23.869
3 16  -0.003 -12.255 23.996 0.255 -24.000 24.331 -0.011 -12.510 23.986
3 16  0.255 0.000 24.331 0.255 -24.000 24.331 -0.003 -12.255 23.996
3 16  0.666 -24.000 24.825 0.255 0.000 24.331 0.666 0.000 24.825
3 16  0.255 0.000 24.331 0.666 -24.000 24.825 0.255 -24.000 24.331
3 16  1.097 -24.000 25.301 0.666 0.000 24.825 1.097 0.000 25.301
3 16  0.666 0.000 24.825 1.097 -24.000 25.301 0.666 -24.000 24.825
3 16  1.548 -24.000 25.759 1.097 0.000 25.301 1.548 0.000 25.759
3 16  1.097 0.000 25.301 1.548 -24.000 25.759 1.097 -24.000 25.301
3 16  1.548 -24.000 25.759 2.018 0.000 26.196 2.018 -24.000 26.196
3 16  2.018 0.000 26.196 1.548 -24.000 25.759 1.548 0.000 25.759
3 16  2.018 -24.000 26.196 2.506 0.000 26.614 2.506 -24.000 26.614
3 16  2.506 0.000 26.614 2.018 -24.000 26.196 2.018 0.000 26.196
3 16  2.506 -24.000 26.614 3.012 0.000 27.009 3.012 -24.000 27.009
3 16  3.012 0.000 27.009 2.506 -24.000 26.614 2.506 0.000 26.614
3 16  3.012 -24.000 27.009 3.535 0.000 27.383 3.535 -24.000 27.383
3 16  3.535 0.000 27.383 3.012 -24.000 27.009 3.012 0.000 27.009
3 16  3.535 -24.000 27.383 4.073 0.000 27.734 4.073 -24.000 27.734
3 16  4.073 0.000 27.734 3.535 -24.000 27.383 3.535 0.000 27.383
3 16  4.073 -24.000 27.734 4.625 0.000 28.062 4.625 -24.000 28.062
3 16  4.625 0.000 28.062 4.073 -24.000 27.734 4.073 0.000 27.734
3 16  4.625 -24.000 28.062 5.191 0.000 28.366 5.191 -24.000 28.366
3 16  5.191 0.000 28.366 4.625 -24.000 28.062 4.625 0.000 28.062
3 16  5.191 -24.000 28.366 5.770 0.000 28.645 5.770 -24.000 28.645
3 16  5.770 0.000 28.645 5.191 -24.000 28.366 5.191 0.000 28.366
3 16  5.770 -24.000 28.645 6.360 0.000 28.899 6.360 -24.000 28.899
3 16  6.360 0.000 28.899 5.770 -24.000 28.645 5.770 0.000 28.645
3 16  6.360 -24.000 28.899 6.960 0.000 29.128 6.960 -24.000 29.128
3 16  6.960 0.000 29.128 6.360 -24.000 28.899 6.360 0.000 28.899
3 16  6.960 -24.000 29.128 7.570 0.000 29.331 7.570 -24.000 29.331
3 16  7.570 0.000 29.331 6.960 -24.000 29.128 6.960 0.000 29.128
3 16  7.570 -24.000 29.331 8.188 0.000 29.508 8.188 -24.000 29.508
3 16  8.188 0.000 29.508 7.570 -24.000 29.331 7.570 0.000 29.331
3 16  8.188 -24.000 29.508 8.812 0.000 29.657 8.812 -24.000 29.657
3 16  8.812 0.000 29.657 8.188 -24.000 29.508 8.188 0.000 29.508
3 16  8.812 -24.000 29.657 9.443 0.000 29.780 9.443 -24.000 29.780
3 16  9.443 0.000 29.780 8.812 -24.000 29.657 8.812 0.000 29.657
3 16  9.443 -24.000 29.780 10.078 0.000 29.876 10.078 -24.000 29.876
3 16  10.078 0.000 29.876 9.443 -24.000 29.780 9.443 0.000 29.780
3 16  10.078 -24.000 29.876 10.717 0.000 29.945 10.717 -24.000 29.945
3 16  10.717 0.000 29.945 10.078 -24.000 29.876 10.078 0.000 29.876
3 16  10.717 -24.000 29.945 11.358 0.000 29.986 11.358 -24.000 29.986
3 16  11.358 0.000 29.986 10.717 -24.000 29.945 10.717 0.000 29.945
3 16  11.358 -24.000 29.986 12.000 0.000 30.000 12.000 -24.000 30.000
3 16  12.000 0.000 30.000 11.358 -24.000 29.986 11.358 0.000 29.986
3 16  12.000 -24.000 30.000 12.642 0.000 29.986 12.642 -24.000 29.986
3 16  12.642 0.000 29.986 12.000 -24.000 30.000 12.000 0.000 30.000
3 16  12.642 -24.000 29.986 13.283 0.000 29.945 13.283 -24.000 29.945
3 16  13.283 0.000 29.945 12.642 -24.000 29.986 12.642 0.000 29.986
3 16  13.283 -24.000 29.945 13.922 0.000 29.876 13.922 -24.000 29.876
3 16  13.922 0.000 29.876 13.283 -24.000 29.945 13.283 0.000 29.945
3 16  13.922 -24.000 29.876 14.557 0.000 29.780 14.557 -24.000 29.780
3 16  14.557 0.000 29.780 13.922 -24.000 29.876 13.922 0.000 29.876
3 16  14.557 -24.000 29.780 15.188 0.000 29.657 15.188 -24.000 29.657
3 16  15.188 0.000 29.657 14.557 -24.000 29.780 14.557 0.000 29.780
3 16  15.188 -24.000 29.657 15.812 0.000 29.508 15.812 -24.000 29.508
3 16  15.812 0.000 29.508 15.188 -24.000 29.657 15.188 0.000 29.657
3 16  15.812 -24.000 29.508 16.430 0.000 29.331 16.430 -24.000 29.331
3 16  16.430 0.000 29.331 15.812 -24.000 29.508 15.812 0.000 29.508
3 16  16.430 -24.000 29.331 17.040 0.000 29.128 17.040 -24.000 29.128
3 16  17.040 0.000 29.128 16.430 -24.000 29.331 16.430 0.000 29.331
3 16  17.040 -24.000 29.128 17.640 0.000 28.899 17.640 -24.000 28.899
3 16  17.640 0.000 28.899 17.040 -24.000 29.128 17.040 0.000 29.128
3 16  17.640 -24.000 28.899 18.230 0.000 28.645 18.230 -24.000 28.645
3 16  18.230 0.000 28.645 17.640 -24.000 28.899 17.640 0.000 28.899
3 16  18.230 -24.000 28.645 18.809 0.000 28.366 18.809 -24.000 28.366
3 16  18.809 0.000 28.366 18.230 -24.000 28.645 18.230 0.000 28.645
3 16  18.809 -24.000 28.366 19.375 0.000 28.062 19.375 -24.000 28.062
3 16  19.375 0.000 28.062 18.809 -24.000 28.366 18.809 0.000 28.366
3 16  19.375 -24.000 28.062 19.927 0.000 27.734 19.927 -24.000 27.734
3 16  19.927 0.000 27.734 19.375 -24.000 28.062 19.375 0.000 28.062
3 16  19.927 -24.000 27.734 20.465 0.000 27.383 20.465 -24.000 27.383
3 16  20.465 0.000 27.383 19.927 -24.000 27.734 19.927 0.000 27.734
3 16  20.465 -24.000 27.383 20.988 0.000 27.009 20.988 -24.000 27.009
3 16  20.988 0.000 27.009 20.465 -24.000 27.383 20.465 0.000 27.383
3 16  20.988 -24.000 27.009 21.494 0.000 26.614 21.494 -24.000 26.614
3 16  21.494 0.000 26.614 20.988 -24.000 27.009 20.988 0.000 27.009
3 16  21.494 -24.000 26.614 21.982 0.000 26.196 21.982 -24.000 26.196
3 16  21.982 0.000 26.196 21.494 -24.000 26.614 21.494 0.000 26.614
3 16  21.982 -24.000 26.196 22.452 0.000 25.759 22.452 -24.000 25.759
3 16  22.452 0.000 25.759 21.982 -24.000 26.196 21.982 0.000 26.196
3 16  22.903 -24.000 25.301 22.452 0.000 25.759 22.903 0.000 25.301
3 16  22.452 0.000 25.759 22.903 -24.000 25.301 22.452 -24.000 25.759
3 16  23.334 -24.000 24.825 22.903 0.000 25.301 23.334 0.000 24.825
3 16  22.903 0.000 25.301 23.334 -24.000 24.825 22.903 -24.000 25.301
3 16  23.745 -24.000 24.331 23.334 0.000 24.825 23.745 0.000 24.331
3 16  23.334 0.000 24.825 23.745 -24.000 24.331 23.334 -24.000 24.825
3 16  23.745 0.000 24.331 24.003 -11.745 23.996 23.745 -24.000 24.331
3 16  24.011 -11.490 23.986 24.003 -11.745 23.996 23.745 0.000 24.331
3 16  24.500 -8.572 12.000 24.500 0.000 23.292 24.500 0.000 12.000
3 16  24.500 0.000 23.292 24.500 -8.572 12.000 24.500 -8.572 23.292
3 16  27.000 -24.000 32.500 27.000 -19.937 12.000 27.000 -19.937 32.500
3 16  27.000 -19.937 12.000 27.000 -24.000 32.500 27.000 -24.000 12.000
3 16  27.000 0.000 32.500 26.671 -4.452 32.500 27.000 -4.063 32.500
3 16  27.000 0.000 32.500 26.358 -4.856 32.500 26.671 -4.452 32.500
3 16  27.000 0.000 32.500 26.063 -5.272 32.500 26.358 -4.856 32.500
3 16  27.000 0.000 32.500 25.787 -5.700 32.500 26.063 -5.272 32.500
3 16  27.000 0.000 32.500 25.528 -6.140 32.500 25.787 -5.700 32.500
3 16  27.000 0.000 32.500 25.288 -6.591 32.500 25.528 -6.140 32.500
3 16  -1.288 -6.591 32.500 25.288 -6.591 32.500 27.000 0.000 32.500
3 16  25.288 -6.591 32.500 -1.288 -6.591 32.500 25.068 -7.051 32.500
3 16  -1.068 -7.051 32.500 25.068 -7.051 32.500 -1.288 -6.591 32.500
3 16  25.068 -7.051 32.500 -1.068 -7.051 32.500 24.868 -7.520 32.500
3 16  24.011 -11.490 32.500 0.000 -12.000 32.500 24.000 -12.000 32.500
3 16  -0.011 -11.490 32.500 24.011 -11.490 32.500 24.043 -10.981 32.500
3 16  -0.043 -10.981 32.500 24.043 -10.981 32.500 24.097 -10.474 32.500
3 16  -0.097 -10.474 32.500 24.097 -10.474 32.500 24.173 -9.969 32.500
3 16  -0.173 -9.969 32.500 24.173 -9.969 32.500 24.270 -9.468 32.500
3 16  -0.270 -9.468 32.500 24.270 -9.468 32.500 24.388 -8.972 32.500
3 16  -0.388 -8.972 32.500 24.388 -8.972 32.500 24.527 -8.481 32.500
3 16  -0.868 -7.520 32.500 24.868 -7.520 32.500 -1.068 -7.051 32.500
3 16  24.011 -11.490 32.500 -0.011 -11.490 32.500 0.000 -12.000 32.500
3 16  24.043 -10.981 32.500 -0.043 -10.981 32.500 -0.011 -11.490 32.500
3 16  24.097 -10.474 32.500 -0.097 -10.474 32.500 -0.043 -10.981 32.500
3 16  24.173 -9.969 32.500 -0.173 -9.969 32.500 -0.097 -10.474 32.500
3 16  24.270 -9.468 32.500 -0.270 -9.468 32.500 -0.173 -9.969 32.500
3 16  24.388 -8.972 32.500 -0.388 -8.972 32.500 -0.270 -9.468 32.500
3 16  24.527 -8.481 32.500 -0.527 -8.481 32.500 -0.388 -8.972 32.500
3 16  24.527 -8.481 32.500 -0.687 -7.997 32.500 -0.527 -8.481 32.500
3 16  24.687 -7.997 32.500 -0.687 -7.997 32.500 24.527 -8.481 32.500
3 16  -0.687 -7.997 32.500 24.687 -7.997 32.500 -0.868 -7.520 32.500
3 16  24.868 -7.520 32.500 -0.868 -7.520 32.500 24.687 -7.997 32.500
3 16  -3.000 0.000 32.500 -1.288 -6.591 32.500 27.000 0.000 32.500
3 16  -1.288 -6.591 32.500 -3.000 0.000 32.500 -1.528 -6.140 32.500
3 16  -1.528 -6.140 32.500 -3.000 0.000 32.500 -1.787 -5.700 32.500
3 16  -1.787 -5.700 32.500 -3.000 0.000 32.500 -2.064 -5.272 32.500
3 16  -2.064 -5.272 32.500 -3.000 0.000 32.500 -2.358 -4.856 32.500
3 16  -2.358 -4.856 32.500 -3.000 0.000 32.500 -2.671 -4.452 32.500
3 16  -2.671 -4.452 32.500 -3.000 0.000 32.500 -3.000 -4.063 32.500
3 16  26.671 -19.548 32.500 27.000 -24.000 32.500 27.000 -19.937 32.500
3 16  26.358 -19.144 32.500 27.000 -24.000 32.500 26.671 -19.548 32.500
3 16  26.063 -18.728 32.500 27.000 -24.000 32.500 26.358 -19.144 32.500
3 16  25.787 -18.300 32.500 27.000 -24.000 32.500 26.063 -18.728 32.500
3 16  25.528 -17.860 32.500 27.000 -24.000 32.500 25.787 -18.300 32.500
3 16  25.288 -17.410 32.500 27.000 -24.000 32.500 25.528 -17.860 32.500
3 16  -1.288 -17.410 32.500 25.288 -17.410 32.500 25.068 -16.949 32.500
3 16  -1.068 -16.949 32.500 25.068 -16.949 32.500 24.868 -16.480 32.500
3 16  -0.868 -16.480 32.500 24.868 -16.480 32.500 24.687 -16.003 32.500
3 16  -0.687 -16.003 32.500 24.687 -16.003 32.500 24.527 -15.519 32.500
3 16  0.000 -12.000 32.500 24.011 -12.510 32.500 24.000 -12.000 32.500
3 16  -0.011 -12.510 32.500 24.011 -12.510 32.500 0.000 -12.000 32.500
3 16  24.011 -12.510 32.500 -0.011 -12.510 32.500 24.043 -13.019 32.500
3 16  -0.043 -13.019 32.500 24.043 -13.019 32.500 -0.011 -12.510 32.500
3 16  24.043 -13.019 32.500 -0.043 -13.019 32.500 24.097 -13.526 32.500
3 16  -0.097 -13.526 32.500 24.097 -13.526 32.500 -0.043 -13.019 32.500
3 16  24.097 -13.526 32.500 -0.097 -13.526 32.500 24.173 -14.031 32.500
3 16  -0.173 -14.031 32.500 24.173 -14.031 32.500 -0.097 -13.526 32.500
3 16  24.173 -14.031 32.500 -0.173 -14.031 32.500 24.270 -14.532 32.500
3 16  -0.270 -14.532 32.500 24.270 -14.532 32.500 -0.173 -14.031 32.500
3 16  24.270 -14.532 32.500 -0.270 -14.532 32.500 24.388 -15.028 32.500
3 16  -0.388 -15.028 32.500 24.388 -15.028 32.500 -0.270 -14.532 32.500
3 16  24.388 -15.028 32.500 -0.388 -15.028 32.500 24.527 -15.519 32.500
3 16  -0.527 -15.519 32.500 24.527 -15.519 32.500 -0.388 -15.028 32.500
3 16  -0.687 -16.003 32.500 24.527 -15.519 32.500 -0.527 -15.519 32.500
3 16  24.687 -16.003 32.500 -0.687 -16.003 32.500 -0.868 -16.480 32.500
3 16  24.868 -16.480 32.500 -0.868 -16.480 32.500 -1.068 -16.949 32.500
3 16  25.068 -16.949 32.500 -1.068 -16.949 32.500 -1.288 -17.410 32.500
3 16  25.288 -17.410 32.500 -1.288 -17.410 32.500 27.000 -24.000 32.500
3 16  -3.000 -24.000 32.500 -1.288 -17.410 32.500 -1.528 -17.860 32.500
3 16  -3.000 -24.000 32.500 -1.528 -17.860 32.500 -1.787 -18.300 32.500
3 16  -3.000 -24.000 32.500 -1.787 -18.300 32.500 -2.064 -18.728 32.500
3 16  -3.000 -24.000 32.500 -2.064 -18.728 32.500 -2.358 -19.144 32.500
3 16  -3.000 -24.000 32.500 -2.358 -19.144 32.500 -2.671 -19.548 32.500
3 16  -3.000 -24.000 32.500 -2.671 -19.548 32.500 -3.000 -19.937 32.500
3 16  -1.288 -17.410 32.500 -3.000 -24.000 32.500 27.000 -24.000 32.500
3 16  -3.000 -24.000 12.000 -3.000 -19.937 32.500 -3.000 -19.937 12.000
3 16  -3.000 -19.937 32.500 -3.000 -24.000 12.000 -3.000 -24.000 32.500
3 16  -0.500 -8.572 23.292 -0.500 0.000 12.000 -0.500 0.000 23.292
3 16  -0.500 0.000 12.000 -0.500 -8.572 23.292 -0.500 -8.572 12.000
