0 ./parts/S-1-1-1.dat
0 !LDRAW Unofficial_part
0 BFC CERTIFY CCW
3 16  36.000 0.000 36.000 60.000 0.000 48.000 60.000 0.000 36.000
3 16  60.000 0.000 48.000 36.000 0.000 36.000 24.000 0.000 48.000
3 16  36.000 0.000 36.000 24.000 0.000 12.000 24.000 0.000 48.000
3 16  36.000 0.000 0.000 24.000 0.000 12.000 36.000 0.000 36.000
3 16  0.000 0.000 0.000 24.000 0.000 12.000 36.000 0.000 0.000
3 16  24.000 0.000 12.000 0.000 0.000 0.000 0.000 0.000 12.000
3 16  24.000 -24.000 0.000 21.868 -13.618 0.000 21.985 -12.541 0.000
3 16  24.000 -24.000 0.000 21.636 -14.675 0.000 21.868 -13.618 0.000
3 16  24.000 -24.000 0.000 21.290 -15.701 0.000 21.636 -14.675 0.000
3 16  24.000 -24.000 0.000 20.835 -16.684 0.000 21.290 -15.701 0.000
3 16  24.000 -24.000 0.000 20.277 -17.612 0.000 20.835 -16.684 0.000
3 16  24.000 -24.000 0.000 19.622 -18.474 0.000 20.277 -17.612 0.000
3 16  24.000 -24.000 0.000 18.877 -19.260 0.000 19.622 -18.474 0.000
3 16  24.000 -24.000 0.000 18.052 -19.961 0.000 18.877 -19.260 0.000
3 16  24.000 -24.000 0.000 17.156 -20.569 0.000 18.052 -19.961 0.000
3 16  24.000 -24.000 0.000 16.199 -21.076 0.000 17.156 -20.569 0.000
3 16  24.000 -24.000 0.000 15.193 -21.477 0.000 16.199 -21.076 0.000
3 16  24.000 -24.000 0.000 14.150 -21.766 0.000 15.193 -21.477 0.000
3 16  24.000 -24.000 0.000 13.081 -21.941 0.000 14.150 -21.766 0.000
3 16  24.000 -24.000 0.000 12.000 -22.000 0.000 13.081 -21.941 0.000
3 16  0.000 -24.000 0.000 12.000 -22.000 0.000 24.000 -24.000 0.000
3 16  2.015 -12.541 0.000 0.000 -24.000 0.000 2.015 -11.459 0.000
3 16  2.132 -13.618 0.000 0.000 -24.000 0.000 2.015 -12.541 0.000
3 16  2.364 -14.675 0.000 0.000 -24.000 0.000 2.132 -13.618 0.000
3 16  2.710 -15.701 0.000 0.000 -24.000 0.000 2.364 -14.675 0.000
3 16  3.165 -16.684 0.000 0.000 -24.000 0.000 2.710 -15.701 0.000
3 16  3.723 -17.612 0.000 0.000 -24.000 0.000 3.165 -16.684 0.000
3 16  4.378 -18.474 0.000 0.000 -24.000 0.000 3.723 -17.612 0.000
3 16  5.123 -19.260 0.000 0.000 -24.000 0.000 4.378 -18.474 0.000
3 16  5.948 -19.961 0.000 0.000 -24.000 0.000 5.123 -19.260 0.000
3 16  6.844 -20.569 0.000 0.000 -24.000 0.000 5.948 -19.961 0.000
3 16  7.801 -21.076 0.000 0.000 -24.000 0.000 6.844 -20.569 0.000
3 16  8.807 -21.477 0.000 0.000 -24.000 0.000 7.801 -21.076 0.000
3 16  9.850 -21.766 0.000 0.000 -24.000 0.000 8.807 -21.477 0.000
3 16  10.919 -21.941 0.000 0.000 -24.000 0.000 9.850 -21.766 0.000
3 16  12.000 -22.000 0.000 0.000 -24.000 0.000 10.919 -21.941 0.000
3 16  21.985 -12.541 0.000 36.000 -24.000 0.000 24.000 -24.000 0.000
3 16  36.000 -24.000 0.000 21.985 -12.541 0.000 36.000 0.000 0.000
3 16  21.985 -11.459 0.000 36.000 0.000 0.000 21.985 -12.541 0.000
3 16  21.868 -10.382 0.000 36.000 0.000 0.000 21.985 -11.459 0.000
3 16  21.636 -9.325 0.000 36.000 0.000 0.000 21.868 -10.382 0.000
3 16  21.290 -8.299 0.000 36.000 0.000 0.000 21.636 -9.325 0.000
3 16  20.835 -7.316 0.000 36.000 0.000 0.000 21.290 -8.299 0.000
3 16  20.277 -6.388 0.000 36.000 0.000 0.000 20.835 -7.316 0.000
3 16  19.622 -5.526 0.000 36.000 0.000 0.000 20.277 -6.388 0.000
3 16  18.877 -4.740 0.000 36.000 0.000 0.000 19.622 -5.526 0.000
3 16  18.052 -4.039 0.000 36.000 0.000 0.000 18.877 -4.740 0.000
3 16  17.156 -3.431 0.000 36.000 0.000 0.000 18.052 -4.039 0.000
3 16  16.199 -2.924 0.000 36.000 0.000 0.000 17.156 -3.431 0.000
3 16  15.193 -2.523 0.000 36.000 0.000 0.000 16.199 -2.924 0.000
3 16  14.150 -2.234 0.000 36.000 0.000 0.000 15.193 -2.523 0.000
3 16  13.081 -2.059 0.000 36.000 0.000 0.000 14.150 -2.234 0.000
3 16  0.000 0.000 0.000 13.081 -2.059 0.000 12.000 -2.000 0.000
3 16  0.000 0.000 0.000 12.000 -2.000 0.000 10.919 -2.059 0.000
3 16  0.000 0.000 0.000 2.015 -11.459 0.000 0.000 -24.000 0.000
3 16  13.081 -2.059 0.000 0.000 0.000 0.000 36.000 0.000 0.000
3 16  9.850 -2.234 0.000 0.000 0.000 0.000 10.919 -2.059 0.000
3 16  8.807 -2.523 0.000 0.000 0.000 0.000 9.850 -2.234 0.000
3 16  7.801 -2.924 0.000 0.000 0.000 0.000 8.807 -2.523 0.000
3 16  6.844 -3.431 0.000 0.000 0.000 0.000 7.801 -2.924 0.000
3 16  5.948 -4.039 0.000 0.000 0.000 0.000 6.844 -3.431 0.000
3 16  5.123 -4.740 0.000 0.000 0.000 0.000 5.948 -4.039 0.000
3 16  4.378 -5.526 0.000 0.000 0.000 0.000 5.123 -4.740 0.000
3 16  3.723 -6.388 0.000 0.000 0.000 0.000 4.378 -5.526 0.000
3 16  3.165 -7.316 0.000 0.000 0.000 0.000 3.723 -6.388 0.000
3 16  2.710 -8.299 0.000 0.000 0.000 0.000 3.165 -7.316 0.000
3 16  2.364 -9.325 0.000 0.000 0.000 0.000 2.710 -8.299 0.000
3 16  2.132 -10.382 0.000 0.000 0.000 0.000 2.364 -9.325 0.000
3 16  2.015 -11.459 0.000 0.000 0.000 0.000 2.132 -10.382 0.000
3 16  24.000 0.000 12.000 21.985 -11.459 12.000 24.000 -24.000 12.000
3 16  24.000 0.000 12.000 21.868 -10.382 12.000 21.985 -11.459 12.000
3 16  24.000 0.000 12.000 21.636 -9.325 12.000 21.868 -10.382 12.000
3 16  24.000 0.000 12.000 21.290 -8.299 12.000 21.636 -9.325 12.000
3 16  24.000 0.000 12.000 20.835 -7.316 12.000 21.290 -8.299 12.000
3 16  24.000 0.000 12.000 20.277 -6.388 12.000 20.835 -7.316 12.000
3 16  24.000 0.000 12.000 19.622 -5.526 12.000 20.277 -6.388 12.000
3 16  24.000 0.000 12.000 18.877 -4.740 12.000 19.622 -5.526 12.000
3 16  24.000 0.000 12.000 18.052 -4.039 12.000 18.877 -4.740 12.000
3 16  24.000 0.000 12.000 17.156 -3.431 12.000 18.052 -4.039 12.000
3 16  24.000 0.000 12.000 16.199 -2.924 12.000 17.156 -3.431 12.000
3 16  24.000 0.000 12.000 15.193 -2.523 12.000 16.199 -2.924 12.000
3 16  24.000 0.000 12.000 14.150 -2.234 12.000 15.193 -2.523 12.000
3 16  24.000 0.000 12.000 13.081 -2.059 12.000 14.150 -2.234 12.000
3 16  24.000 0.000 12.000 12.000 -2.000 12.000 13.081 -2.059 12.000
3 16  0.000 0.000 12.000 12.000 -2.000 12.000 24.000 0.000 12.000
3 16  2.015 -11.459 12.000 0.000 0.000 12.000 2.015 -12.541 12.000
3 16  2.132 -10.382 12.000 0.000 0.000 12.000 2.015 -11.459 12.000
3 16  2.364 -9.325 12.000 0.000 0.000 12.000 2.132 -10.382 12.000
3 16  2.710 -8.299 12.000 0.000 0.000 12.000 2.364 -9.325 12.000
3 16  3.165 -7.316 12.000 0.000 0.000 12.000 2.710 -8.299 12.000
3 16  3.723 -6.388 12.000 0.000 0.000 12.000 3.165 -7.316 12.000
3 16  4.378 -5.526 12.000 0.000 0.000 12.000 3.723 -6.388 12.000
3 16  5.123 -4.740 12.000 0.000 0.000 12.000 4.378 -5.526 12.000
3 16  5.948 -4.039 12.000 0.000 0.000 12.000 5.123 -4.740 12.000
3 16  6.844 -3.431 12.000 0.000 0.000 12.000 5.948 -4.039 12.000
3 16  7.801 -2.924 12.000 0.000 0.000 12.000 6.844 -3.431 12.000
3 16  8.807 -2.523 12.000 0.000 0.000 12.000 7.801 -2.924 12.000
3 16  9.850 -2.234 12.000 0.000 0.000 12.000 8.807 -2.523 12.000
3 16  10.919 -2.059 12.000 0.000 0.000 12.000 9.850 -2.234 12.000
3 16  12.000 -2.000 12.000 0.000 0.000 12.000 10.919 -2.059 12.000
3 16  21.985 -12.541 12.000 24.000 -24.000 12.000 21.985 -11.459 12.000
3 16  21.868 -13.618 12.000 24.000 -24.000 12.000 21.985 -12.541 12.000
3 16  21.636 -14.675 12.000 24.000 -24.000 12.000 21.868 -13.618 12.000
3 16  21.290 -15.701 12.000 24.000 -24.000 12.000 21.636 -14.675 12.000
3 16  20.835 -16.684 12.000 24.000 -24.000 12.000 21.290 -15.701 12.000
3 16  20.277 -17.612 12.000 24.000 -24.000 12.000 20.835 -16.684 12.000
3 16  19.622 -18.474 12.000 24.000 -24.000 12.000 20.277 -17.612 12.000
3 16  18.877 -19.260 12.000 24.000 -24.000 12.000 19.622 -18.474 12.000
3 16  18.052 -19.961 12.000 24.000 -24.000 12.000 18.877 -19.260 12.000
3 16  17.156 -20.569 12.000 24.000 -24.000 12.000 18.052 -19.961 12.000
3 16  16.199 -21.076 12.000 24.000 -24.000 12.000 17.156 -20.569 12.000
3 16  15.193 -21.477 12.000 24.000 -24.000 12.000 16.199 -21.076 12.000
3 16  14.150 -21.766 12.000 24.000 -24.000 12.000 15.193 -21.477 12.000
3 16  13.081 -21.941 12.000 24.000 -24.000 12.000 14.150 -21.766 12.000
3 16  12.000 -22.000 12.000 24.000 -24.000 12.000 13.081 -21.941 12.000
3 16  0.000 -24.000 12.000 12.000 -22.000 12.000 10.919 -21.941 12.000
3 16  0.000 -24.000 12.000 2.015 -12.541 12.000 0.000 0.000 12.000
3 16  12.000 -22.000 12.000 0.000 -24.000 12.000 24.000 -24.000 12.000
3 16  9.850 -21.766 12.000 0.000 -24.000 12.000 10.919 -21.941 12.000
3 16  8.807 -21.477 12.000 0.000 -24.000 12.000 9.850 -21.766 12.000
3 16  7.801 -21.076 12.000 0.000 -24.000 12.000 8.807 -21.477 12.000
3 16  6.844 -20.569 12.000 0.000 -24.000 12.000 7.801 -21.076 12.000
3 16  5.948 -19.961 12.000 0.000 -24.000 12.000 6.844 -20.569 12.000
3 16  5.123 -19.260 12.000 0.000 -24.000 12.000 5.948 -19.961 12.000
3 16  4.378 -18.474 12.000 0.000 -24.000 12.000 5.123 -19.260 12.000
3 16  3.723 -17.612 12.000 0.000 -24.000 12.000 4.378 -18.474 12.000
3 16  3.165 -16.684 12.000 0.000 -24.000 12.000 3.723 -17.612 12.000
3 16  2.710 -15.701 12.000 0.000 -24.000 12.000 3.165 -16.684 12.000
3 16  2.364 -14.675 12.000 0.000 -24.000 12.000 2.710 -15.701 12.000
3 16  2.132 -13.618 12.000 0.000 -24.000 12.000 2.364 -14.675 12.000
3 16  2.015 -12.541 12.000 0.000 -24.000 12.000 2.132 -13.618 12.000
3 16  0.000 -24.000 0.000 0.000 0.000 12.000 0.000 0.000 0.000
3 16  0.000 0.000 12.000 0.000 -24.000 0.000 0.000 -24.000 12.000
3 16  13.720 -4.187 6.000 12.865 -4.047 6.000 13.081 -2.059 0.000
3 16  14.150 -2.234 0.000 13.720 -4.187 6.000 13.081 -2.059 0.000
3 16  14.554 -4.419 6.000 13.720 -4.187 6.000 14.150 -2.234 0.000
3 16  15.193 -2.523 0.000 14.554 -4.419 6.000 14.150 -2.234 0.000
3 16  15.359 -4.739 6.000 14.554 -4.419 6.000 15.193 -2.523 0.000
3 16  16.199 -2.924 0.000 15.359 -4.739 6.000 15.193 -2.523 0.000
3 16  16.124 -5.145 6.000 15.359 -4.739 6.000 16.199 -2.924 0.000
3 16  17.156 -3.431 0.000 16.124 -5.145 6.000 16.199 -2.924 0.000
3 16  16.841 -5.631 6.000 16.124 -5.145 6.000 17.156 -3.431 0.000
3 16  18.052 -4.039 0.000 16.841 -5.631 6.000 17.156 -3.431 0.000
3 16  17.502 -6.192 6.000 16.841 -5.631 6.000 18.052 -4.039 0.000
3 16  18.877 -4.740 0.000 17.502 -6.192 6.000 18.052 -4.039 0.000
3 16  18.097 -6.821 6.000 17.502 -6.192 6.000 18.877 -4.740 0.000
3 16  19.622 -5.526 0.000 18.097 -6.821 6.000 18.877 -4.740 0.000
3 16  18.622 -7.511 6.000 18.097 -6.821 6.000 19.622 -5.526 0.000
3 16  20.277 -6.388 0.000 18.622 -7.511 6.000 19.622 -5.526 0.000
3 16  19.068 -8.253 6.000 18.622 -7.511 6.000 20.277 -6.388 0.000
3 16  20.835 -7.316 0.000 19.068 -8.253 6.000 20.277 -6.388 0.000
3 16  19.432 -9.039 6.000 19.068 -8.253 6.000 20.835 -7.316 0.000
3 16  21.290 -8.299 0.000 19.432 -9.039 6.000 20.835 -7.316 0.000
3 16  19.708 -9.860 6.000 19.432 -9.039 6.000 21.290 -8.299 0.000
3 16  21.636 -9.325 0.000 19.708 -9.860 6.000 21.290 -8.299 0.000
3 16  19.895 -10.706 6.000 19.708 -9.860 6.000 21.636 -9.325 0.000
3 16  21.868 -10.382 0.000 19.895 -10.706 6.000 21.636 -9.325 0.000
3 16  19.988 -11.567 6.000 19.895 -10.706 6.000 21.868 -10.382 0.000
3 16  21.985 -11.459 0.000 19.988 -11.567 6.000 21.868 -10.382 0.000
3 16  21.985 -11.459 0.000 19.988 -12.433 6.000 19.988 -11.567 6.000
3 16  19.988 -12.433 6.000 21.985 -11.459 0.000 21.985 -12.541 0.000
3 16  21.985 -12.541 0.000 19.895 -13.294 6.000 19.988 -12.433 6.000
3 16  21.868 -13.618 0.000 19.895 -13.294 6.000 21.985 -12.541 0.000
3 16  21.868 -13.618 0.000 19.708 -14.140 6.000 19.895 -13.294 6.000
3 16  21.636 -14.675 0.000 19.708 -14.140 6.000 21.868 -13.618 0.000
3 16  21.636 -14.675 0.000 19.432 -14.961 6.000 19.708 -14.140 6.000
3 16  21.290 -15.701 0.000 19.432 -14.961 6.000 21.636 -14.675 0.000
3 16  21.290 -15.701 0.000 19.068 -15.747 6.000 19.432 -14.961 6.000
3 16  20.835 -16.684 0.000 19.068 -15.747 6.000 21.290 -15.701 0.000
3 16  20.835 -16.684 0.000 18.622 -16.489 6.000 19.068 -15.747 6.000
3 16  20.835 -16.684 0.000 20.277 -17.612 0.000 18.622 -16.489 6.000
3 16  20.277 -17.612 0.000 18.097 -17.179 6.000 18.622 -16.489 6.000
3 16  20.277 -17.612 0.000 19.622 -18.474 0.000 18.097 -17.179 6.000
3 16  19.622 -18.474 0.000 17.502 -17.808 6.000 18.097 -17.179 6.000
3 16  19.622 -18.474 0.000 18.877 -19.260 0.000 17.502 -17.808 6.000
3 16  18.877 -19.260 0.000 16.841 -18.369 6.000 17.502 -17.808 6.000
3 16  18.877 -19.260 0.000 18.052 -19.961 0.000 16.841 -18.369 6.000
3 16  18.052 -19.961 0.000 16.124 -18.855 6.000 16.841 -18.369 6.000
3 16  18.052 -19.961 0.000 17.156 -20.569 0.000 16.124 -18.855 6.000
3 16  17.156 -20.569 0.000 15.359 -19.261 6.000 16.124 -18.855 6.000
3 16  17.156 -20.569 0.000 16.199 -21.076 0.000 15.359 -19.261 6.000
3 16  16.199 -21.076 0.000 14.554 -19.581 6.000 15.359 -19.261 6.000
3 16  16.199 -21.076 0.000 15.193 -21.477 0.000 14.554 -19.581 6.000
3 16  15.193 -21.477 0.000 13.720 -19.813 6.000 14.554 -19.581 6.000
3 16  15.193 -21.477 0.000 14.150 -21.766 0.000 13.720 -19.813 6.000
3 16  14.150 -21.766 0.000 12.865 -19.953 6.000 13.720 -19.813 6.000
3 16  14.150 -21.766 0.000 13.081 -21.941 0.000 12.865 -19.953 6.000
3 16  13.081 -21.941 0.000 12.000 -20.000 6.000 12.865 -19.953 6.000
3 16  13.081 -21.941 0.000 12.000 -22.000 0.000 12.000 -20.000 6.000
3 16  12.000 -20.000 6.000 12.000 -22.000 0.000 11.135 -19.953 6.000
3 16  12.000 -22.000 0.000 10.919 -21.941 0.000 11.135 -19.953 6.000
3 16  11.135 -19.953 6.000 10.919 -21.941 0.000 10.280 -19.813 6.000
3 16  10.919 -21.941 0.000 9.850 -21.766 0.000 10.280 -19.813 6.000
3 16  10.280 -19.813 6.000 9.850 -21.766 0.000 9.446 -19.581 6.000
3 16  9.850 -21.766 0.000 8.807 -21.477 0.000 9.446 -19.581 6.000
3 16  9.446 -19.581 6.000 8.807 -21.477 0.000 8.641 -19.261 6.000
3 16  8.807 -21.477 0.000 7.801 -21.076 0.000 8.641 -19.261 6.000
3 16  8.641 -19.261 6.000 7.801 -21.076 0.000 7.876 -18.855 6.000
3 16  7.801 -21.076 0.000 6.844 -20.569 0.000 7.876 -18.855 6.000
3 16  7.876 -18.855 6.000 6.844 -20.569 0.000 7.159 -18.369 6.000
3 16  6.844 -20.569 0.000 5.948 -19.961 0.000 7.159 -18.369 6.000
3 16  7.159 -18.369 6.000 5.948 -19.961 0.000 6.498 -17.808 6.000
3 16  5.948 -19.961 0.000 5.123 -19.260 0.000 6.498 -17.808 6.000
3 16  6.498 -17.808 6.000 5.123 -19.260 0.000 5.903 -17.179 6.000
3 16  5.123 -19.260 0.000 4.378 -18.474 0.000 5.903 -17.179 6.000
3 16  5.903 -17.179 6.000 4.378 -18.474 0.000 5.378 -16.489 6.000
3 16  4.378 -18.474 0.000 3.723 -17.612 0.000 5.378 -16.489 6.000
3 16  5.378 -16.489 6.000 3.723 -17.612 0.000 4.932 -15.747 6.000
3 16  3.723 -17.612 0.000 3.165 -16.684 0.000 4.932 -15.747 6.000
3 16  4.932 -15.747 6.000 3.165 -16.684 0.000 4.568 -14.961 6.000
3 16  3.165 -16.684 0.000 2.710 -15.701 0.000 4.568 -14.961 6.000
3 16  4.568 -14.961 6.000 2.710 -15.701 0.000 4.292 -14.140 6.000
3 16  2.710 -15.701 0.000 2.364 -14.675 0.000 4.292 -14.140 6.000
3 16  4.292 -14.140 6.000 2.364 -14.675 0.000 4.105 -13.294 6.000
3 16  2.364 -14.675 0.000 2.132 -13.618 0.000 4.105 -13.294 6.000
3 16  4.105 -13.294 6.000 2.132 -13.618 0.000 4.012 -12.433 6.000
3 16  2.132 -13.618 0.000 2.015 -12.541 0.000 4.012 -12.433 6.000
3 16  4.012 -12.433 6.000 2.015 -11.459 0.000 4.012 -11.567 6.000
3 16  2.015 -11.459 0.000 4.012 -12.433 6.000 2.015 -12.541 0.000
3 16  4.012 -11.567 6.000 2.015 -11.459 0.000 4.105 -10.706 6.000
3 16  4.105 -10.706 6.000 2.015 -11.459 0.000 2.132 -10.382 0.000
3 16  4.105 -10.706 6.000 2.132 -10.382 0.000 4.292 -9.860 6.000
3 16  4.292 -9.860 6.000 2.132 -10.382 0.000 2.364 -9.325 0.000
3 16  4.292 -9.860 6.000 2.364 -9.325 0.000 4.568 -9.039 6.000
3 16  4.568 -9.039 6.000 2.364 -9.325 0.000 2.710 -8.299 0.000
3 16  4.568 -9.039 6.000 2.710 -8.299 0.000 4.932 -8.253 6.000
3 16  4.932 -8.253 6.000 2.710 -8.299 0.000 3.165 -7.316 0.000
3 16  5.378 -7.511 6.000 4.932 -8.253 6.000 3.165 -7.316 0.000
3 16  5.378 -7.511 6.000 3.165 -7.316 0.000 3.723 -6.388 0.000
3 16  5.903 -6.821 6.000 5.378 -7.511 6.000 3.723 -6.388 0.000
3 16  5.903 -6.821 6.000 3.723 -6.388 0.000 4.378 -5.526 0.000
3 16  6.498 -6.192 6.000 5.903 -6.821 6.000 4.378 -5.526 0.000
3 16  6.498 -6.192 6.000 4.378 -5.526 0.000 5.123 -4.740 0.000
3 16  7.159 -5.631 6.000 6.498 -6.192 6.000 5.123 -4.740 0.000
3 16  7.159 -5.631 6.000 5.123 -4.740 0.000 5.948 -4.039 0.000
3 16  7.876 -5.145 6.000 7.159 -5.631 6.000 5.948 -4.039 0.000
3 16  7.876 -5.145 6.000 5.948 -4.039 0.000 6.844 -3.431 0.000
3 16  8.641 -4.739 6.000 7.876 -5.145 6.000 6.844 -3.431 0.000
3 16  8.641 -4.739 6.000 6.844 -3.431 0.000 7.801 -2.924 0.000
3 16  9.446 -4.419 6.000 8.641 -4.739 6.000 7.801 -2.924 0.000
3 16  9.446 -4.419 6.000 7.801 -2.924 0.000 8.807 -2.523 0.000
3 16  10.280 -4.187 6.000 9.446 -4.419 6.000 8.807 -2.523 0.000
3 16  10.280 -4.187 6.000 8.807 -2.523 0.000 9.850 -2.234 0.000
3 16  11.135 -4.047 6.000 10.280 -4.187 6.000 9.850 -2.234 0.000
3 16  11.135 -4.047 6.000 9.850 -2.234 0.000 10.919 -2.059 0.000
3 16  12.000 -4.000 6.000 11.135 -4.047 6.000 10.919 -2.059 0.000
3 16  12.000 -4.000 6.000 10.919 -2.059 0.000 12.000 -2.000 0.000
3 16  12.865 -4.047 6.000 12.000 -4.000 6.000 12.000 -2.000 0.000
3 16  13.081 -2.059 0.000 12.865 -4.047 6.000 12.000 -2.000 0.000
3 16  12.865 -19.953 6.000 13.081 -21.941 12.000 13.720 -19.813 6.000
3 16  13.081 -21.941 12.000 14.150 -21.766 12.000 13.720 -19.813 6.000
3 16  13.720 -19.813 6.000 14.150 -21.766 12.000 14.554 -19.581 6.000
3 16  14.150 -21.766 12.000 15.193 -21.477 12.000 14.554 -19.581 6.000
3 16  14.554 -19.581 6.000 15.193 -21.477 12.000 15.359 -19.261 6.000
3 16  15.193 -21.477 12.000 16.199 -21.076 12.000 15.359 -19.261 6.000
3 16  15.359 -19.261 6.000 16.199 -21.076 12.000 16.124 -18.855 6.000
3 16  16.199 -21.076 12.000 17.156 -20.569 12.000 16.124 -18.855 6.000
3 16  16.124 -18.855 6.000 17.156 -20.569 12.000 16.841 -18.369 6.000
3 16  17.156 -20.569 12.000 18.052 -19.961 12.000 16.841 -18.369 6.000
3 16  16.841 -18.369 6.000 18.052 -19.961 12.000 17.502 -17.808 6.000
3 16  18.052 -19.961 12.000 18.877 -19.260 12.000 17.502 -17.808 6.000
3 16  17.502 -17.808 6.000 18.877 -19.260 12.000 18.097 -17.179 6.000
3 16  18.877 -19.260 12.000 19.622 -18.474 12.000 18.097 -17.179 6.000
3 16  18.097 -17.179 6.000 19.622 -18.474 12.000 18.622 -16.489 6.000
3 16  19.622 -18.474 12.000 20.277 -17.612 12.000 18.622 -16.489 6.000
3 16  18.622 -16.489 6.000 20.277 -17.612 12.000 19.068 -15.747 6.000
3 16  20.277 -17.612 12.000 20.835 -16.684 12.000 19.068 -15.747 6.000
3 16  19.068 -15.747 6.000 20.835 -16.684 12.000 19.432 -14.961 6.000
3 16  20.835 -16.684 12.000 21.290 -15.701 12.000 19.432 -14.961 6.000
3 16  19.432 -14.961 6.000 21.290 -15.701 12.000 19.708 -14.140 6.000
3 16  21.290 -15.701 12.000 21.636 -14.675 12.000 19.708 -14.140 6.000
3 16  19.708 -14.140 6.000 21.636 -14.675 12.000 19.895 -13.294 6.000
3 16  21.636 -14.675 12.000 21.868 -13.618 12.000 19.895 -13.294 6.000
3 16  19.895 -13.294 6.000 21.868 -13.618 12.000 19.988 -12.433 6.000
3 16  21.868 -13.618 12.000 21.985 -12.541 12.000 19.988 -12.433 6.000
3 16  19.988 -12.433 6.000 21.985 -11.459 12.000 19.988 -11.567 6.000
3 16  21.985 -11.459 12.000 19.988 -12.433 6.000 21.985 -12.541 12.000
3 16  19.988 -11.567 6.000 21.985 -11.459 12.000 19.895 -10.706 6.000
3 16  19.895 -10.706 6.000 21.985 -11.459 12.000 21.868 -10.382 12.000
3 16  19.895 -10.706 6.000 21.868 -10.382 12.000 19.708 -9.860 6.000
3 16  19.708 -9.860 6.000 21.868 -10.382 12.000 21.636 -9.325 12.000
3 16  19.708 -9.860 6.000 21.636 -9.325 12.000 19.432 -9.039 6.000
3 16  19.432 -9.039 6.000 21.636 -9.325 12.000 21.290 -8.299 12.000
3 16  19.432 -9.039 6.000 21.290 -8.299 12.000 19.068 -8.253 6.000
3 16  19.068 -8.253 6.000 21.290 -8.299 12.000 20.835 -7.316 12.000
3 16  18.622 -7.511 6.000 19.068 -8.253 6.000 20.835 -7.316 12.000
3 16  18.622 -7.511 6.000 20.835 -7.316 12.000 20.277 -6.388 12.000
3 16  18.097 -6.821 6.000 18.622 -7.511 6.000 20.277 -6.388 12.000
3 16  18.097 -6.821 6.000 20.277 -6.388 12.000 19.622 -5.526 12.000
3 16  17.502 -6.192 6.000 18.097 -6.821 6.000 19.622 -5.526 12.000
3 16  17.502 -6.192 6.000 19.622 -5.526 12.000 18.877 -4.740 12.000
3 16  16.841 -5.631 6.000 17.502 -6.192 6.000 18.877 -4.740 12.000
3 16  16.841 -5.631 6.000 18.877 -4.740 12.000 18.052 -4.039 12.000
3 16  16.124 -5.145 6.000 16.841 -5.631 6.000 18.052 -4.039 12.000
3 16  16.124 -5.145 6.000 18.052 -4.039 12.000 17.156 -3.431 12.000
3 16  15.359 -4.739 6.000 16.124 -5.145 6.000 17.156 -3.431 12.000
3 16  15.359 -4.739 6.000 17.156 -3.431 12.000 16.199 -2.924 12.000
3 16  14.554 -4.419 6.000 15.359 -4.739 6.000 16.199 -2.924 12.000
3 16  14.554 -4.419 6.000 16.199 -2.924 12.000 15.193 -2.523 12.000
3 16  13.720 -4.187 6.000 14.554 -4.419 6.000 15.193 -2.523 12.000
3 16  13.720 -4.187 6.000 15.193 -2.523 12.000 14.150 -2.234 12.000
3 16  12.865 -4.047 6.000 13.720 -4.187 6.000 14.150 -2.234 12.000
3 16  12.865 -4.047 6.000 14.150 -2.234 12.000 13.081 -2.059 12.000
3 16  12.000 -4.000 6.000 12.865 -4.047 6.000 13.081 -2.059 12.000
3 16  12.000 -4.000 6.000 13.081 -2.059 12.000 12.000 -2.000 12.000
3 16  11.135 -4.047 6.000 12.000 -4.000 6.000 12.000 -2.000 12.000
3 16  10.919 -2.059 12.000 11.135 -4.047 6.000 12.000 -2.000 12.000
3 16  10.280 -4.187 6.000 11.135 -4.047 6.000 10.919 -2.059 12.000
3 16  9.850 -2.234 12.000 10.280 -4.187 6.000 10.919 -2.059 12.000
3 16  9.446 -4.419 6.000 10.280 -4.187 6.000 9.850 -2.234 12.000
3 16  8.807 -2.523 12.000 9.446 -4.419 6.000 9.850 -2.234 12.000
3 16  8.641 -4.739 6.000 9.446 -4.419 6.000 8.807 -2.523 12.000
3 16  7.801 -2.924 12.000 8.641 -4.739 6.000 8.807 -2.523 12.000
3 16  7.876 -5.145 6.000 8.641 -4.739 6.000 7.801 -2.924 12.000
3 16  6.844 -3.431 12.000 7.876 -5.145 6.000 7.801 -2.924 12.000
3 16  7.159 -5.631 6.000 7.876 -5.145 6.000 6.844 -3.431 12.000
3 16  5.948 -4.039 12.000 7.159 -5.631 6.000 6.844 -3.431 12.000
3 16  6.498 -6.192 6.000 7.159 -5.631 6.000 5.948 -4.039 12.000
3 16  5.123 -4.740 12.000 6.498 -6.192 6.000 5.948 -4.039 12.000
3 16  5.903 -6.821 6.000 6.498 -6.192 6.000 5.123 -4.740 12.000
3 16  4.378 -5.526 12.000 5.903 -6.821 6.000 5.123 -4.740 12.000
3 16  5.378 -7.511 6.000 5.903 -6.821 6.000 4.378 -5.526 12.000
3 16  3.723 -6.388 12.000 5.378 -7.511 6.000 4.378 -5.526 12.000
3 16  4.932 -8.253 6.000 5.378 -7.511 6.000 3.723 -6.388 12.000
3 16  3.165 -7.316 12.000 4.932 -8.253 6.000 3.723 -6.388 12.000
3 16  4.568 -9.039 6.000 4.932 -8.253 6.000 3.165 -7.316 12.000
3 16  2.710 -8.299 12.000 4.568 -9.039 6.000 3.165 -7.316 12.000
3 16  4.292 -9.860 6.000 4.568 -9.039 6.000 2.710 -8.299 12.000
3 16  2.364 -9.325 12.000 4.292 -9.860 6.000 2.710 -8.299 12.000
3 16  4.105 -10.706 6.000 4.292 -9.860 6.000 2.364 -9.325 12.000
3 16  2.132 -10.382 12.000 4.105 -10.706 6.000 2.364 -9.325 12.000
3 16  4.012 -11.567 6.000 4.105 -10.706 6.000 2.132 -10.382 12.000
3 16  2.015 -11.459 12.000 4.012 -11.567 6.000 2.132 -10.382 12.000
3 16  2.015 -11.459 12.000 4.012 -12.433 6.000 4.012 -11.567 6.000
3 16  4.012 -12.433 6.000 2.015 -11.459 12.000 2.015 -12.541 12.000
3 16  2.015 -12.541 12.000 4.105 -13.294 6.000 4.012 -12.433 6.000
3 16  2.132 -13.618 12.000 4.105 -13.294 6.000 2.015 -12.541 12.000
3 16  2.132 -13.618 12.000 4.292 -14.140 6.000 4.105 -13.294 6.000
3 16  2.364 -14.675 12.000 4.292 -14.140 6.000 2.132 -13.618 12.000
3 16  2.364 -14.675 12.000 4.568 -14.961 6.000 4.292 -14.140 6.000
3 16  2.710 -15.701 12.000 4.568 -14.961 6.000 2.364 -14.675 12.000
3 16  2.710 -15.701 12.000 4.932 -15.747 6.000 4.568 -14.961 6.000
3 16  3.165 -16.684 12.000 4.932 -15.747 6.000 2.710 -15.701 12.000
3 16  3.165 -16.684 12.000 5.378 -16.489 6.000 4.932 -15.747 6.000
3 16  3.165 -16.684 12.000 3.723 -17.612 12.000 5.378 -16.489 6.000
3 16  3.723 -17.612 12.000 5.903 -17.179 6.000 5.378 -16.489 6.000
3 16  3.723 -17.612 12.000 4.378 -18.474 12.000 5.903 -17.179 6.000
3 16  4.378 -18.474 12.000 6.498 -17.808 6.000 5.903 -17.179 6.000
3 16  4.378 -18.474 12.000 5.123 -19.260 12.000 6.498 -17.808 6.000
3 16  5.123 -19.260 12.000 7.159 -18.369 6.000 6.498 -17.808 6.000
3 16  5.123 -19.260 12.000 5.948 -19.961 12.000 7.159 -18.369 6.000
3 16  5.948 -19.961 12.000 7.876 -18.855 6.000 7.159 -18.369 6.000
3 16  5.948 -19.961 12.000 6.844 -20.569 12.000 7.876 -18.855 6.000
3 16  6.844 -20.569 12.000 8.641 -19.261 6.000 7.876 -18.855 6.000
3 16  6.844 -20.569 12.000 7.801 -21.076 12.000 8.641 -19.261 6.000
3 16  7.801 -21.076 12.000 9.446 -19.581 6.000 8.641 -19.261 6.000
3 16  7.801 -21.076 12.000 8.807 -21.477 12.000 9.446 -19.581 6.000
3 16  8.807 -21.477 12.000 10.280 -19.813 6.000 9.446 -19.581 6.000
3 16  8.807 -21.477 12.000 9.850 -21.766 12.000 10.280 -19.813 6.000
3 16  9.850 -21.766 12.000 11.135 -19.953 6.000 10.280 -19.813 6.000
3 16  9.850 -21.766 12.000 10.919 -21.941 12.000 11.135 -19.953 6.000
3 16  10.919 -21.941 12.000 12.000 -20.000 6.000 11.135 -19.953 6.000
3 16  10.919 -21.941 12.000 12.000 -22.000 12.000 12.000 -20.000 6.000
3 16  12.000 -20.000 6.000 12.000 -22.000 12.000 12.865 -19.953 6.000
3 16  12.000 -22.000 12.000 13.081 -21.941 12.000 12.865 -19.953 6.000
3 16  0.000 -24.000 0.000 24.000 -24.000 12.000 0.000 -24.000 12.000
3 16  24.000 -24.000 0.000 24.000 -24.000 12.000 0.000 -24.000 0.000
3 16  36.000 -24.000 48.000 36.000 -24.000 36.000 60.000 -24.000 48.000
3 16  60.000 -24.000 48.000 36.000 -24.000 36.000 60.000 -24.000 36.000
3 16  24.000 -24.000 12.000 36.000 -24.000 36.000 24.000 -24.000 36.000
3 16  36.000 -24.000 12.000 36.000 -24.000 36.000 24.000 -24.000 12.000
3 16  24.000 -24.000 0.000 36.000 -24.000 12.000 24.000 -24.000 12.000
3 16  36.000 -24.000 12.000 24.000 -24.000 0.000 36.000 -24.000 0.000
3 16  36.000 -2.059 22.919 36.000 0.000 36.000 36.000 -2.000 24.000
3 16  36.000 0.000 36.000 36.000 -2.059 25.081 36.000 -2.000 24.000
3 16  36.000 0.000 36.000 36.000 -2.234 26.150 36.000 -2.059 25.081
3 16  36.000 0.000 36.000 36.000 -2.523 27.193 36.000 -2.234 26.150
3 16  36.000 0.000 36.000 36.000 -2.924 28.199 36.000 -2.523 27.193
3 16  36.000 0.000 36.000 36.000 -3.431 29.155 36.000 -2.924 28.199
3 16  36.000 0.000 36.000 36.000 -4.039 30.052 36.000 -3.431 29.155
3 16  36.000 0.000 36.000 36.000 -4.740 30.877 36.000 -4.039 30.052
3 16  36.000 0.000 36.000 36.000 -5.526 31.622 36.000 -4.740 30.877
3 16  36.000 0.000 36.000 36.000 -6.388 32.277 36.000 -5.526 31.622
3 16  36.000 0.000 36.000 36.000 -7.316 32.835 36.000 -6.388 32.277
3 16  36.000 0.000 36.000 36.000 -8.299 33.290 36.000 -7.316 32.835
3 16  36.000 0.000 36.000 36.000 -9.325 33.636 36.000 -8.299 33.290
3 16  36.000 0.000 36.000 36.000 -10.382 33.868 36.000 -9.325 33.636
3 16  36.000 0.000 36.000 36.000 -11.459 33.985 36.000 -10.382 33.868
3 16  36.000 0.000 36.000 36.000 -12.541 33.985 36.000 -11.459 33.985
3 16  36.000 -24.000 36.000 36.000 -12.541 33.985 36.000 0.000 36.000
3 16  36.000 -24.000 36.000 36.000 -22.000 24.000 36.000 -21.941 25.081
3 16  36.000 -12.541 33.985 36.000 -24.000 36.000 36.000 -13.618 33.868
3 16  36.000 -24.000 36.000 36.000 -14.675 33.636 36.000 -13.618 33.868
3 16  36.000 -24.000 36.000 36.000 -15.701 33.290 36.000 -14.675 33.636
3 16  36.000 -24.000 36.000 36.000 -16.684 32.835 36.000 -15.701 33.290
3 16  36.000 -24.000 36.000 36.000 -17.612 32.277 36.000 -16.684 32.835
3 16  36.000 -24.000 36.000 36.000 -18.474 31.622 36.000 -17.612 32.277
3 16  36.000 -24.000 36.000 36.000 -19.260 30.877 36.000 -18.474 31.622
3 16  36.000 -24.000 36.000 36.000 -19.961 30.052 36.000 -19.260 30.877
3 16  36.000 -24.000 36.000 36.000 -20.569 29.155 36.000 -19.961 30.052
3 16  36.000 -24.000 36.000 36.000 -21.076 28.199 36.000 -20.569 29.155
3 16  36.000 -24.000 36.000 36.000 -21.477 27.193 36.000 -21.076 28.199
3 16  36.000 -24.000 36.000 36.000 -21.766 26.150 36.000 -21.477 27.193
3 16  36.000 -24.000 36.000 36.000 -21.941 25.081 36.000 -21.766 26.150
3 16  36.000 -22.000 24.000 36.000 -24.000 36.000 36.000 -24.000 12.000
3 16  36.000 0.000 36.000 36.000 -2.059 22.919 36.000 0.000 0.000
3 16  36.000 -2.234 21.850 36.000 0.000 0.000 36.000 -2.059 22.919
3 16  36.000 -2.523 20.807 36.000 0.000 0.000 36.000 -2.234 21.850
3 16  36.000 -2.924 19.801 36.000 0.000 0.000 36.000 -2.523 20.807
3 16  36.000 -3.431 18.844 36.000 0.000 0.000 36.000 -2.924 19.801
3 16  36.000 -4.039 17.948 36.000 0.000 0.000 36.000 -3.431 18.844
3 16  36.000 -4.740 17.123 36.000 0.000 0.000 36.000 -4.039 17.948
3 16  36.000 -5.526 16.378 36.000 0.000 0.000 36.000 -4.740 17.123
3 16  36.000 -6.388 15.723 36.000 0.000 0.000 36.000 -5.526 16.378
3 16  36.000 -7.316 15.165 36.000 0.000 0.000 36.000 -6.388 15.723
3 16  36.000 -8.299 14.710 36.000 0.000 0.000 36.000 -7.316 15.165
3 16  36.000 -9.325 14.364 36.000 0.000 0.000 36.000 -8.299 14.710
3 16  36.000 -10.382 14.132 36.000 0.000 0.000 36.000 -9.325 14.364
3 16  36.000 -11.459 14.015 36.000 0.000 0.000 36.000 -10.382 14.132
3 16  36.000 -12.541 14.015 36.000 0.000 0.000 36.000 -11.459 14.015
3 16  36.000 -24.000 0.000 36.000 -12.541 14.015 36.000 -13.618 14.132
3 16  36.000 -24.000 0.000 36.000 -13.618 14.132 36.000 -14.675 14.364
3 16  36.000 -24.000 12.000 36.000 -14.675 14.364 36.000 -15.701 14.710
3 16  36.000 -24.000 12.000 36.000 -15.701 14.710 36.000 -16.684 15.165
3 16  36.000 -24.000 12.000 36.000 -16.684 15.165 36.000 -17.612 15.723
3 16  36.000 -24.000 12.000 36.000 -17.612 15.723 36.000 -18.474 16.378
3 16  36.000 -24.000 12.000 36.000 -21.941 22.919 36.000 -22.000 24.000
3 16  36.000 -24.000 12.000 36.000 -21.766 21.850 36.000 -21.941 22.919
3 16  36.000 -24.000 12.000 36.000 -21.477 20.807 36.000 -21.766 21.850
3 16  36.000 -24.000 12.000 36.000 -21.076 19.801 36.000 -21.477 20.807
3 16  36.000 -24.000 12.000 36.000 -20.569 18.844 36.000 -21.076 19.801
3 16  36.000 -24.000 12.000 36.000 -19.961 17.948 36.000 -20.569 18.844
3 16  36.000 -24.000 12.000 36.000 -19.260 17.123 36.000 -19.961 17.948
3 16  36.000 -24.000 12.000 36.000 -18.474 16.378 36.000 -19.260 17.123
3 16  36.000 -14.675 14.364 36.000 -24.000 12.000 36.000 -24.000 0.000
3 16  36.000 -12.541 14.015 36.000 -24.000 0.000 36.000 0.000 0.000
3 16  24.000 -2.059 25.081 24.000 0.000 12.000 24.000 -2.000 24.000
3 16  24.000 0.000 12.000 24.000 -2.059 22.919 24.000 -2.000 24.000
3 16  24.000 0.000 12.000 24.000 -2.234 21.850 24.000 -2.059 22.919
3 16  24.000 0.000 12.000 24.000 -2.523 20.807 24.000 -2.234 21.850
3 16  24.000 0.000 12.000 24.000 -2.924 19.801 24.000 -2.523 20.807
3 16  24.000 0.000 12.000 24.000 -3.431 18.844 24.000 -2.924 19.801
3 16  24.000 0.000 12.000 24.000 -4.039 17.948 24.000 -3.431 18.844
3 16  24.000 0.000 12.000 24.000 -4.740 17.123 24.000 -4.039 17.948
3 16  24.000 0.000 12.000 24.000 -5.526 16.378 24.000 -4.740 17.123
3 16  24.000 0.000 12.000 24.000 -6.388 15.723 24.000 -5.526 16.378
3 16  24.000 0.000 12.000 24.000 -7.316 15.165 24.000 -6.388 15.723
3 16  24.000 0.000 12.000 24.000 -8.299 14.710 24.000 -7.316 15.165
3 16  24.000 0.000 12.000 24.000 -9.325 14.364 24.000 -8.299 14.710
3 16  24.000 0.000 12.000 24.000 -10.382 14.132 24.000 -9.325 14.364
3 16  24.000 0.000 12.000 24.000 -11.459 14.015 24.000 -10.382 14.132
3 16  24.000 0.000 12.000 24.000 -12.541 14.015 24.000 -11.459 14.015
3 16  24.000 -24.000 12.000 24.000 -12.541 14.015 24.000 0.000 12.000
3 16  24.000 -24.000 12.000 24.000 -22.000 24.000 24.000 -21.941 22.919
3 16  24.000 -12.541 14.015 24.000 -24.000 12.000 24.000 -13.618 14.132
3 16  24.000 -24.000 12.000 24.000 -14.675 14.364 24.000 -13.618 14.132
3 16  24.000 -24.000 12.000 24.000 -15.701 14.710 24.000 -14.675 14.364
3 16  24.000 -24.000 12.000 24.000 -16.684 15.165 24.000 -15.701 14.710
3 16  24.000 -24.000 12.000 24.000 -17.612 15.723 24.000 -16.684 15.165
3 16  24.000 -24.000 12.000 24.000 -18.474 16.378 24.000 -17.612 15.723
3 16  24.000 -24.000 12.000 24.000 -19.260 17.123 24.000 -18.474 16.378
3 16  24.000 -24.000 12.000 24.000 -19.961 17.948 24.000 -19.260 17.123
3 16  24.000 -24.000 12.000 24.000 -20.569 18.844 24.000 -19.961 17.948
3 16  24.000 -24.000 12.000 24.000 -21.076 19.801 24.000 -20.569 18.844
3 16  24.000 -24.000 12.000 24.000 -21.477 20.807 24.000 -21.076 19.801
3 16  24.000 -24.000 12.000 24.000 -21.766 21.850 24.000 -21.477 20.807
3 16  24.000 -24.000 12.000 24.000 -21.941 22.919 24.000 -21.766 21.850
3 16  24.000 -22.000 24.000 24.000 -24.000 12.000 24.000 -24.000 36.000
3 16  24.000 0.000 12.000 24.000 -2.059 25.081 24.000 0.000 48.000
3 16  24.000 -2.234 26.150 24.000 0.000 48.000 24.000 -2.059 25.081
3 16  24.000 -2.523 27.193 24.000 0.000 48.000 24.000 -2.234 26.150
3 16  24.000 -2.924 28.199 24.000 0.000 48.000 24.000 -2.523 27.193
3 16  24.000 -3.431 29.155 24.000 0.000 48.000 24.000 -2.924 28.199
3 16  24.000 -4.039 30.052 24.000 0.000 48.000 24.000 -3.431 29.155
3 16  24.000 -4.740 30.877 24.000 0.000 48.000 24.000 -4.039 30.052
3 16  24.000 -5.526 31.622 24.000 0.000 48.000 24.000 -4.740 30.877
3 16  24.000 -6.388 32.277 24.000 0.000 48.000 24.000 -5.526 31.622
3 16  24.000 -7.316 32.835 24.000 0.000 48.000 24.000 -6.388 32.277
3 16  24.000 -8.299 33.290 24.000 0.000 48.000 24.000 -7.316 32.835
3 16  24.000 -9.325 33.636 24.000 0.000 48.000 24.000 -8.299 33.290
3 16  24.000 -10.382 33.868 24.000 0.000 48.000 24.000 -9.325 33.636
3 16  24.000 -11.459 33.985 24.000 0.000 48.000 24.000 -10.382 33.868
3 16  24.000 -12.541 33.985 24.000 0.000 48.000 24.000 -11.459 33.985
3 16  24.000 -24.000 48.000 24.000 -12.541 33.985 24.000 -13.618 33.868
3 16  24.000 -24.000 48.000 24.000 -13.618 33.868 24.000 -14.675 33.636
3 16  24.000 -24.000 36.000 24.000 -14.675 33.636 24.000 -15.701 33.290
3 16  24.000 -24.000 36.000 24.000 -15.701 33.290 24.000 -16.684 32.835
3 16  24.000 -24.000 36.000 24.000 -16.684 32.835 24.000 -17.612 32.277
3 16  24.000 -24.000 36.000 24.000 -17.612 32.277 24.000 -18.474 31.622
3 16  24.000 -24.000 36.000 24.000 -21.941 25.081 24.000 -22.000 24.000
3 16  24.000 -24.000 36.000 24.000 -21.766 26.150 24.000 -21.941 25.081
3 16  24.000 -24.000 36.000 24.000 -21.477 27.193 24.000 -21.766 26.150
3 16  24.000 -24.000 36.000 24.000 -21.076 28.199 24.000 -21.477 27.193
3 16  24.000 -24.000 36.000 24.000 -20.569 29.155 24.000 -21.076 28.199
3 16  24.000 -24.000 36.000 24.000 -19.961 30.052 24.000 -20.569 29.155
3 16  24.000 -24.000 36.000 24.000 -19.260 30.877 24.000 -19.961 30.052
3 16  24.000 -24.000 36.000 24.000 -18.474 31.622 24.000 -19.260 30.877
3 16  24.000 -14.675 33.636 24.000 -24.000 36.000 24.000 -24.000 48.000
3 16  24.000 -12.541 33.985 24.000 -24.000 48.000 24.000 0.000 48.000
3 16  30.000 -4.187 25.720 30.000 -4.047 24.865 36.000 -2.059 25.081
3 16  36.000 -2.234 26.150 30.000 -4.187 25.720 36.000 -2.059 25.081
3 16  30.000 -4.419 26.555 30.000 -4.187 25.720 36.000 -2.234 26.150
3 16  36.000 -2.523 27.193 30.000 -4.419 26.555 36.000 -2.234 26.150
3 16  30.000 -4.739 27.359 30.000 -4.419 26.555 36.000 -2.523 27.193
3 16  36.000 -2.924 28.199 30.000 -4.739 27.359 36.000 -2.523 27.193
3 16  30.000 -5.145 28.125 30.000 -4.739 27.359 36.000 -2.924 28.199
3 16  36.000 -3.431 29.155 30.000 -5.145 28.125 36.000 -2.924 28.199
3 16  30.000 -5.631 28.841 30.000 -5.145 28.125 36.000 -3.431 29.155
3 16  36.000 -4.039 30.052 30.000 -5.631 28.841 36.000 -3.431 29.155
3 16  30.000 -6.192 29.502 30.000 -5.631 28.841 36.000 -4.039 30.052
3 16  36.000 -4.740 30.877 30.000 -6.192 29.502 36.000 -4.039 30.052
3 16  30.000 -6.821 30.097 30.000 -6.192 29.502 36.000 -4.740 30.877
3 16  36.000 -5.526 31.622 30.000 -6.821 30.097 36.000 -4.740 30.877
3 16  30.000 -7.511 30.621 30.000 -6.821 30.097 36.000 -5.526 31.622
3 16  36.000 -6.388 32.277 30.000 -7.511 30.621 36.000 -5.526 31.622
3 16  30.000 -8.253 31.068 30.000 -7.511 30.621 36.000 -6.388 32.277
3 16  36.000 -7.316 32.835 30.000 -8.253 31.068 36.000 -6.388 32.277
3 16  30.000 -9.039 31.432 30.000 -8.253 31.068 36.000 -7.316 32.835
3 16  36.000 -8.299 33.290 30.000 -9.039 31.432 36.000 -7.316 32.835
3 16  30.000 -9.860 31.709 30.000 -9.039 31.432 36.000 -8.299 33.290
3 16  36.000 -9.325 33.636 30.000 -9.860 31.709 36.000 -8.299 33.290
3 16  30.000 -10.706 31.895 30.000 -9.860 31.709 36.000 -9.325 33.636
3 16  36.000 -10.382 33.868 30.000 -10.706 31.895 36.000 -9.325 33.636
3 16  30.000 -11.567 31.988 30.000 -10.706 31.895 36.000 -10.382 33.868
3 16  36.000 -11.459 33.985 30.000 -11.567 31.988 36.000 -10.382 33.868
3 16  30.000 -12.433 31.988 36.000 -11.459 33.985 36.000 -12.541 33.985
3 16  36.000 -11.459 33.985 30.000 -12.433 31.988 30.000 -11.567 31.988
3 16  36.000 -12.541 33.985 30.000 -13.294 31.895 30.000 -12.433 31.988
3 16  36.000 -13.618 33.868 30.000 -13.294 31.895 36.000 -12.541 33.985
3 16  36.000 -13.618 33.868 30.000 -14.140 31.709 30.000 -13.294 31.895
3 16  36.000 -14.675 33.636 30.000 -14.140 31.709 36.000 -13.618 33.868
3 16  36.000 -14.675 33.636 30.000 -14.961 31.432 30.000 -14.140 31.709
3 16  36.000 -15.701 33.290 30.000 -14.961 31.432 36.000 -14.675 33.636
3 16  36.000 -15.701 33.290 30.000 -15.747 31.068 30.000 -14.961 31.432
3 16  36.000 -16.684 32.835 30.000 -15.747 31.068 36.000 -15.701 33.290
3 16  36.000 -16.684 32.835 30.000 -16.489 30.621 30.000 -15.747 31.068
3 16  36.000 -16.684 32.835 36.000 -17.612 32.277 30.000 -16.489 30.621
3 16  36.000 -17.612 32.277 30.000 -17.179 30.097 30.000 -16.489 30.621
3 16  36.000 -17.612 32.277 36.000 -18.474 31.622 30.000 -17.179 30.097
3 16  36.000 -18.474 31.622 30.000 -17.808 29.502 30.000 -17.179 30.097
3 16  36.000 -18.474 31.622 36.000 -19.260 30.877 30.000 -17.808 29.502
3 16  36.000 -19.260 30.877 30.000 -18.369 28.841 30.000 -17.808 29.502
3 16  36.000 -19.260 30.877 36.000 -19.961 30.052 30.000 -18.369 28.841
3 16  36.000 -19.961 30.052 30.000 -18.855 28.125 30.000 -18.369 28.841
3 16  36.000 -19.961 30.052 36.000 -20.569 29.155 30.000 -18.855 28.125
3 16  36.000 -20.569 29.155 30.000 -19.261 27.359 30.000 -18.855 28.125
3 16  36.000 -20.569 29.155 36.000 -21.076 28.199 30.000 -19.261 27.359
3 16  36.000 -21.076 28.199 30.000 -19.581 26.555 30.000 -19.261 27.359
3 16  36.000 -21.076 28.199 36.000 -21.477 27.193 30.000 -19.581 26.555
3 16  36.000 -21.477 27.193 30.000 -19.813 25.720 30.000 -19.581 26.555
3 16  36.000 -21.477 27.193 36.000 -21.766 26.150 30.000 -19.813 25.720
3 16  36.000 -21.766 26.150 30.000 -19.953 24.865 30.000 -19.813 25.720
3 16  36.000 -21.766 26.150 36.000 -21.941 25.081 30.000 -19.953 24.865
3 16  36.000 -21.941 25.081 30.000 -20.000 24.000 30.000 -19.953 24.865
3 16  36.000 -21.941 25.081 36.000 -22.000 24.000 30.000 -20.000 24.000
3 16  30.000 -20.000 24.000 36.000 -22.000 24.000 30.000 -19.953 23.135
3 16  36.000 -22.000 24.000 36.000 -21.941 22.919 30.000 -19.953 23.135
3 16  30.000 -19.953 23.135 36.000 -21.941 22.919 30.000 -19.813 22.280
3 16  36.000 -21.941 22.919 36.000 -21.766 21.850 30.000 -19.813 22.280
3 16  30.000 -19.813 22.280 36.000 -21.766 21.850 30.000 -19.581 21.446
3 16  36.000 -21.766 21.850 36.000 -21.477 20.807 30.000 -19.581 21.446
3 16  30.000 -19.581 21.446 36.000 -21.477 20.807 30.000 -19.261 20.641
3 16  36.000 -21.477 20.807 36.000 -21.076 19.801 30.000 -19.261 20.641
3 16  30.000 -19.261 20.641 36.000 -21.076 19.801 30.000 -18.855 19.876
3 16  36.000 -21.076 19.801 36.000 -20.569 18.844 30.000 -18.855 19.876
3 16  30.000 -18.855 19.876 36.000 -20.569 18.844 30.000 -18.369 19.159
3 16  36.000 -20.569 18.844 36.000 -19.961 17.948 30.000 -18.369 19.159
3 16  30.000 -18.369 19.159 36.000 -19.961 17.948 30.000 -17.808 18.498
3 16  36.000 -19.961 17.948 36.000 -19.260 17.123 30.000 -17.808 18.498
3 16  30.000 -17.808 18.498 36.000 -19.260 17.123 30.000 -17.179 17.903
3 16  36.000 -19.260 17.123 36.000 -18.474 16.378 30.000 -17.179 17.903
3 16  30.000 -17.179 17.903 36.000 -18.474 16.378 30.000 -16.489 17.378
3 16  36.000 -18.474 16.378 36.000 -17.612 15.723 30.000 -16.489 17.378
3 16  30.000 -16.489 17.378 36.000 -17.612 15.723 30.000 -15.747 16.932
3 16  36.000 -17.612 15.723 36.000 -16.684 15.165 30.000 -15.747 16.932
3 16  30.000 -15.747 16.932 36.000 -16.684 15.165 30.000 -14.961 16.568
3 16  36.000 -16.684 15.165 36.000 -15.701 14.710 30.000 -14.961 16.568
3 16  30.000 -14.961 16.568 36.000 -15.701 14.710 30.000 -14.140 16.292
3 16  36.000 -15.701 14.710 36.000 -14.675 14.364 30.000 -14.140 16.292
3 16  30.000 -14.140 16.292 36.000 -14.675 14.364 30.000 -13.294 16.105
3 16  36.000 -14.675 14.364 36.000 -13.618 14.132 30.000 -13.294 16.105
3 16  30.000 -13.294 16.105 36.000 -13.618 14.132 30.000 -12.433 16.012
3 16  36.000 -13.618 14.132 36.000 -12.541 14.015 30.000 -12.433 16.012
3 16  30.000 -11.567 16.012 36.000 -12.541 14.015 36.000 -11.459 14.015
3 16  36.000 -12.541 14.015 30.000 -11.567 16.012 30.000 -12.433 16.012
3 16  30.000 -11.567 16.012 36.000 -11.459 14.015 30.000 -10.706 16.105
3 16  30.000 -10.706 16.105 36.000 -11.459 14.015 36.000 -10.382 14.132
3 16  30.000 -10.706 16.105 36.000 -10.382 14.132 30.000 -9.860 16.292
3 16  30.000 -9.860 16.292 36.000 -10.382 14.132 36.000 -9.325 14.364
3 16  30.000 -9.860 16.292 36.000 -9.325 14.364 30.000 -9.039 16.568
3 16  30.000 -9.039 16.568 36.000 -9.325 14.364 36.000 -8.299 14.710
3 16  30.000 -9.039 16.568 36.000 -8.299 14.710 30.000 -8.253 16.932
3 16  30.000 -8.253 16.932 36.000 -8.299 14.710 36.000 -7.316 15.165
3 16  30.000 -7.511 17.378 30.000 -8.253 16.932 36.000 -7.316 15.165
3 16  30.000 -7.511 17.378 36.000 -7.316 15.165 36.000 -6.388 15.723
3 16  30.000 -6.821 17.903 30.000 -7.511 17.378 36.000 -6.388 15.723
3 16  30.000 -6.821 17.903 36.000 -6.388 15.723 36.000 -5.526 16.378
3 16  30.000 -6.192 18.498 30.000 -6.821 17.903 36.000 -5.526 16.378
3 16  30.000 -6.192 18.498 36.000 -5.526 16.378 36.000 -4.740 17.123
3 16  30.000 -5.631 19.159 30.000 -6.192 18.498 36.000 -4.740 17.123
3 16  30.000 -5.631 19.159 36.000 -4.740 17.123 36.000 -4.039 17.948
3 16  30.000 -5.145 19.876 30.000 -5.631 19.159 36.000 -4.039 17.948
3 16  30.000 -5.145 19.876 36.000 -4.039 17.948 36.000 -3.431 18.844
3 16  30.000 -4.739 20.641 30.000 -5.145 19.876 36.000 -3.431 18.844
3 16  30.000 -4.739 20.641 36.000 -3.431 18.844 36.000 -2.924 19.801
3 16  30.000 -4.419 21.446 30.000 -4.739 20.641 36.000 -2.924 19.801
3 16  30.000 -4.419 21.446 36.000 -2.924 19.801 36.000 -2.523 20.807
3 16  30.000 -4.187 22.280 30.000 -4.419 21.446 36.000 -2.523 20.807
3 16  30.000 -4.187 22.280 36.000 -2.523 20.807 36.000 -2.234 21.850
3 16  30.000 -4.047 23.135 30.000 -4.187 22.280 36.000 -2.234 21.850
3 16  30.000 -4.047 23.135 36.000 -2.234 21.850 36.000 -2.059 22.919
3 16  30.000 -4.000 24.000 30.000 -4.047 23.135 36.000 -2.059 22.919
3 16  30.000 -4.000 24.000 36.000 -2.059 22.919 36.000 -2.000 24.000
3 16  30.000 -4.047 24.865 30.000 -4.000 24.000 36.000 -2.000 24.000
3 16  36.000 -2.059 25.081 30.000 -4.047 24.865 36.000 -2.000 24.000
3 16  30.000 -19.953 24.865 24.000 -21.941 25.081 30.000 -19.813 25.720
3 16  24.000 -21.941 25.081 24.000 -21.766 26.150 30.000 -19.813 25.720
3 16  30.000 -19.813 25.720 24.000 -21.766 26.150 30.000 -19.581 26.555
3 16  24.000 -21.766 26.150 24.000 -21.477 27.193 30.000 -19.581 26.555
3 16  30.000 -19.581 26.555 24.000 -21.477 27.193 30.000 -19.261 27.359
3 16  24.000 -21.477 27.193 24.000 -21.076 28.199 30.000 -19.261 27.359
3 16  30.000 -19.261 27.359 24.000 -21.076 28.199 30.000 -18.855 28.125
3 16  24.000 -21.076 28.199 24.000 -20.569 29.155 30.000 -18.855 28.125
3 16  30.000 -18.855 28.125 24.000 -20.569 29.155 30.000 -18.369 28.841
3 16  24.000 -20.569 29.155 24.000 -19.961 30.052 30.000 -18.369 28.841
3 16  30.000 -18.369 28.841 24.000 -19.961 30.052 30.000 -17.808 29.502
3 16  24.000 -19.961 30.052 24.000 -19.260 30.877 30.000 -17.808 29.502
3 16  30.000 -17.808 29.502 24.000 -19.260 30.877 30.000 -17.179 30.097
3 16  24.000 -19.260 30.877 24.000 -18.474 31.622 30.000 -17.179 30.097
3 16  30.000 -17.179 30.097 24.000 -18.474 31.622 30.000 -16.489 30.621
3 16  24.000 -18.474 31.622 24.000 -17.612 32.277 30.000 -16.489 30.621
3 16  30.000 -16.489 30.621 24.000 -17.612 32.277 30.000 -15.747 31.068
3 16  24.000 -17.612 32.277 24.000 -16.684 32.835 30.000 -15.747 31.068
3 16  30.000 -15.747 31.068 24.000 -16.684 32.835 30.000 -14.961 31.432
3 16  24.000 -16.684 32.835 24.000 -15.701 33.290 30.000 -14.961 31.432
3 16  30.000 -14.961 31.432 24.000 -15.701 33.290 30.000 -14.140 31.709
3 16  24.000 -15.701 33.290 24.000 -14.675 33.636 30.000 -14.140 31.709
3 16  30.000 -14.140 31.709 24.000 -14.675 33.636 30.000 -13.294 31.895
3 16  24.000 -14.675 33.636 24.000 -13.618 33.868 30.000 -13.294 31.895
3 16  30.000 -13.294 31.895 24.000 -13.618 33.868 30.000 -12.433 31.988
3 16  24.000 -13.618 33.868 24.000 -12.541 33.985 30.000 -12.433 31.988
3 16  24.000 -12.541 33.985 30.000 -11.567 31.988 30.000 -12.433 31.988
3 16  30.000 -11.567 31.988 24.000 -12.541 33.985 24.000 -11.459 33.985
3 16  30.000 -11.567 31.988 24.000 -11.459 33.985 30.000 -10.706 31.895
3 16  30.000 -10.706 31.895 24.000 -11.459 33.985 24.000 -10.382 33.868
3 16  30.000 -10.706 31.895 24.000 -10.382 33.868 30.000 -9.860 31.709
3 16  30.000 -9.860 31.709 24.000 -10.382 33.868 24.000 -9.325 33.636
3 16  30.000 -9.860 31.709 24.000 -9.325 33.636 30.000 -9.039 31.432
3 16  30.000 -9.039 31.432 24.000 -9.325 33.636 24.000 -8.299 33.290
3 16  30.000 -9.039 31.432 24.000 -8.299 33.290 30.000 -8.253 31.068
3 16  30.000 -8.253 31.068 24.000 -8.299 33.290 24.000 -7.316 32.835
3 16  30.000 -7.511 30.621 30.000 -8.253 31.068 24.000 -7.316 32.835
3 16  30.000 -7.511 30.621 24.000 -7.316 32.835 24.000 -6.388 32.277
3 16  30.000 -6.821 30.097 30.000 -7.511 30.621 24.000 -6.388 32.277
3 16  30.000 -6.821 30.097 24.000 -6.388 32.277 24.000 -5.526 31.622
3 16  30.000 -6.192 29.502 30.000 -6.821 30.097 24.000 -5.526 31.622
3 16  30.000 -6.192 29.502 24.000 -5.526 31.622 24.000 -4.740 30.877
3 16  30.000 -5.631 28.841 30.000 -6.192 29.502 24.000 -4.740 30.877
3 16  30.000 -5.631 28.841 24.000 -4.740 30.877 24.000 -4.039 30.052
3 16  30.000 -5.145 28.125 30.000 -5.631 28.841 24.000 -4.039 30.052
3 16  30.000 -5.145 28.125 24.000 -4.039 30.052 24.000 -3.431 29.155
3 16  30.000 -4.739 27.359 30.000 -5.145 28.125 24.000 -3.431 29.155
3 16  30.000 -4.739 27.359 24.000 -3.431 29.155 24.000 -2.924 28.199
3 16  30.000 -4.419 26.555 30.000 -4.739 27.359 24.000 -2.924 28.199
3 16  30.000 -4.419 26.555 24.000 -2.924 28.199 24.000 -2.523 27.193
3 16  30.000 -4.187 25.720 30.000 -4.419 26.555 24.000 -2.523 27.193
3 16  30.000 -4.187 25.720 24.000 -2.523 27.193 24.000 -2.234 26.150
3 16  30.000 -4.047 24.865 30.000 -4.187 25.720 24.000 -2.234 26.150
3 16  30.000 -4.047 24.865 24.000 -2.234 26.150 24.000 -2.059 25.081
3 16  30.000 -4.000 24.000 30.000 -4.047 24.865 24.000 -2.059 25.081
3 16  30.000 -4.000 24.000 24.000 -2.059 25.081 24.000 -2.000 24.000
3 16  30.000 -4.047 23.135 30.000 -4.000 24.000 24.000 -2.000 24.000
3 16  24.000 -2.059 22.919 30.000 -4.047 23.135 24.000 -2.000 24.000
3 16  30.000 -4.187 22.280 30.000 -4.047 23.135 24.000 -2.059 22.919
3 16  24.000 -2.234 21.850 30.000 -4.187 22.280 24.000 -2.059 22.919
3 16  30.000 -4.419 21.446 30.000 -4.187 22.280 24.000 -2.234 21.850
3 16  24.000 -2.523 20.807 30.000 -4.419 21.446 24.000 -2.234 21.850
3 16  30.000 -4.739 20.641 30.000 -4.419 21.446 24.000 -2.523 20.807
3 16  24.000 -2.924 19.801 30.000 -4.739 20.641 24.000 -2.523 20.807
3 16  30.000 -5.145 19.876 30.000 -4.739 20.641 24.000 -2.924 19.801
3 16  24.000 -3.431 18.844 30.000 -5.145 19.876 24.000 -2.924 19.801
3 16  30.000 -5.631 19.159 30.000 -5.145 19.876 24.000 -3.431 18.844
3 16  24.000 -4.039 17.948 30.000 -5.631 19.159 24.000 -3.431 18.844
3 16  30.000 -6.192 18.498 30.000 -5.631 19.159 24.000 -4.039 17.948
3 16  24.000 -4.740 17.123 30.000 -6.192 18.498 24.000 -4.039 17.948
3 16  30.000 -6.821 17.903 30.000 -6.192 18.498 24.000 -4.740 17.123
3 16  24.000 -5.526 16.378 30.000 -6.821 17.903 24.000 -4.740 17.123
3 16  30.000 -7.511 17.378 30.000 -6.821 17.903 24.000 -5.526 16.378
3 16  24.000 -6.388 15.723 30.000 -7.511 17.378 24.000 -5.526 16.378
3 16  30.000 -8.253 16.932 30.000 -7.511 17.378 24.000 -6.388 15.723
3 16  24.000 -7.316 15.165 30.000 -8.253 16.932 24.000 -6.388 15.723
3 16  30.000 -9.039 16.568 30.000 -8.253 16.932 24.000 -7.316 15.165
3 16  24.000 -8.299 14.710 30.000 -9.039 16.568 24.000 -7.316 15.165
3 16  30.000 -9.860 16.292 30.000 -9.039 16.568 24.000 -8.299 14.710
3 16  24.000 -9.325 14.364 30.000 -9.860 16.292 24.000 -8.299 14.710
3 16  30.000 -10.706 16.105 30.000 -9.860 16.292 24.000 -9.325 14.364
3 16  24.000 -10.382 14.132 30.000 -10.706 16.105 24.000 -9.325 14.364
3 16  30.000 -11.567 16.012 30.000 -10.706 16.105 24.000 -10.382 14.132
3 16  24.000 -11.459 14.015 30.000 -11.567 16.012 24.000 -10.382 14.132
3 16  24.000 -11.459 14.015 30.000 -12.433 16.012 30.000 -11.567 16.012
3 16  30.000 -12.433 16.012 24.000 -11.459 14.015 24.000 -12.541 14.015
3 16  24.000 -12.541 14.015 30.000 -13.294 16.105 30.000 -12.433 16.012
3 16  24.000 -13.618 14.132 30.000 -13.294 16.105 24.000 -12.541 14.015
3 16  24.000 -13.618 14.132 30.000 -14.140 16.292 30.000 -13.294 16.105
3 16  24.000 -14.675 14.364 30.000 -14.140 16.292 24.000 -13.618 14.132
3 16  24.000 -14.675 14.364 30.000 -14.961 16.568 30.000 -14.140 16.292
3 16  24.000 -15.701 14.710 30.000 -14.961 16.568 24.000 -14.675 14.364
3 16  24.000 -15.701 14.710 30.000 -15.747 16.932 30.000 -14.961 16.568
3 16  24.000 -16.684 15.165 30.000 -15.747 16.932 24.000 -15.701 14.710
3 16  24.000 -16.684 15.165 30.000 -16.489 17.378 30.000 -15.747 16.932
3 16  24.000 -16.684 15.165 24.000 -17.612 15.723 30.000 -16.489 17.378
3 16  24.000 -17.612 15.723 30.000 -17.179 17.903 30.000 -16.489 17.378
3 16  24.000 -17.612 15.723 24.000 -18.474 16.378 30.000 -17.179 17.903
3 16  24.000 -18.474 16.378 30.000 -17.808 18.498 30.000 -17.179 17.903
3 16  24.000 -18.474 16.378 24.000 -19.260 17.123 30.000 -17.808 18.498
3 16  24.000 -19.260 17.123 30.000 -18.369 19.159 30.000 -17.808 18.498
3 16  24.000 -19.260 17.123 24.000 -19.961 17.948 30.000 -18.369 19.159
3 16  24.000 -19.961 17.948 30.000 -18.855 19.876 30.000 -18.369 19.159
3 16  24.000 -19.961 17.948 24.000 -20.569 18.844 30.000 -18.855 19.876
3 16  24.000 -20.569 18.844 30.000 -19.261 20.641 30.000 -18.855 19.876
3 16  24.000 -20.569 18.844 24.000 -21.076 19.801 30.000 -19.261 20.641
3 16  24.000 -21.076 19.801 30.000 -19.581 21.446 30.000 -19.261 20.641
3 16  24.000 -21.076 19.801 24.000 -21.477 20.807 30.000 -19.581 21.446
3 16  24.000 -21.477 20.807 30.000 -19.813 22.280 30.000 -19.581 21.446
3 16  24.000 -21.477 20.807 24.000 -21.766 21.850 30.000 -19.813 22.280
3 16  24.000 -21.766 21.850 30.000 -19.953 23.135 30.000 -19.813 22.280
3 16  24.000 -21.766 21.850 24.000 -21.941 22.919 30.000 -19.953 23.135
3 16  24.000 -21.941 22.919 30.000 -20.000 24.000 30.000 -19.953 23.135
3 16  24.000 -21.941 22.919 24.000 -22.000 24.000 30.000 -20.000 24.000
3 16  30.000 -20.000 24.000 24.000 -22.000 24.000 30.000 -19.953 24.865
3 16  24.000 -22.000 24.000 24.000 -21.941 25.081 30.000 -19.953 24.865
3 16  60.000 -24.000 36.000 57.985 -12.541 36.000 60.000 0.000 36.000
3 16  60.000 -24.000 36.000 57.868 -13.618 36.000 57.985 -12.541 36.000
3 16  60.000 -24.000 36.000 57.636 -14.675 36.000 57.868 -13.618 36.000
3 16  60.000 -24.000 36.000 57.290 -15.701 36.000 57.636 -14.675 36.000
3 16  60.000 -24.000 36.000 56.835 -16.684 36.000 57.290 -15.701 36.000
3 16  60.000 -24.000 36.000 56.277 -17.612 36.000 56.835 -16.684 36.000
3 16  60.000 -24.000 36.000 55.621 -18.474 36.000 56.277 -17.612 36.000
3 16  60.000 -24.000 36.000 54.877 -19.260 36.000 55.621 -18.474 36.000
3 16  60.000 -24.000 36.000 54.052 -19.961 36.000 54.877 -19.260 36.000
3 16  60.000 -24.000 36.000 53.156 -20.569 36.000 54.052 -19.961 36.000
3 16  60.000 -24.000 36.000 52.199 -21.076 36.000 53.156 -20.569 36.000
3 16  60.000 -24.000 36.000 51.193 -21.477 36.000 52.199 -21.076 36.000
3 16  60.000 -24.000 36.000 50.150 -21.766 36.000 51.193 -21.477 36.000
3 16  60.000 -24.000 36.000 49.081 -21.941 36.000 50.150 -21.766 36.000
3 16  60.000 -24.000 36.000 48.000 -22.000 36.000 49.081 -21.941 36.000
3 16  36.000 -24.000 36.000 48.000 -22.000 36.000 60.000 -24.000 36.000
3 16  38.015 -12.541 36.000 36.000 -24.000 36.000 38.015 -11.459 36.000
3 16  38.132 -13.618 36.000 36.000 -24.000 36.000 38.015 -12.541 36.000
3 16  38.364 -14.675 36.000 36.000 -24.000 36.000 38.132 -13.618 36.000
3 16  38.710 -15.701 36.000 36.000 -24.000 36.000 38.364 -14.675 36.000
3 16  39.165 -16.684 36.000 36.000 -24.000 36.000 38.710 -15.701 36.000
3 16  39.723 -17.612 36.000 36.000 -24.000 36.000 39.165 -16.684 36.000
3 16  40.378 -18.474 36.000 36.000 -24.000 36.000 39.723 -17.612 36.000
3 16  41.123 -19.260 36.000 36.000 -24.000 36.000 40.378 -18.474 36.000
3 16  41.948 -19.961 36.000 36.000 -24.000 36.000 41.123 -19.260 36.000
3 16  42.844 -20.569 36.000 36.000 -24.000 36.000 41.948 -19.961 36.000
3 16  43.801 -21.076 36.000 36.000 -24.000 36.000 42.844 -20.569 36.000
3 16  44.807 -21.477 36.000 36.000 -24.000 36.000 43.801 -21.076 36.000
3 16  45.850 -21.766 36.000 36.000 -24.000 36.000 44.807 -21.477 36.000
3 16  46.919 -21.941 36.000 36.000 -24.000 36.000 45.850 -21.766 36.000
3 16  48.000 -22.000 36.000 36.000 -24.000 36.000 46.919 -21.941 36.000
3 16  57.985 -11.459 36.000 60.000 0.000 36.000 57.985 -12.541 36.000
3 16  57.868 -10.382 36.000 60.000 0.000 36.000 57.985 -11.459 36.000
3 16  57.636 -9.325 36.000 60.000 0.000 36.000 57.868 -10.382 36.000
3 16  57.290 -8.299 36.000 60.000 0.000 36.000 57.636 -9.325 36.000
3 16  56.835 -7.316 36.000 60.000 0.000 36.000 57.290 -8.299 36.000
3 16  56.277 -6.388 36.000 60.000 0.000 36.000 56.835 -7.316 36.000
3 16  55.621 -5.526 36.000 60.000 0.000 36.000 56.277 -6.388 36.000
3 16  54.877 -4.740 36.000 60.000 0.000 36.000 55.621 -5.526 36.000
3 16  54.052 -4.039 36.000 60.000 0.000 36.000 54.877 -4.740 36.000
3 16  53.156 -3.431 36.000 60.000 0.000 36.000 54.052 -4.039 36.000
3 16  52.199 -2.924 36.000 60.000 0.000 36.000 53.156 -3.431 36.000
3 16  51.193 -2.523 36.000 60.000 0.000 36.000 52.199 -2.924 36.000
3 16  50.150 -2.234 36.000 60.000 0.000 36.000 51.193 -2.523 36.000
3 16  49.081 -2.059 36.000 60.000 0.000 36.000 50.150 -2.234 36.000
3 16  48.000 -2.000 36.000 60.000 0.000 36.000 49.081 -2.059 36.000
3 16  36.000 0.000 36.000 48.000 -2.000 36.000 46.919 -2.059 36.000
3 16  36.000 0.000 36.000 38.015 -11.459 36.000 36.000 -24.000 36.000
3 16  48.000 -2.000 36.000 36.000 0.000 36.000 60.000 0.000 36.000
3 16  45.850 -2.234 36.000 36.000 0.000 36.000 46.919 -2.059 36.000
3 16  44.807 -2.523 36.000 36.000 0.000 36.000 45.850 -2.234 36.000
3 16  43.801 -2.924 36.000 36.000 0.000 36.000 44.807 -2.523 36.000
3 16  42.844 -3.431 36.000 36.000 0.000 36.000 43.801 -2.924 36.000
3 16  41.948 -4.039 36.000 36.000 0.000 36.000 42.844 -3.431 36.000
3 16  41.123 -4.740 36.000 36.000 0.000 36.000 41.948 -4.039 36.000
3 16  40.378 -5.526 36.000 36.000 0.000 36.000 41.123 -4.740 36.000
3 16  39.723 -6.388 36.000 36.000 0.000 36.000 40.378 -5.526 36.000
3 16  39.165 -7.316 36.000 36.000 0.000 36.000 39.723 -6.388 36.000
3 16  38.710 -8.299 36.000 36.000 0.000 36.000 39.165 -7.316 36.000
3 16  38.364 -9.325 36.000 36.000 0.000 36.000 38.710 -8.299 36.000
3 16  38.132 -10.382 36.000 36.000 0.000 36.000 38.364 -9.325 36.000
3 16  38.015 -11.459 36.000 36.000 0.000 36.000 38.132 -10.382 36.000
3 16  24.000 -24.000 36.000 36.000 -24.000 48.000 24.000 -24.000 48.000
3 16  36.000 -24.000 48.000 24.000 -24.000 36.000 36.000 -24.000 36.000
3 16  60.000 0.000 48.000 57.985 -11.459 48.000 60.000 -24.000 48.000
3 16  60.000 0.000 48.000 57.868 -10.382 48.000 57.985 -11.459 48.000
3 16  60.000 0.000 48.000 57.636 -9.325 48.000 57.868 -10.382 48.000
3 16  60.000 0.000 48.000 57.290 -8.299 48.000 57.636 -9.325 48.000
3 16  60.000 0.000 48.000 56.835 -7.316 48.000 57.290 -8.299 48.000
3 16  60.000 0.000 48.000 56.277 -6.388 48.000 56.835 -7.316 48.000
3 16  60.000 0.000 48.000 55.621 -5.526 48.000 56.277 -6.388 48.000
3 16  60.000 0.000 48.000 54.877 -4.740 48.000 55.621 -5.526 48.000
3 16  60.000 0.000 48.000 54.052 -4.039 48.000 54.877 -4.740 48.000
3 16  60.000 0.000 48.000 53.156 -3.431 48.000 54.052 -4.039 48.000
3 16  60.000 0.000 48.000 52.199 -2.924 48.000 53.156 -3.431 48.000
3 16  60.000 0.000 48.000 51.193 -2.523 48.000 52.199 -2.924 48.000
3 16  60.000 0.000 48.000 50.150 -2.234 48.000 51.193 -2.523 48.000
3 16  60.000 0.000 48.000 49.081 -2.059 48.000 50.150 -2.234 48.000
3 16  60.000 0.000 48.000 48.000 -2.000 48.000 49.081 -2.059 48.000
3 16  60.000 0.000 48.000 46.919 -2.059 48.000 48.000 -2.000 48.000
3 16  24.000 -24.000 48.000 38.015 -12.541 48.000 38.015 -11.459 48.000
3 16  24.000 0.000 48.000 38.015 -11.459 48.000 38.132 -10.382 48.000
3 16  24.000 0.000 48.000 46.919 -2.059 48.000 60.000 0.000 48.000
3 16  24.000 0.000 48.000 45.850 -2.234 48.000 46.919 -2.059 48.000
3 16  24.000 0.000 48.000 44.807 -2.523 48.000 45.850 -2.234 48.000
3 16  24.000 0.000 48.000 43.801 -2.924 48.000 44.807 -2.523 48.000
3 16  24.000 0.000 48.000 42.844 -3.431 48.000 43.801 -2.924 48.000
3 16  24.000 0.000 48.000 41.948 -4.039 48.000 42.844 -3.431 48.000
3 16  24.000 0.000 48.000 41.123 -4.740 48.000 41.948 -4.039 48.000
3 16  24.000 0.000 48.000 40.378 -5.526 48.000 41.123 -4.740 48.000
3 16  24.000 0.000 48.000 39.723 -6.388 48.000 40.378 -5.526 48.000
3 16  24.000 0.000 48.000 39.165 -7.316 48.000 39.723 -6.388 48.000
3 16  24.000 0.000 48.000 38.710 -8.299 48.000 39.165 -7.316 48.000
3 16  24.000 0.000 48.000 38.364 -9.325 48.000 38.710 -8.299 48.000
3 16  24.000 0.000 48.000 38.132 -10.382 48.000 38.364 -9.325 48.000
3 16  38.015 -11.459 48.000 24.000 0.000 48.000 24.000 -24.000 48.000
3 16  38.015 -12.541 48.000 24.000 -24.000 48.000 36.000 -24.000 48.000
3 16  57.985 -12.541 48.000 60.000 -24.000 48.000 57.985 -11.459 48.000
3 16  57.868 -13.618 48.000 60.000 -24.000 48.000 57.985 -12.541 48.000
3 16  57.636 -14.675 48.000 60.000 -24.000 48.000 57.868 -13.618 48.000
3 16  57.290 -15.701 48.000 60.000 -24.000 48.000 57.636 -14.675 48.000
3 16  56.835 -16.684 48.000 60.000 -24.000 48.000 57.290 -15.701 48.000
3 16  56.277 -17.612 48.000 60.000 -24.000 48.000 56.835 -16.684 48.000
3 16  55.621 -18.474 48.000 60.000 -24.000 48.000 56.277 -17.612 48.000
3 16  54.877 -19.260 48.000 60.000 -24.000 48.000 55.621 -18.474 48.000
3 16  54.052 -19.961 48.000 60.000 -24.000 48.000 54.877 -19.260 48.000
3 16  53.156 -20.569 48.000 60.000 -24.000 48.000 54.052 -19.961 48.000
3 16  52.199 -21.076 48.000 60.000 -24.000 48.000 53.156 -20.569 48.000
3 16  51.193 -21.477 48.000 60.000 -24.000 48.000 52.199 -21.076 48.000
3 16  50.150 -21.766 48.000 60.000 -24.000 48.000 51.193 -21.477 48.000
3 16  49.081 -21.941 48.000 60.000 -24.000 48.000 50.150 -21.766 48.000
3 16  48.000 -22.000 48.000 60.000 -24.000 48.000 49.081 -21.941 48.000
3 16  36.000 -24.000 48.000 48.000 -22.000 48.000 46.919 -21.941 48.000
3 16  36.000 -24.000 48.000 38.132 -13.618 48.000 38.015 -12.541 48.000
3 16  36.000 -24.000 48.000 38.364 -14.675 48.000 38.132 -13.618 48.000
3 16  36.000 -24.000 48.000 38.710 -15.701 48.000 38.364 -14.675 48.000
3 16  36.000 -24.000 48.000 39.165 -16.684 48.000 38.710 -15.701 48.000
3 16  36.000 -24.000 48.000 39.723 -17.612 48.000 39.165 -16.684 48.000
3 16  36.000 -24.000 48.000 40.378 -18.474 48.000 39.723 -17.612 48.000
3 16  36.000 -24.000 48.000 41.123 -19.260 48.000 40.378 -18.474 48.000
3 16  36.000 -24.000 48.000 41.948 -19.961 48.000 41.123 -19.260 48.000
3 16  36.000 -24.000 48.000 42.844 -20.569 48.000 41.948 -19.961 48.000
3 16  42.844 -20.569 48.000 36.000 -24.000 48.000 43.801 -21.076 48.000
3 16  43.801 -21.076 48.000 36.000 -24.000 48.000 44.807 -21.477 48.000
3 16  44.807 -21.477 48.000 36.000 -24.000 48.000 45.850 -21.766 48.000
3 16  45.850 -21.766 48.000 36.000 -24.000 48.000 46.919 -21.941 48.000
3 16  48.000 -22.000 48.000 36.000 -24.000 48.000 60.000 -24.000 48.000
3 16  49.720 -4.187 42.000 48.865 -4.047 42.000 49.081 -2.059 36.000
3 16  50.150 -2.234 36.000 49.720 -4.187 42.000 49.081 -2.059 36.000
3 16  50.555 -4.419 42.000 49.720 -4.187 42.000 50.150 -2.234 36.000
3 16  51.193 -2.523 36.000 50.555 -4.419 42.000 50.150 -2.234 36.000
3 16  51.359 -4.739 42.000 50.555 -4.419 42.000 51.193 -2.523 36.000
3 16  52.199 -2.924 36.000 51.359 -4.739 42.000 51.193 -2.523 36.000
3 16  52.124 -5.145 42.000 51.359 -4.739 42.000 52.199 -2.924 36.000
3 16  53.156 -3.431 36.000 52.124 -5.145 42.000 52.199 -2.924 36.000
3 16  52.842 -5.631 42.000 52.124 -5.145 42.000 53.156 -3.431 36.000
3 16  54.052 -4.039 36.000 52.842 -5.631 42.000 53.156 -3.431 36.000
3 16  53.502 -6.192 42.000 52.842 -5.631 42.000 54.052 -4.039 36.000
3 16  54.877 -4.740 36.000 53.502 -6.192 42.000 54.052 -4.039 36.000
3 16  54.097 -6.821 42.000 53.502 -6.192 42.000 54.877 -4.740 36.000
3 16  55.621 -5.526 36.000 54.097 -6.821 42.000 54.877 -4.740 36.000
3 16  54.622 -7.511 42.000 54.097 -6.821 42.000 55.621 -5.526 36.000
3 16  56.277 -6.388 36.000 54.622 -7.511 42.000 55.621 -5.526 36.000
3 16  55.068 -8.253 42.000 54.622 -7.511 42.000 56.277 -6.388 36.000
3 16  56.835 -7.316 36.000 55.068 -8.253 42.000 56.277 -6.388 36.000
3 16  55.432 -9.039 42.000 55.068 -8.253 42.000 56.835 -7.316 36.000
3 16  57.290 -8.299 36.000 55.432 -9.039 42.000 56.835 -7.316 36.000
3 16  55.709 -9.860 42.000 55.432 -9.039 42.000 57.290 -8.299 36.000
3 16  57.636 -9.325 36.000 55.709 -9.860 42.000 57.290 -8.299 36.000
3 16  55.895 -10.706 42.000 55.709 -9.860 42.000 57.636 -9.325 36.000
3 16  57.868 -10.382 36.000 55.895 -10.706 42.000 57.636 -9.325 36.000
3 16  55.988 -11.567 42.000 55.895 -10.706 42.000 57.868 -10.382 36.000
3 16  57.985 -11.459 36.000 55.988 -11.567 42.000 57.868 -10.382 36.000
3 16  57.985 -11.459 36.000 55.988 -12.433 42.000 55.988 -11.567 42.000
3 16  55.988 -12.433 42.000 57.985 -11.459 36.000 57.985 -12.541 36.000
3 16  57.985 -12.541 36.000 55.895 -13.294 42.000 55.988 -12.433 42.000
3 16  57.868 -13.618 36.000 55.895 -13.294 42.000 57.985 -12.541 36.000
3 16  57.868 -13.618 36.000 55.709 -14.140 42.000 55.895 -13.294 42.000
3 16  57.636 -14.675 36.000 55.709 -14.140 42.000 57.868 -13.618 36.000
3 16  57.636 -14.675 36.000 55.432 -14.961 42.000 55.709 -14.140 42.000
3 16  57.290 -15.701 36.000 55.432 -14.961 42.000 57.636 -14.675 36.000
3 16  57.290 -15.701 36.000 55.068 -15.747 42.000 55.432 -14.961 42.000
3 16  56.835 -16.684 36.000 55.068 -15.747 42.000 57.290 -15.701 36.000
3 16  56.835 -16.684 36.000 54.622 -16.489 42.000 55.068 -15.747 42.000
3 16  56.835 -16.684 36.000 56.277 -17.612 36.000 54.622 -16.489 42.000
3 16  56.277 -17.612 36.000 54.097 -17.179 42.000 54.622 -16.489 42.000
3 16  56.277 -17.612 36.000 55.621 -18.474 36.000 54.097 -17.179 42.000
3 16  55.621 -18.474 36.000 53.502 -17.808 42.000 54.097 -17.179 42.000
3 16  55.621 -18.474 36.000 54.877 -19.260 36.000 53.502 -17.808 42.000
3 16  54.877 -19.260 36.000 52.842 -18.369 42.000 53.502 -17.808 42.000
3 16  54.877 -19.260 36.000 54.052 -19.961 36.000 52.842 -18.369 42.000
3 16  54.052 -19.961 36.000 52.124 -18.855 42.000 52.842 -18.369 42.000
3 16  54.052 -19.961 36.000 53.156 -20.569 36.000 52.124 -18.855 42.000
3 16  53.156 -20.569 36.000 51.359 -19.261 42.000 52.124 -18.855 42.000
3 16  53.156 -20.569 36.000 52.199 -21.076 36.000 51.359 -19.261 42.000
3 16  52.199 -21.076 36.000 50.555 -19.581 42.000 51.359 -19.261 42.000
3 16  52.199 -21.076 36.000 51.193 -21.477 36.000 50.555 -19.581 42.000
3 16  51.193 -21.477 36.000 49.720 -19.813 42.000 50.555 -19.581 42.000
3 16  51.193 -21.477 36.000 50.150 -21.766 36.000 49.720 -19.813 42.000
3 16  50.150 -21.766 36.000 48.865 -19.953 42.000 49.720 -19.813 42.000
3 16  50.150 -21.766 36.000 49.081 -21.941 36.000 48.865 -19.953 42.000
3 16  49.081 -21.941 36.000 48.000 -20.000 42.000 48.865 -19.953 42.000
3 16  49.081 -21.941 36.000 48.000 -22.000 36.000 48.000 -20.000 42.000
3 16  48.000 -20.000 42.000 48.000 -22.000 36.000 47.135 -19.953 42.000
3 16  48.000 -22.000 36.000 46.919 -21.941 36.000 47.135 -19.953 42.000
3 16  47.135 -19.953 42.000 46.919 -21.941 36.000 46.280 -19.813 42.000
3 16  46.919 -21.941 36.000 45.850 -21.766 36.000 46.280 -19.813 42.000
3 16  46.280 -19.813 42.000 45.850 -21.766 36.000 45.446 -19.581 42.000
3 16  45.850 -21.766 36.000 44.807 -21.477 36.000 45.446 -19.581 42.000
3 16  45.446 -19.581 42.000 44.807 -21.477 36.000 44.641 -19.261 42.000
3 16  44.807 -21.477 36.000 43.801 -21.076 36.000 44.641 -19.261 42.000
3 16  44.641 -19.261 42.000 43.801 -21.076 36.000 43.876 -18.855 42.000
3 16  43.801 -21.076 36.000 42.844 -20.569 36.000 43.876 -18.855 42.000
3 16  43.876 -18.855 42.000 42.844 -20.569 36.000 43.159 -18.369 42.000
3 16  42.844 -20.569 36.000 41.948 -19.961 36.000 43.159 -18.369 42.000
3 16  43.159 -18.369 42.000 41.948 -19.961 36.000 42.499 -17.808 42.000
3 16  41.948 -19.961 36.000 41.123 -19.260 36.000 42.499 -17.808 42.000
3 16  42.499 -17.808 42.000 41.123 -19.260 36.000 41.903 -17.179 42.000
3 16  41.123 -19.260 36.000 40.378 -18.474 36.000 41.903 -17.179 42.000
3 16  41.903 -17.179 42.000 40.378 -18.474 36.000 41.379 -16.489 42.000
3 16  40.378 -18.474 36.000 39.723 -17.612 36.000 41.379 -16.489 42.000
3 16  41.379 -16.489 42.000 39.723 -17.612 36.000 40.932 -15.747 42.000
3 16  39.723 -17.612 36.000 39.165 -16.684 36.000 40.932 -15.747 42.000
3 16  40.932 -15.747 42.000 39.165 -16.684 36.000 40.568 -14.961 42.000
3 16  39.165 -16.684 36.000 38.710 -15.701 36.000 40.568 -14.961 42.000
3 16  40.568 -14.961 42.000 38.710 -15.701 36.000 40.291 -14.140 42.000
3 16  38.710 -15.701 36.000 38.364 -14.675 36.000 40.291 -14.140 42.000
3 16  40.291 -14.140 42.000 38.364 -14.675 36.000 40.106 -13.294 42.000
3 16  38.364 -14.675 36.000 38.132 -13.618 36.000 40.106 -13.294 42.000
3 16  40.106 -13.294 42.000 38.132 -13.618 36.000 40.012 -12.433 42.000
3 16  38.132 -13.618 36.000 38.015 -12.541 36.000 40.012 -12.433 42.000
3 16  40.012 -12.433 42.000 38.015 -11.459 36.000 40.012 -11.567 42.000
3 16  38.015 -11.459 36.000 40.012 -12.433 42.000 38.015 -12.541 36.000
3 16  40.012 -11.567 42.000 38.015 -11.459 36.000 40.106 -10.706 42.000
3 16  40.106 -10.706 42.000 38.015 -11.459 36.000 38.132 -10.382 36.000
3 16  40.106 -10.706 42.000 38.132 -10.382 36.000 40.291 -9.860 42.000
3 16  40.291 -9.860 42.000 38.132 -10.382 36.000 38.364 -9.325 36.000
3 16  40.291 -9.860 42.000 38.364 -9.325 36.000 40.568 -9.039 42.000
3 16  40.568 -9.039 42.000 38.364 -9.325 36.000 38.710 -8.299 36.000
3 16  40.568 -9.039 42.000 38.710 -8.299 36.000 40.932 -8.253 42.000
3 16  40.932 -8.253 42.000 38.710 -8.299 36.000 39.165 -7.316 36.000
3 16  41.379 -7.511 42.000 40.932 -8.253 42.000 39.165 -7.316 36.000
3 16  41.379 -7.511 42.000 39.165 -7.316 36.000 39.723 -6.388 36.000
3 16  41.903 -6.821 42.000 41.379 -7.511 42.000 39.723 -6.388 36.000
3 16  41.903 -6.821 42.000 39.723 -6.388 36.000 40.378 -5.526 36.000
3 16  42.499 -6.192 42.000 41.903 -6.821 42.000 40.378 -5.526 36.000
3 16  42.499 -6.192 42.000 40.378 -5.526 36.000 41.123 -4.740 36.000
3 16  43.159 -5.631 42.000 42.499 -6.192 42.000 41.123 -4.740 36.000
3 16  43.159 -5.631 42.000 41.123 -4.740 36.000 41.948 -4.039 36.000
3 16  43.876 -5.145 42.000 43.159 -5.631 42.000 41.948 -4.039 36.000
3 16  43.876 -5.145 42.000 41.948 -4.039 36.000 42.844 -3.431 36.000
3 16  44.641 -4.739 42.000 43.876 -5.145 42.000 42.844 -3.431 36.000
3 16  44.641 -4.739 42.000 42.844 -3.431 36.000 43.801 -2.924 36.000
3 16  45.446 -4.419 42.000 44.641 -4.739 42.000 43.801 -2.924 36.000
3 16  45.446 -4.419 42.000 43.801 -2.924 36.000 44.807 -2.523 36.000
3 16  46.280 -4.187 42.000 45.446 -4.419 42.000 44.807 -2.523 36.000
3 16  46.280 -4.187 42.000 44.807 -2.523 36.000 45.850 -2.234 36.000
3 16  47.135 -4.047 42.000 46.280 -4.187 42.000 45.850 -2.234 36.000
3 16  47.135 -4.047 42.000 45.850 -2.234 36.000 46.919 -2.059 36.000
3 16  48.000 -4.000 42.000 47.135 -4.047 42.000 46.919 -2.059 36.000
3 16  48.000 -4.000 42.000 46.919 -2.059 36.000 48.000 -2.000 36.000
3 16  48.865 -4.047 42.000 48.000 -4.000 42.000 48.000 -2.000 36.000
3 16  49.081 -2.059 36.000 48.865 -4.047 42.000 48.000 -2.000 36.000
3 16  48.865 -19.953 42.000 49.081 -21.941 48.000 49.720 -19.813 42.000
3 16  49.081 -21.941 48.000 50.150 -21.766 48.000 49.720 -19.813 42.000
3 16  49.720 -19.813 42.000 50.150 -21.766 48.000 50.555 -19.581 42.000
3 16  50.150 -21.766 48.000 51.193 -21.477 48.000 50.555 -19.581 42.000
3 16  50.555 -19.581 42.000 51.193 -21.477 48.000 51.359 -19.261 42.000
3 16  51.193 -21.477 48.000 52.199 -21.076 48.000 51.359 -19.261 42.000
3 16  51.359 -19.261 42.000 52.199 -21.076 48.000 52.124 -18.855 42.000
3 16  52.199 -21.076 48.000 53.156 -20.569 48.000 52.124 -18.855 42.000
3 16  52.124 -18.855 42.000 53.156 -20.569 48.000 52.842 -18.369 42.000
3 16  53.156 -20.569 48.000 54.052 -19.961 48.000 52.842 -18.369 42.000
3 16  52.842 -18.369 42.000 54.052 -19.961 48.000 53.502 -17.808 42.000
3 16  54.052 -19.961 48.000 54.877 -19.260 48.000 53.502 -17.808 42.000
3 16  53.502 -17.808 42.000 54.877 -19.260 48.000 54.097 -17.179 42.000
3 16  54.877 -19.260 48.000 55.621 -18.474 48.000 54.097 -17.179 42.000
3 16  54.097 -17.179 42.000 55.621 -18.474 48.000 54.622 -16.489 42.000
3 16  55.621 -18.474 48.000 56.277 -17.612 48.000 54.622 -16.489 42.000
3 16  54.622 -16.489 42.000 56.277 -17.612 48.000 55.068 -15.747 42.000
3 16  56.277 -17.612 48.000 56.835 -16.684 48.000 55.068 -15.747 42.000
3 16  55.068 -15.747 42.000 56.835 -16.684 48.000 55.432 -14.961 42.000
3 16  56.835 -16.684 48.000 57.290 -15.701 48.000 55.432 -14.961 42.000
3 16  55.432 -14.961 42.000 57.290 -15.701 48.000 55.709 -14.140 42.000
3 16  57.290 -15.701 48.000 57.636 -14.675 48.000 55.709 -14.140 42.000
3 16  55.709 -14.140 42.000 57.636 -14.675 48.000 55.895 -13.294 42.000
3 16  57.636 -14.675 48.000 57.868 -13.618 48.000 55.895 -13.294 42.000
3 16  55.895 -13.294 42.000 57.868 -13.618 48.000 55.988 -12.433 42.000
3 16  57.868 -13.618 48.000 57.985 -12.541 48.000 55.988 -12.433 42.000
3 16  55.988 -12.433 42.000 57.985 -11.459 48.000 55.988 -11.567 42.000
3 16  57.985 -11.459 48.000 55.988 -12.433 42.000 57.985 -12.541 48.000
3 16  55.988 -11.567 42.000 57.985 -11.459 48.000 55.895 -10.706 42.000
3 16  55.895 -10.706 42.000 57.985 -11.459 48.000 57.868 -10.382 48.000
3 16  55.895 -10.706 42.000 57.868 -10.382 48.000 55.709 -9.860 42.000
3 16  55.709 -9.860 42.000 57.868 -10.382 48.000 57.636 -9.325 48.000
3 16  55.709 -9.860 42.000 57.636 -9.325 48.000 55.432 -9.039 42.000
3 16  55.432 -9.039 42.000 57.636 -9.325 48.000 57.290 -8.299 48.000
3 16  55.432 -9.039 42.000 57.290 -8.299 48.000 55.068 -8.253 42.000
3 16  55.068 -8.253 42.000 57.290 -8.299 48.000 56.835 -7.316 48.000
3 16  54.622 -7.511 42.000 55.068 -8.253 42.000 56.835 -7.316 48.000
3 16  54.622 -7.511 42.000 56.835 -7.316 48.000 56.277 -6.388 48.000
3 16  54.097 -6.821 42.000 54.622 -7.511 42.000 56.277 -6.388 48.000
3 16  54.097 -6.821 42.000 56.277 -6.388 48.000 55.621 -5.526 48.000
3 16  53.502 -6.192 42.000 54.097 -6.821 42.000 55.621 -5.526 48.000
3 16  53.502 -6.192 42.000 55.621 -5.526 48.000 54.877 -4.740 48.000
3 16  52.842 -5.631 42.000 53.502 -6.192 42.000 54.877 -4.740 48.000
3 16  52.842 -5.631 42.000 54.877 -4.740 48.000 54.052 -4.039 48.000
3 16  52.124 -5.145 42.000 52.842 -5.631 42.000 54.052 -4.039 48.000
3 16  52.124 -5.145 42.000 54.052 -4.039 48.000 53.156 -3.431 48.000
3 16  51.359 -4.739 42.000 52.124 -5.145 42.000 53.156 -3.431 48.000
3 16  51.359 -4.739 42.000 53.156 -3.431 48.000 52.199 -2.924 48.000
3 16  50.555 -4.419 42.000 51.359 -4.739 42.000 52.199 -2.924 48.000
3 16  50.555 -4.419 42.000 52.199 -2.924 48.000 51.193 -2.523 48.000
3 16  49.720 -4.187 42.000 50.555 -4.419 42.000 51.193 -2.523 48.000
3 16  49.720 -4.187 42.000 51.193 -2.523 48.000 50.150 -2.234 48.000
3 16  48.865 -4.047 42.000 49.720 -4.187 42.000 50.150 -2.234 48.000
3 16  48.865 -4.047 42.000 50.150 -2.234 48.000 49.081 -2.059 48.000
3 16  48.000 -4.000 42.000 48.865 -4.047 42.000 49.081 -2.059 48.000
3 16  48.000 -4.000 42.000 49.081 -2.059 48.000 48.000 -2.000 48.000
3 16  47.135 -4.047 42.000 48.000 -4.000 42.000 48.000 -2.000 48.000
3 16  46.919 -2.059 48.000 47.135 -4.047 42.000 48.000 -2.000 48.000
3 16  46.280 -4.187 42.000 47.135 -4.047 42.000 46.919 -2.059 48.000
3 16  45.850 -2.234 48.000 46.280 -4.187 42.000 46.919 -2.059 48.000
3 16  45.446 -4.419 42.000 46.280 -4.187 42.000 45.850 -2.234 48.000
3 16  44.807 -2.523 48.000 45.446 -4.419 42.000 45.850 -2.234 48.000
3 16  44.641 -4.739 42.000 45.446 -4.419 42.000 44.807 -2.523 48.000
3 16  43.801 -2.924 48.000 44.641 -4.739 42.000 44.807 -2.523 48.000
3 16  43.876 -5.145 42.000 44.641 -4.739 42.000 43.801 -2.924 48.000
3 16  42.844 -3.431 48.000 43.876 -5.145 42.000 43.801 -2.924 48.000
3 16  43.159 -5.631 42.000 43.876 -5.145 42.000 42.844 -3.431 48.000
3 16  41.948 -4.039 48.000 43.159 -5.631 42.000 42.844 -3.431 48.000
3 16  42.499 -6.192 42.000 43.159 -5.631 42.000 41.948 -4.039 48.000
3 16  41.123 -4.740 48.000 42.499 -6.192 42.000 41.948 -4.039 48.000
3 16  41.903 -6.821 42.000 42.499 -6.192 42.000 41.123 -4.740 48.000
3 16  40.378 -5.526 48.000 41.903 -6.821 42.000 41.123 -4.740 48.000
3 16  41.379 -7.511 42.000 41.903 -6.821 42.000 40.378 -5.526 48.000
3 16  39.723 -6.388 48.000 41.379 -7.511 42.000 40.378 -5.526 48.000
3 16  40.932 -8.253 42.000 41.379 -7.511 42.000 39.723 -6.388 48.000
3 16  39.165 -7.316 48.000 40.932 -8.253 42.000 39.723 -6.388 48.000
3 16  40.568 -9.039 42.000 40.932 -8.253 42.000 39.165 -7.316 48.000
3 16  38.710 -8.299 48.000 40.568 -9.039 42.000 39.165 -7.316 48.000
3 16  40.291 -9.860 42.000 40.568 -9.039 42.000 38.710 -8.299 48.000
3 16  38.364 -9.325 48.000 40.291 -9.860 42.000 38.710 -8.299 48.000
3 16  40.106 -10.706 42.000 40.291 -9.860 42.000 38.364 -9.325 48.000
3 16  38.132 -10.382 48.000 40.106 -10.706 42.000 38.364 -9.325 48.000
3 16  40.012 -11.567 42.000 40.106 -10.706 42.000 38.132 -10.382 48.000
3 16  38.015 -11.459 48.000 40.012 -11.567 42.000 38.132 -10.382 48.000
3 16  38.015 -11.459 48.000 40.012 -12.433 42.000 40.012 -11.567 42.000
3 16  40.012 -12.433 42.000 38.015 -11.459 48.000 38.015 -12.541 48.000
3 16  38.015 -12.541 48.000 40.106 -13.294 42.000 40.012 -12.433 42.000
3 16  38.132 -13.618 48.000 40.106 -13.294 42.000 38.015 -12.541 48.000
3 16  38.132 -13.618 48.000 40.291 -14.140 42.000 40.106 -13.294 42.000
3 16  38.364 -14.675 48.000 40.291 -14.140 42.000 38.132 -13.618 48.000
3 16  38.364 -14.675 48.000 40.568 -14.961 42.000 40.291 -14.140 42.000
3 16  38.710 -15.701 48.000 40.568 -14.961 42.000 38.364 -14.675 48.000
3 16  38.710 -15.701 48.000 40.932 -15.747 42.000 40.568 -14.961 42.000
3 16  39.165 -16.684 48.000 40.932 -15.747 42.000 38.710 -15.701 48.000
3 16  39.165 -16.684 48.000 41.379 -16.489 42.000 40.932 -15.747 42.000
3 16  39.165 -16.684 48.000 39.723 -17.612 48.000 41.379 -16.489 42.000
3 16  39.723 -17.612 48.000 41.903 -17.179 42.000 41.379 -16.489 42.000
3 16  39.723 -17.612 48.000 40.378 -18.474 48.000 41.903 -17.179 42.000
3 16  40.378 -18.474 48.000 42.499 -17.808 42.000 41.903 -17.179 42.000
3 16  40.378 -18.474 48.000 41.123 -19.260 48.000 42.499 -17.808 42.000
3 16  41.123 -19.260 48.000 43.159 -18.369 42.000 42.499 -17.808 42.000
3 16  41.123 -19.260 48.000 41.948 -19.961 48.000 43.159 -18.369 42.000
3 16  41.948 -19.961 48.000 43.876 -18.855 42.000 43.159 -18.369 42.000
3 16  41.948 -19.961 48.000 42.844 -20.569 48.000 43.876 -18.855 42.000
3 16  42.844 -20.569 48.000 44.641 -19.261 42.000 43.876 -18.855 42.000
3 16  42.844 -20.569 48.000 43.801 -21.076 48.000 44.641 -19.261 42.000
3 16  43.801 -21.076 48.000 45.446 -19.581 42.000 44.641 -19.261 42.000
3 16  43.801 -21.076 48.000 44.807 -21.477 48.000 45.446 -19.581 42.000
3 16  44.807 -21.477 48.000 46.280 -19.813 42.000 45.446 -19.581 42.000
3 16  44.807 -21.477 48.000 45.850 -21.766 48.000 46.280 -19.813 42.000
3 16  45.850 -21.766 48.000 47.135 -19.953 42.000 46.280 -19.813 42.000
3 16  45.850 -21.766 48.000 46.919 -21.941 48.000 47.135 -19.953 42.000
3 16  46.919 -21.941 48.000 48.000 -20.000 42.000 47.135 -19.953 42.000
3 16  46.919 -21.941 48.000 48.000 -22.000 48.000 48.000 -20.000 42.000
3 16  48.000 -20.000 42.000 48.000 -22.000 48.000 48.865 -19.953 42.000
3 16  48.000 -22.000 48.000 49.081 -21.941 48.000 48.865 -19.953 42.000
3 16  60.000 -24.000 48.000 60.000 0.000 36.000 60.000 0.000 48.000
3 16  60.000 0.000 36.000 60.000 -24.000 48.000 60.000 -24.000 36.000
