0 ./parts/SP45-hard-clip.dat
0 !LDRAW Unofficial_part
0 BFC CERTIFY CCW
3 16  50.841 23.825 25.000 45.507 33.063 0.000 45.507 33.063 25.000
3 16  45.507 33.063 0.000 50.841 23.825 25.000 50.841 23.825 0.000
3 16  55.021 11.695 25.000 52.600 19.145 0.000 52.600 19.145 25.000
3 16  52.600 19.145 0.000 55.021 11.695 25.000 55.021 11.695 0.000
3 16  55.724 5.000 25.000 55.021 11.695 0.000 55.021 11.695 25.000
3 16  55.021 11.695 0.000 55.724 5.000 25.000 55.724 5.000 0.000
3 16  -17.382 -53.497 0.000 -9.720 -55.126 25.000 -17.382 -53.497 25.000
3 16  -9.720 -55.126 25.000 -17.382 -53.497 0.000 -9.720 -55.126 0.000
3 16  51.387 -22.879 25.000 52.600 -19.145 0.000 52.600 -19.145 25.000
3 16  52.600 -19.145 0.000 51.387 -22.879 25.000 51.387 -22.879 0.000
3 16  -37.639 -41.802 0.000 -28.125 -48.714 25.000 -37.639 -41.802 25.000
3 16  -28.125 -48.714 25.000 -37.639 -41.802 0.000 -28.125 -48.714 0.000
3 16  32.192 -45.759 0.000 37.639 -41.802 25.000 32.192 -45.759 25.000
3 16  37.639 -41.802 25.000 32.192 -45.759 0.000 37.639 -41.802 0.000
3 16  -32.192 45.759 0.000 -32.975 45.190 25.000 -32.192 45.759 25.000
3 16  -32.975 45.190 25.000 -32.192 45.759 0.000 -32.975 45.190 0.000
3 16  -53.168 -17.397 0.000 -55.021 -11.695 25.000 -55.021 -11.695 0.000
3 16  -55.021 -11.695 25.000 -53.168 -17.397 0.000 -53.168 -17.397 25.000
3 16  46.053 -32.117 25.000 51.387 -22.879 0.000 51.387 -22.879 25.000
3 16  51.387 -22.879 0.000 46.053 -32.117 25.000 46.053 -32.117 0.000
3 16  4.787 55.942 0.000 -5.880 55.942 25.000 4.787 55.942 25.000
3 16  -5.880 55.942 25.000 4.787 55.942 0.000 -5.880 55.942 0.000
3 16  -55.021 11.695 0.000 -54.146 14.387 25.000 -54.146 14.387 0.000
3 16  -54.146 14.387 25.000 -55.021 11.695 0.000 -55.021 11.695 25.000
3 16  -52.600 19.145 0.000 -51.387 22.879 25.000 -51.387 22.879 0.000
3 16  -51.387 22.879 25.000 -52.600 19.145 0.000 -52.600 19.145 25.000
3 16  -51.387 22.879 0.000 -46.053 32.117 25.000 -46.053 32.117 0.000
3 16  -46.053 32.117 25.000 -51.387 22.879 0.000 -51.387 22.879 25.000
3 16  -5.880 55.942 0.000 -9.720 55.126 25.000 -5.880 55.942 25.000
3 16  -9.720 55.126 25.000 -5.880 55.942 0.000 -9.720 55.126 0.000
3 16  -14.614 54.085 0.000 -17.382 53.497 25.000 -14.614 54.085 25.000
3 16  -17.382 53.497 25.000 -14.614 54.085 0.000 -17.382 53.497 0.000
3 16  9.935 -56.343 0.000 14.830 -55.310 0.000 14.909 -55.758 0.000
3 16  9.935 -56.343 0.000 14.909 -55.758 0.000 9.985 -56.627 0.000
3 16  14.830 -55.310 0.000 9.935 -56.343 0.000 11.340 -53.510 0.000
3 16  9.935 -56.343 0.000 9.711 -53.856 0.000 11.340 -53.510 0.000
3 16  9.935 -56.343 0.000 2.263 -53.856 0.000 9.711 -53.856 0.000
3 16  2.002 -56.343 0.000 2.263 -53.856 0.000 9.935 -56.343 0.000
3 16  0.115 -55.942 0.000 2.263 -53.856 0.000 2.002 -56.343 0.000
3 16  -5.022 -52.308 0.000 0.115 -55.942 0.000 -4.787 -55.942 0.000
3 16  0.115 -55.942 0.000 -5.022 -52.308 0.000 2.263 -53.856 0.000
3 16  -5.749 -54.699 0.000 -4.787 -55.942 0.000 -5.061 -57.495 0.000
3 16  -4.787 -55.942 0.000 -5.733 -54.699 0.000 -5.022 -52.308 0.000
3 16  -5.794 -54.686 0.000 -5.022 -52.308 0.000 -5.733 -54.699 0.000
3 16  -5.794 -54.686 0.000 -11.825 -49.279 0.000 -5.022 -52.308 0.000
3 16  -13.075 -51.444 0.000 -11.825 -49.279 0.000 -5.794 -54.686 0.000
3 16  -13.075 -51.444 0.000 -17.851 -44.901 0.000 -11.825 -49.279 0.000
3 16  -19.523 -46.759 0.000 -17.851 -44.901 0.000 -13.075 -51.444 0.000
3 16  -19.523 -46.759 0.000 -22.834 -39.367 0.000 -17.851 -44.901 0.000
3 16  -24.857 -40.836 0.000 -22.834 -39.367 0.000 -19.523 -46.759 0.000
3 16  -24.857 -40.836 0.000 -26.558 -32.917 0.000 -22.834 -39.367 0.000
3 16  -28.842 -33.933 0.000 -26.558 -32.917 0.000 -24.857 -40.836 0.000
3 16  -28.842 -33.933 0.000 -28.859 -25.833 0.000 -26.558 -32.917 0.000
3 16  -31.305 -26.353 0.000 -28.859 -25.833 0.000 -28.842 -33.933 0.000
3 16  -28.859 -25.833 0.000 -31.305 -26.353 0.000 -29.638 -18.427 0.000
3 16  14.830 -55.310 0.000 17.382 -53.497 0.000 17.768 -54.686 0.000
3 16  17.382 -53.497 0.000 14.830 -55.310 0.000 16.996 -52.308 0.000
3 16  16.996 -52.308 0.000 14.830 -55.310 0.000 11.340 -53.510 0.000
3 16  24.157 51.841 0.000 28.750 49.797 0.000 28.327 49.063 0.000
3 16  28.125 -48.714 0.000 33.080 -47.297 0.000 28.750 -49.797 0.000
3 16  5.749 54.699 0.000 9.985 56.627 0.000 9.720 55.126 0.000
3 16  5.749 54.699 0.000 5.061 57.495 0.000 9.985 56.627 0.000
3 16  5.749 54.699 0.000 4.787 55.942 0.000 5.061 57.495 0.000
3 16  -5.749 54.699 0.000 4.787 55.942 0.000 5.749 54.699 0.000
3 16  -5.749 54.699 0.000 -5.880 55.942 0.000 4.787 55.942 0.000
3 16  -5.749 54.699 0.000 -9.720 55.126 0.000 -5.880 55.942 0.000
3 16  -14.909 55.758 0.000 -9.720 55.126 0.000 -14.614 54.085 0.000
3 16  -16.996 52.308 0.000 -9.720 55.126 0.000 -5.749 54.699 0.000
3 16  -9.720 55.126 0.000 -16.996 52.308 0.000 -14.614 54.085 0.000
3 16  -16.996 52.308 0.000 -17.382 53.497 0.000 -14.614 54.085 0.000
3 16  -27.500 47.632 0.000 -17.382 53.497 0.000 -16.996 52.308 0.000
3 16  -27.500 47.632 0.000 -28.125 48.714 0.000 -17.382 53.497 0.000
3 16  -28.125 48.714 0.000 -27.500 47.632 0.000 -27.513 47.622 0.000
3 16  19.950 11.388 0.000 22.450 11.388 0.000 21.617 3.462 0.000
3 16  22.450 11.388 0.000 19.950 11.388 0.000 21.617 19.315 0.000
3 16  21.617 3.462 0.000 19.172 3.981 0.000 19.950 11.388 0.000
3 16  18.537 2.027 0.000 21.617 3.462 0.000 19.154 -4.119 0.000
3 16  21.617 3.462 0.000 18.537 2.027 0.000 19.172 3.981 0.000
3 16  9.000 0.000 0.000 18.537 2.027 0.000 19.154 -4.119 0.000
3 16  8.803 1.871 0.000 18.537 2.027 0.000 9.000 0.000 0.000
3 16  8.222 -3.661 0.000 19.154 -4.119 0.000 15.169 -11.021 0.000
3 16  18.537 2.027 0.000 8.803 1.871 0.000 18.340 3.898 0.000
3 16  7.281 -5.290 0.000 15.169 -11.021 0.000 12.546 -13.934 0.000
3 16  19.172 18.795 0.000 21.617 19.315 0.000 19.950 11.388 0.000
3 16  19.172 18.795 0.000 19.154 26.895 0.000 21.617 19.315 0.000
3 16  16.870 25.878 0.000 19.154 26.895 0.000 19.172 18.795 0.000
3 16  16.870 25.878 0.000 15.169 33.798 0.000 19.154 26.895 0.000
3 16  13.147 32.328 0.000 15.169 33.798 0.000 16.870 25.878 0.000
3 16  13.147 32.328 0.000 9.836 39.721 0.000 15.169 33.798 0.000
3 16  8.163 37.863 0.000 9.836 39.721 0.000 13.147 32.328 0.000
3 16  8.163 37.863 0.000 3.388 44.406 0.000 9.836 39.721 0.000
3 16  2.138 42.240 0.000 3.388 44.406 0.000 8.163 37.863 0.000
3 16  2.138 42.240 0.000 -3.893 47.647 0.000 3.388 44.406 0.000
3 16  -4.666 45.270 0.000 -3.893 47.647 0.000 2.138 42.240 0.000
3 16  -4.666 45.270 0.000 -11.690 49.305 0.000 -3.893 47.647 0.000
3 16  -11.951 46.818 0.000 -11.690 49.305 0.000 -4.666 45.270 0.000
3 16  -19.399 46.818 0.000 -11.690 49.305 0.000 -11.951 46.818 0.000
3 16  -19.399 46.818 0.000 -19.660 49.305 0.000 -11.690 49.305 0.000
3 16  -26.684 45.270 0.000 -19.660 49.305 0.000 -19.399 46.818 0.000
3 16  -26.684 45.270 0.000 -27.456 47.647 0.000 -19.660 49.305 0.000
3 16  -26.684 45.270 0.000 -27.513 47.622 0.000 -27.456 47.647 0.000
3 16  -32.192 45.759 0.000 -27.513 47.622 0.000 -26.684 45.270 0.000
3 16  -27.513 47.622 0.000 -32.192 45.759 0.000 -28.125 48.714 0.000
3 16  -33.080 47.297 0.000 -28.125 48.714 0.000 -32.192 45.759 0.000
3 16  -33.487 42.240 0.000 -32.192 45.759 0.000 -26.684 45.270 0.000
3 16  -32.192 45.759 0.000 -33.487 42.240 0.000 -32.975 45.190 0.000
3 16  -33.487 42.240 0.000 -34.737 44.406 0.000 -32.975 45.190 0.000
3 16  -39.513 37.863 0.000 -34.737 44.406 0.000 -33.487 42.240 0.000
3 16  -39.513 37.863 0.000 -41.185 39.721 0.000 -34.737 44.406 0.000
3 16  -41.492 35.664 0.000 -41.185 39.721 0.000 -39.513 37.863 0.000
3 16  -41.492 35.664 0.000 -43.833 36.780 0.000 -41.185 39.721 0.000
3 16  -44.496 32.328 0.000 -43.833 36.780 0.000 -41.492 35.664 0.000
3 16  -47.261 33.130 0.000 -43.833 36.780 0.000 -44.496 32.328 0.000
3 16  -47.261 33.130 0.000 -44.496 32.328 0.000 -46.053 32.117 0.000
3 16  -43.833 36.780 0.000 -47.261 33.130 0.000 -44.047 36.960 0.000
3 16  18.340 3.898 0.000 8.803 1.871 0.000 17.129 7.626 0.000
3 16  6.022 -6.688 0.000 12.546 -13.934 0.000 9.375 -16.238 0.000
3 16  8.222 3.661 0.000 17.129 7.626 0.000 8.803 1.871 0.000
3 16  17.129 7.626 0.000 8.222 3.661 0.000 15.169 11.021 0.000
3 16  7.281 5.290 0.000 15.169 11.021 0.000 8.222 3.661 0.000
3 16  6.022 6.688 0.000 15.169 11.021 0.000 7.281 5.290 0.000
3 16  15.169 11.021 0.000 6.022 6.688 0.000 9.836 16.944 0.000
3 16  4.500 7.794 0.000 9.836 16.944 0.000 6.022 6.688 0.000
3 16  3.800 18.256 0.000 9.836 16.944 0.000 4.500 7.794 0.000
3 16  3.800 18.256 0.000 3.388 21.629 0.000 9.836 16.944 0.000
3 16  2.138 19.464 0.000 3.388 21.629 0.000 3.800 18.256 0.000
3 16  2.138 19.464 0.000 -3.893 24.871 0.000 3.388 21.629 0.000
3 16  -4.666 22.493 0.000 -3.893 24.871 0.000 2.138 19.464 0.000
3 16  -4.666 22.493 0.000 -11.690 26.528 0.000 -3.893 24.871 0.000
3 16  -11.951 24.041 0.000 -11.690 26.528 0.000 -4.666 22.493 0.000
3 16  -19.399 24.041 0.000 -11.690 26.528 0.000 -11.951 24.041 0.000
3 16  -19.399 24.041 0.000 -19.660 26.528 0.000 -11.690 26.528 0.000
3 16  -26.684 22.493 0.000 -19.660 26.528 0.000 -19.399 24.041 0.000
3 16  -26.684 22.493 0.000 -27.456 24.871 0.000 -19.660 26.528 0.000
3 16  -33.487 19.464 0.000 -27.456 24.871 0.000 -26.684 22.493 0.000
3 16  -33.487 19.464 0.000 -34.737 21.629 0.000 -27.456 24.871 0.000
3 16  -39.513 15.086 0.000 -34.737 21.629 0.000 -33.487 19.464 0.000
3 16  -39.513 15.086 0.000 -41.185 16.944 0.000 -34.737 21.629 0.000
3 16  -44.496 9.552 0.000 -41.185 16.944 0.000 -39.513 15.086 0.000
3 16  -44.496 9.552 0.000 -46.518 11.021 0.000 -41.185 16.944 0.000
3 16  -48.220 3.102 0.000 -46.518 11.021 0.000 -44.496 9.552 0.000
3 16  -48.220 3.102 0.000 -50.504 4.119 0.000 -46.518 11.021 0.000
3 16  -50.521 -3.981 0.000 -50.504 4.119 0.000 -48.220 3.102 0.000
3 16  -52.966 -3.462 0.000 -50.521 -3.981 0.000 -51.300 -11.388 0.000
3 16  -51.431 -24.040 0.000 -52.970 -19.280 0.000 -50.521 -18.795 0.000
3 16  -53.168 -17.397 0.000 -50.521 -18.795 0.000 -52.970 -19.280 0.000
3 16  -50.521 -18.795 0.000 -53.168 -17.397 0.000 -51.300 -11.388 0.000
3 16  -53.793 -11.450 0.000 -51.300 -11.388 0.000 -53.168 -17.397 0.000
3 16  -52.970 -19.280 0.000 -52.322 -24.365 0.000 -54.032 -19.666 0.000
3 16  -55.021 -11.695 0.000 -53.793 -11.450 0.000 -53.168 -17.397 0.000
3 16  -55.724 -5.000 0.000 -53.798 -11.435 0.000 -55.021 -11.695 0.000
3 16  -53.793 -11.450 0.000 -55.021 -11.695 0.000 -53.798 -11.435 0.000
3 16  -50.521 -3.981 0.000 -52.966 -3.462 0.000 -50.504 4.119 0.000
3 16  -53.800 -11.388 0.000 -51.300 -11.388 0.000 -53.793 -11.450 0.000
3 16  -51.300 -11.388 0.000 -53.800 -11.388 0.000 -52.966 -3.462 0.000
3 16  -52.600 19.145 0.000 -55.742 14.968 0.000 -54.032 19.666 0.000
3 16  -50.245 22.371 0.000 -46.053 32.117 0.000 -44.496 32.328 0.000
3 16  -50.245 22.371 0.000 -51.387 22.879 0.000 -46.053 32.117 0.000
3 16  -50.245 22.371 0.000 -52.600 19.145 0.000 -51.387 22.879 0.000
3 16  -53.798 11.435 0.000 -52.600 19.145 0.000 -50.245 22.371 0.000
3 16  -54.146 14.387 0.000 -52.600 19.145 0.000 -53.798 11.435 0.000
3 16  -55.742 14.968 0.000 -52.600 19.145 0.000 -54.146 14.387 0.000
3 16  -55.021 11.695 0.000 -53.798 11.435 0.000 -55.000 0.000 0.000
3 16  -53.798 11.435 0.000 -55.021 11.695 0.000 -54.146 14.387 0.000
3 16  -53.798 -11.435 0.000 -55.724 -5.000 0.000 -55.000 0.000 0.000
3 16  -56.250 0.000 0.000 -55.000 0.000 0.000 -55.724 -5.000 0.000
3 16  -55.000 0.000 0.000 -56.250 0.000 0.000 -55.021 11.695 0.000
3 16  -57.500 -5.000 0.000 -56.250 0.000 0.000 -55.724 -5.000 0.000
3 16  -56.250 0.000 0.000 -57.500 -5.000 0.000 -57.500 0.000 0.000
3 16  -40.834 -40.790 0.000 -44.047 -36.960 0.000 -42.880 -35.981 0.000
3 16  -28.125 48.714 0.000 -33.080 47.297 0.000 -28.750 49.797 0.000
3 16  -8.222 3.661 0.000 -17.129 7.626 0.000 -16.188 9.255 0.000
3 16  -18.750 0.000 0.000 -13.805 -12.536 0.000 -17.917 -7.927 0.000
3 16  -13.805 -12.536 0.000 -18.750 0.000 0.000 -17.129 7.626 0.000
3 16  -17.129 7.626 0.000 -18.750 0.000 0.000 -18.340 3.898 0.000
3 16  -9.720 55.126 0.000 -14.909 55.758 0.000 -9.985 56.627 0.000
3 16  -28.125 -48.714 0.000 -36.802 -40.873 0.000 -27.500 -47.632 0.000
3 16  -37.639 -41.802 0.000 -36.802 -40.873 0.000 -28.125 -48.714 0.000
3 16  -39.532 -39.699 0.000 -36.802 -40.873 0.000 -37.639 -41.802 0.000
3 16  -42.880 -35.981 0.000 -39.532 -39.699 0.000 -40.834 -40.790 0.000
3 16  -42.880 -35.981 0.000 -36.802 -40.873 0.000 -39.532 -39.699 0.000
3 16  -42.880 -35.981 0.000 -44.496 -32.328 0.000 -36.802 -40.873 0.000
3 16  -45.507 -33.063 0.000 -44.496 -32.328 0.000 -42.880 -35.981 0.000
3 16  -46.910 -28.146 0.000 -45.507 -33.063 0.000 -46.518 -33.798 0.000
3 16  -45.507 -33.063 0.000 -46.910 -28.146 0.000 -44.496 -32.328 0.000
3 16  -50.504 -26.895 0.000 -46.910 -28.146 0.000 -46.518 -33.798 0.000
3 16  -46.910 -28.146 0.000 -50.504 -26.895 0.000 -48.220 -25.878 0.000
3 16  -51.431 -24.040 0.000 -48.220 -25.878 0.000 -50.504 -26.895 0.000
3 16  -48.220 -25.878 0.000 -51.431 -24.040 0.000 -50.521 -18.795 0.000
3 16  -52.970 -19.280 0.000 -51.431 -24.040 0.000 -52.322 -24.365 0.000
3 16  41.612 18.427 0.000 44.112 18.427 0.000 43.279 10.500 0.000
3 16  44.112 18.427 0.000 41.612 18.427 0.000 43.279 26.353 0.000
3 16  43.279 10.500 0.000 40.834 11.020 0.000 41.612 18.427 0.000
3 16  40.816 2.920 0.000 40.834 11.020 0.000 43.279 10.500 0.000
3 16  40.816 2.920 0.000 38.532 3.937 0.000 40.834 11.020 0.000
3 16  36.831 -3.983 0.000 38.532 3.937 0.000 40.816 2.920 0.000
3 16  36.831 -3.983 0.000 34.809 -2.513 0.000 38.532 3.937 0.000
3 16  31.498 -9.906 0.000 34.809 -2.513 0.000 36.831 -3.983 0.000
3 16  31.498 -9.906 0.000 29.825 -8.048 0.000 34.809 -2.513 0.000
3 16  25.050 -14.590 0.000 29.825 -8.048 0.000 31.498 -9.906 0.000
3 16  25.050 -14.590 0.000 23.800 -12.425 0.000 29.825 -8.048 0.000
3 16  17.768 -17.832 0.000 23.800 -12.425 0.000 25.050 -14.590 0.000
3 16  17.768 -17.832 0.000 16.996 -15.455 0.000 23.800 -12.425 0.000
3 16  9.972 -19.489 0.000 16.996 -15.455 0.000 17.768 -17.832 0.000
3 16  9.972 -19.489 0.000 9.711 -17.003 0.000 16.996 -15.455 0.000
3 16  9.972 -19.489 0.000 7.656 -17.003 0.000 9.711 -17.003 0.000
3 16  12.546 -13.934 0.000 6.022 -6.688 0.000 7.281 -5.290 0.000
3 16  9.375 -16.238 0.000 4.500 -7.794 0.000 6.022 -6.688 0.000
3 16  7.656 -17.003 0.000 2.781 -8.559 0.000 4.500 -7.794 0.000
3 16  2.002 -19.489 0.000 7.656 -17.003 0.000 9.972 -19.489 0.000
3 16  2.002 -19.489 0.000 2.781 -8.559 0.000 7.656 -17.003 0.000
3 16  2.002 -19.489 0.000 0.941 -8.951 0.000 2.781 -8.559 0.000
3 16  2.002 -19.489 0.000 -0.941 -8.951 0.000 0.941 -8.951 0.000
3 16  -5.794 -17.832 0.000 -0.941 -8.951 0.000 2.002 -19.489 0.000
3 16  -0.941 -8.951 0.000 -5.794 -17.832 0.000 -2.781 -8.559 0.000
3 16  -2.781 -8.559 0.000 -5.794 -17.832 0.000 -4.500 -7.794 0.000
3 16  40.834 25.833 0.000 43.279 26.353 0.000 41.612 18.427 0.000
3 16  40.834 25.833 0.000 40.816 33.933 0.000 43.279 26.353 0.000
3 16  38.532 32.917 0.000 40.816 33.933 0.000 40.834 25.833 0.000
3 16  38.532 32.917 0.000 36.831 40.836 0.000 40.816 33.933 0.000
3 16  34.809 39.367 0.000 36.831 40.836 0.000 38.532 32.917 0.000
3 16  36.831 40.836 0.000 34.809 39.367 0.000 36.789 40.882 0.000
3 16  47.261 -33.130 0.000 44.496 -32.328 0.000 46.053 -32.117 0.000
3 16  44.047 -36.960 0.000 44.496 -32.328 0.000 47.261 -33.130 0.000
3 16  42.880 -35.981 0.000 44.496 -32.328 0.000 44.047 -36.960 0.000
3 16  36.802 -40.873 0.000 42.880 -35.981 0.000 37.639 -41.802 0.000
3 16  42.880 -35.981 0.000 36.802 -40.873 0.000 44.496 -32.328 0.000
3 16  32.192 -45.759 0.000 36.802 -40.873 0.000 37.639 -41.802 0.000
3 16  33.080 -47.297 0.000 28.125 -48.714 0.000 32.192 -45.759 0.000
3 16  27.500 -47.632 0.000 32.192 -45.759 0.000 28.125 -48.714 0.000
3 16  32.192 -45.759 0.000 27.500 -47.632 0.000 36.802 -40.873 0.000
3 16  17.382 -53.497 0.000 27.500 -47.632 0.000 28.125 -48.714 0.000
3 16  27.500 -47.632 0.000 17.382 -53.497 0.000 16.996 -52.308 0.000
3 16  51.387 -22.879 0.000 50.245 -22.371 0.000 50.250 -22.355 0.000
3 16  46.053 -32.117 0.000 50.245 -22.371 0.000 51.387 -22.879 0.000
3 16  50.245 -22.371 0.000 46.053 -32.117 0.000 44.496 -32.328 0.000
3 16  54.032 -19.666 0.000 54.523 -14.524 0.000 55.742 -14.968 0.000
3 16  52.600 -19.145 0.000 54.523 -14.524 0.000 54.032 -19.666 0.000
3 16  54.523 -14.524 0.000 52.600 -19.145 0.000 51.920 -14.490 0.000
3 16  54.523 -14.524 0.000 51.920 -14.490 0.000 54.222 -7.407 0.000
3 16  50.250 -22.355 0.000 52.600 -19.145 0.000 51.387 -22.879 0.000
3 16  48.196 -20.940 0.000 52.600 -19.145 0.000 50.250 -22.355 0.000
3 16  48.196 -20.940 0.000 50.250 -22.355 0.000 50.219 -22.409 0.000
3 16  52.600 -19.145 0.000 48.196 -20.940 0.000 51.920 -14.490 0.000
3 16  44.886 -28.332 0.000 48.196 -20.940 0.000 50.219 -22.409 0.000
3 16  44.886 -28.332 0.000 43.213 -26.474 0.000 48.196 -20.940 0.000
3 16  38.438 -33.017 0.000 43.213 -26.474 0.000 44.886 -28.332 0.000
3 16  38.438 -33.017 0.000 37.188 -30.852 0.000 43.213 -26.474 0.000
3 16  31.156 -36.259 0.000 37.188 -30.852 0.000 38.438 -33.017 0.000
3 16  31.156 -36.259 0.000 30.384 -33.882 0.000 37.188 -30.852 0.000
3 16  23.360 -37.916 0.000 30.384 -33.882 0.000 31.156 -36.259 0.000
3 16  23.360 -37.916 0.000 23.099 -35.430 0.000 30.384 -33.882 0.000
3 16  23.360 -37.916 0.000 15.651 -35.430 0.000 23.099 -35.430 0.000
3 16  15.390 -37.916 0.000 15.651 -35.430 0.000 23.360 -37.916 0.000
3 16  15.390 -37.916 0.000 8.366 -33.882 0.000 15.651 -35.430 0.000
3 16  7.594 -36.259 0.000 8.366 -33.882 0.000 15.390 -37.916 0.000
3 16  7.594 -36.259 0.000 1.562 -30.852 0.000 8.366 -33.882 0.000
3 16  0.312 -33.017 0.000 1.562 -30.852 0.000 7.594 -36.259 0.000
3 16  0.312 -33.017 0.000 -4.463 -26.474 0.000 1.562 -30.852 0.000
3 16  -6.136 -28.332 0.000 -4.463 -26.474 0.000 0.312 -33.017 0.000
3 16  -6.136 -28.332 0.000 -9.446 -20.940 0.000 -4.463 -26.474 0.000
3 16  -11.469 -22.409 0.000 -9.446 -20.940 0.000 -6.136 -28.332 0.000
3 16  -11.469 -22.409 0.000 -13.170 -14.490 0.000 -9.446 -20.940 0.000
3 16  -15.454 -15.507 0.000 -13.170 -14.490 0.000 -11.469 -22.409 0.000
3 16  -13.170 -14.490 0.000 -15.454 -15.507 0.000 -13.805 -12.536 0.000
3 16  55.000 0.000 0.000 57.500 0.000 0.000 56.667 -7.927 0.000
3 16  55.724 5.000 0.000 57.500 0.000 0.000 55.000 0.000 0.000
3 16  57.500 0.000 0.000 55.724 5.000 0.000 57.500 5.000 0.000
3 16  53.798 11.435 0.000 55.724 5.000 0.000 55.000 0.000 0.000
3 16  54.222 -7.407 0.000 56.667 -7.927 0.000 54.523 -14.524 0.000
3 16  56.667 -7.927 0.000 54.222 -7.407 0.000 55.000 0.000 0.000
3 16  55.724 5.000 0.000 53.798 11.435 0.000 55.021 11.695 0.000
3 16  53.798 11.435 0.000 52.600 19.145 0.000 55.021 11.695 0.000
3 16  54.032 19.666 0.000 50.245 22.371 0.000 52.322 24.365 0.000
3 16  50.245 22.371 0.000 52.600 19.145 0.000 53.798 11.435 0.000
3 16  52.322 24.365 0.000 50.245 22.371 0.000 50.841 23.825 0.000
3 16  44.496 32.328 0.000 50.841 23.825 0.000 50.245 22.371 0.000
3 16  50.841 23.825 0.000 44.496 32.328 0.000 45.507 33.063 0.000
3 16  44.496 32.328 0.000 42.880 35.981 0.000 45.507 33.063 0.000
3 16  42.880 35.981 0.000 39.532 39.699 0.000 40.834 40.790 0.000
3 16  36.802 40.873 0.000 42.880 35.981 0.000 44.496 32.328 0.000
3 16  42.880 35.981 0.000 36.802 40.873 0.000 39.532 39.699 0.000
3 16  39.532 39.699 0.000 36.802 40.873 0.000 37.639 41.802 0.000
3 16  36.789 40.882 0.000 37.639 41.802 0.000 36.802 40.873 0.000
3 16  32.788 45.326 0.000 36.789 40.882 0.000 34.809 39.367 0.000
3 16  36.789 40.882 0.000 32.788 45.326 0.000 37.639 41.802 0.000
3 16  29.825 44.901 0.000 32.788 45.326 0.000 34.809 39.367 0.000
3 16  32.788 45.326 0.000 29.825 44.901 0.000 31.498 46.759 0.000
3 16  29.825 44.901 0.000 28.327 49.063 0.000 31.498 46.759 0.000
3 16  23.800 49.279 0.000 28.327 49.063 0.000 29.825 44.901 0.000
3 16  24.157 51.841 0.000 28.327 49.063 0.000 23.800 49.279 0.000
3 16  28.750 49.797 0.000 24.157 51.841 0.000 24.420 52.297 0.000
3 16  23.611 49.363 0.000 24.157 51.841 0.000 23.800 49.279 0.000
3 16  16.996 52.308 0.000 24.157 51.841 0.000 23.611 49.363 0.000
3 16  24.157 51.841 0.000 17.382 53.497 0.000 17.768 54.686 0.000
3 16  24.157 51.841 0.000 16.996 52.308 0.000 17.382 53.497 0.000
3 16  16.996 52.308 0.000 9.720 55.126 0.000 17.382 53.497 0.000
3 16  9.720 55.126 0.000 16.996 52.308 0.000 5.749 54.699 0.000
3 16  50.245 22.371 0.000 54.032 19.666 0.000 52.600 19.145 0.000
3 16  44.047 36.960 0.000 42.880 35.981 0.000 40.834 40.790 0.000
3 16  -9.720 -55.126 0.000 -16.996 -52.308 0.000 -5.749 -54.699 0.000
3 16  -17.382 -53.497 0.000 -16.996 -52.308 0.000 -9.720 -55.126 0.000
3 16  -23.532 -50.759 0.000 -16.996 -52.308 0.000 -17.382 -53.497 0.000
3 16  -23.532 -50.759 0.000 -27.500 -47.632 0.000 -16.996 -52.308 0.000
3 16  -28.125 -48.714 0.000 -23.532 -50.759 0.000 -24.420 -52.297 0.000
3 16  -23.532 -50.759 0.000 -28.125 -48.714 0.000 -27.500 -47.632 0.000
3 16  -28.125 -48.714 0.000 -24.420 -52.297 0.000 -28.750 -49.797 0.000
3 16  -4.787 -55.942 0.000 -5.749 -54.699 0.000 -5.733 -54.699 0.000
3 16  -9.985 -56.627 0.000 -5.749 -54.699 0.000 -5.061 -57.495 0.000
3 16  -5.749 -54.699 0.000 -9.985 -56.627 0.000 -9.720 -55.126 0.000
3 16  2.781 8.559 0.000 3.800 18.256 0.000 4.500 7.794 0.000
3 16  0.941 8.951 0.000 3.800 18.256 0.000 2.781 8.559 0.000
3 16  3.800 18.256 0.000 0.941 8.951 0.000 1.960 18.647 0.000
3 16  -0.941 8.951 0.000 1.960 18.647 0.000 0.941 8.951 0.000
3 16  -0.941 8.951 0.000 -1.960 18.647 0.000 1.960 18.647 0.000
3 16  -2.781 8.559 0.000 -1.960 18.647 0.000 -0.941 8.951 0.000
3 16  -5.794 17.832 0.000 -2.781 8.559 0.000 -4.500 7.794 0.000
3 16  -2.781 8.559 0.000 -5.794 17.832 0.000 -1.960 18.647 0.000
3 16  -13.075 14.590 0.000 -5.794 17.832 0.000 -4.500 7.794 0.000
3 16  -13.075 14.590 0.000 -4.500 7.794 0.000 -6.022 6.688 0.000
3 16  -13.075 14.590 0.000 -6.022 6.688 0.000 -7.281 5.290 0.000
3 16  -16.188 9.255 0.000 -7.281 5.290 0.000 -8.222 3.661 0.000
3 16  -17.129 7.626 0.000 -8.222 3.661 0.000 -8.803 1.871 0.000
3 16  -8.222 -3.661 0.000 -13.805 -12.536 0.000 -8.803 -1.871 0.000
3 16  -17.129 7.626 0.000 -8.803 -1.871 0.000 -13.805 -12.536 0.000
3 16  -8.803 -1.871 0.000 -17.129 7.626 0.000 -9.000 0.000 0.000
3 16  -17.129 7.626 0.000 -8.803 1.871 0.000 -9.000 0.000 0.000
3 16  -7.281 5.290 0.000 -16.188 9.255 0.000 -13.075 14.590 0.000
3 16  -17.917 -7.927 0.000 -13.805 -12.536 0.000 -15.454 -15.507 0.000
3 16  -19.523 9.906 0.000 -16.188 9.255 0.000 -17.851 8.048 0.000
3 16  -16.188 9.255 0.000 -19.523 9.906 0.000 -13.075 14.590 0.000
3 16  -22.834 2.513 0.000 -19.523 9.906 0.000 -17.851 8.048 0.000
3 16  -22.834 2.513 0.000 -24.857 3.983 0.000 -19.523 9.906 0.000
3 16  -26.558 -3.937 0.000 -24.857 3.983 0.000 -22.834 2.513 0.000
3 16  -26.558 -3.937 0.000 -28.842 -2.920 0.000 -24.857 3.983 0.000
3 16  -28.859 -11.020 0.000 -28.842 -2.920 0.000 -26.558 -3.937 0.000
3 16  -31.305 -10.500 0.000 -28.859 -11.020 0.000 -29.638 -18.427 0.000
3 16  -32.138 -18.427 0.000 -29.638 -18.427 0.000 -31.305 -26.353 0.000
3 16  -28.859 -11.020 0.000 -31.305 -10.500 0.000 -28.842 -2.920 0.000
3 16  -29.638 -18.427 0.000 -32.138 -18.427 0.000 -31.305 -10.500 0.000
3 16  19.154 -4.119 0.000 8.803 -1.871 0.000 9.000 0.000 0.000
3 16  19.154 -4.119 0.000 8.222 -3.661 0.000 8.803 -1.871 0.000
3 16  4.500 -7.794 0.000 9.375 -16.238 0.000 7.656 -17.003 0.000
3 16  15.169 -11.021 0.000 7.281 -5.290 0.000 8.222 -3.661 0.000
3 16  -9.375 -16.238 0.000 -4.500 -7.794 0.000 -5.794 -17.832 0.000
3 16  -4.500 -7.794 0.000 -9.375 -16.238 0.000 -6.022 -6.688 0.000
3 16  -12.546 -13.934 0.000 -6.022 -6.688 0.000 -9.375 -16.238 0.000
3 16  -13.805 -12.536 0.000 -6.022 -6.688 0.000 -12.546 -13.934 0.000
3 16  -7.281 -5.290 0.000 -13.805 -12.536 0.000 -8.222 -3.661 0.000
3 16  -6.022 -6.688 0.000 -13.805 -12.536 0.000 -7.281 -5.290 0.000
3 16  37.639 -41.802 25.000 42.880 -35.981 0.000 42.880 -35.981 25.000
3 16  42.880 -35.981 0.000 37.639 -41.802 25.000 37.639 -41.802 0.000
3 16  -17.382 53.497 0.000 -28.125 48.714 25.000 -17.382 53.497 25.000
3 16  -28.125 48.714 25.000 -17.382 53.497 0.000 -28.125 48.714 0.000
3 16  17.382 -53.497 0.000 28.125 -48.714 25.000 17.382 -53.497 25.000
3 16  28.125 -48.714 25.000 17.382 -53.497 0.000 28.125 -48.714 0.000
3 16  37.639 41.802 0.000 32.788 45.326 25.000 37.639 41.802 25.000
3 16  32.788 45.326 25.000 37.639 41.802 0.000 32.788 45.326 0.000
3 16  39.532 39.699 25.000 37.639 41.802 0.000 37.639 41.802 25.000
3 16  37.639 41.802 0.000 39.532 39.699 25.000 39.532 39.699 0.000
3 16  45.507 33.063 25.000 42.880 35.981 0.000 42.880 35.981 25.000
3 16  42.880 35.981 0.000 45.507 33.063 25.000 45.507 33.063 0.000
3 16  17.382 53.497 0.000 9.720 55.126 25.000 17.382 53.497 25.000
3 16  9.720 55.126 25.000 17.382 53.497 0.000 9.720 55.126 0.000
3 16  -56.250 0.000 0.000 -55.021 11.695 25.000 -55.021 11.695 0.000
3 16  -55.021 11.695 25.000 -56.250 0.000 0.000 -56.250 0.000 25.000
3 16  -4.787 -55.942 0.000 0.115 -55.942 25.000 -4.787 -55.942 25.000
3 16  0.115 -55.942 25.000 -4.787 -55.942 0.000 0.115 -55.942 0.000
3 16  -55.021 -11.695 0.000 -55.724 -5.000 25.000 -55.724 -5.000 0.000
3 16  -55.724 -5.000 25.000 -55.021 -11.695 0.000 -55.021 -11.695 25.000
3 16  -37.639 -41.802 0.000 -39.532 -39.699 25.000 -39.532 -39.699 0.000
3 16  -39.532 -39.699 25.000 -37.639 -41.802 0.000 -37.639 -41.802 25.000
3 16  -42.880 -35.981 0.000 -45.507 -33.063 25.000 -45.507 -33.063 0.000
3 16  -45.507 -33.063 25.000 -42.880 -35.981 0.000 -42.880 -35.981 25.000
3 16  24.157 51.841 25.000 28.750 49.797 25.000 24.420 52.297 25.000
3 16  44.047 36.960 25.000 40.834 40.790 25.000 42.880 35.981 25.000
3 16  50.245 -22.371 25.000 51.387 -22.879 25.000 50.250 -22.355 25.000
3 16  50.245 -22.371 25.000 46.053 -32.117 25.000 51.387 -22.879 25.000
3 16  46.053 -32.117 25.000 50.245 -22.371 25.000 44.496 -32.328 25.000
3 16  50.245 22.371 25.000 54.032 19.666 25.000 52.322 24.365 25.000
3 16  55.724 5.000 25.000 53.798 11.435 25.000 55.000 0.000 25.000
3 16  52.600 19.145 25.000 53.798 11.435 25.000 55.021 11.695 25.000
3 16  50.245 22.371 25.000 52.322 24.365 25.000 50.841 23.825 25.000
3 16  54.032 19.666 25.000 50.245 22.371 25.000 52.600 19.145 25.000
3 16  52.600 19.145 25.000 50.245 22.371 25.000 53.798 11.435 25.000
3 16  44.496 32.328 25.000 50.841 23.825 25.000 45.507 33.063 25.000
3 16  50.841 23.825 25.000 44.496 32.328 25.000 50.245 22.371 25.000
3 16  42.880 35.981 25.000 44.496 32.328 25.000 45.507 33.063 25.000
3 16  39.532 39.699 25.000 42.880 35.981 25.000 40.834 40.790 25.000
3 16  36.802 40.873 25.000 42.880 35.981 25.000 39.532 39.699 25.000
3 16  36.802 40.873 25.000 39.532 39.699 25.000 37.639 41.802 25.000
3 16  42.880 35.981 25.000 36.802 40.873 25.000 44.496 32.328 25.000
3 16  37.639 41.802 25.000 36.789 40.882 25.000 36.802 40.873 25.000
3 16  32.788 45.326 25.000 36.789 40.882 25.000 37.639 41.802 25.000
3 16  36.789 40.882 25.000 32.788 45.326 25.000 34.809 39.367 25.000
3 16  29.825 44.901 25.000 32.788 45.326 25.000 31.498 46.759 25.000
3 16  32.788 45.326 25.000 29.825 44.901 25.000 34.809 39.367 25.000
3 16  28.327 49.063 25.000 29.825 44.901 25.000 31.498 46.759 25.000
3 16  28.750 49.797 25.000 24.157 51.841 25.000 28.327 49.063 25.000
3 16  28.327 49.063 25.000 24.157 51.841 25.000 23.800 49.279 25.000
3 16  28.327 49.063 25.000 23.800 49.279 25.000 29.825 44.901 25.000
3 16  24.157 51.841 25.000 23.611 49.363 25.000 23.800 49.279 25.000
3 16  17.382 53.497 25.000 24.157 51.841 25.000 17.768 54.686 25.000
3 16  16.996 52.308 25.000 24.157 51.841 25.000 17.382 53.497 25.000
3 16  24.157 51.841 25.000 16.996 52.308 25.000 23.611 49.363 25.000
3 16  9.720 55.126 25.000 16.996 52.308 25.000 17.382 53.497 25.000
3 16  16.996 52.308 25.000 9.720 55.126 25.000 5.749 54.699 25.000
3 16  55.724 5.000 25.000 57.500 0.000 25.000 57.500 5.000 25.000
3 16  57.500 0.000 25.000 55.724 5.000 25.000 55.000 0.000 25.000
3 16  53.798 11.435 25.000 55.724 5.000 25.000 55.021 11.695 25.000
3 16  57.500 0.000 25.000 55.000 0.000 25.000 56.667 -7.927 25.000
3 16  54.222 -7.407 25.000 56.667 -7.927 25.000 55.000 0.000 25.000
3 16  56.667 -7.927 25.000 54.222 -7.407 25.000 54.523 -14.524 25.000
3 16  54.523 -14.524 25.000 54.032 -19.666 25.000 55.742 -14.968 25.000
3 16  51.920 -14.490 25.000 54.523 -14.524 25.000 54.222 -7.407 25.000
3 16  52.600 -19.145 25.000 54.523 -14.524 25.000 51.920 -14.490 25.000
3 16  54.523 -14.524 25.000 52.600 -19.145 25.000 54.032 -19.666 25.000
3 16  48.196 -20.940 25.000 52.600 -19.145 25.000 51.920 -14.490 25.000
3 16  52.600 -19.145 25.000 50.250 -22.355 25.000 51.387 -22.879 25.000
3 16  52.600 -19.145 25.000 48.196 -20.940 25.000 50.250 -22.355 25.000
3 16  50.250 -22.355 25.000 48.196 -20.940 25.000 50.219 -22.409 25.000
3 16  48.196 -20.940 25.000 44.886 -28.332 25.000 50.219 -22.409 25.000
3 16  43.213 -26.474 25.000 44.886 -28.332 25.000 48.196 -20.940 25.000
3 16  43.213 -26.474 25.000 38.438 -33.017 25.000 44.886 -28.332 25.000
3 16  37.188 -30.852 25.000 38.438 -33.017 25.000 43.213 -26.474 25.000
3 16  37.188 -30.852 25.000 31.156 -36.259 25.000 38.438 -33.017 25.000
3 16  30.384 -33.882 25.000 31.156 -36.259 25.000 37.188 -30.852 25.000
3 16  30.384 -33.882 25.000 23.360 -37.916 25.000 31.156 -36.259 25.000
3 16  23.099 -35.430 25.000 23.360 -37.916 25.000 30.384 -33.882 25.000
3 16  15.651 -35.430 25.000 23.360 -37.916 25.000 23.099 -35.430 25.000
3 16  15.651 -35.430 25.000 15.390 -37.916 25.000 23.360 -37.916 25.000
3 16  8.366 -33.882 25.000 15.390 -37.916 25.000 15.651 -35.430 25.000
3 16  8.366 -33.882 25.000 7.594 -36.259 25.000 15.390 -37.916 25.000
3 16  1.562 -30.852 25.000 7.594 -36.259 25.000 8.366 -33.882 25.000
3 16  1.562 -30.852 25.000 0.312 -33.017 25.000 7.594 -36.259 25.000
3 16  -4.463 -26.474 25.000 0.312 -33.017 25.000 1.562 -30.852 25.000
3 16  -4.463 -26.474 25.000 -6.136 -28.332 25.000 0.312 -33.017 25.000
3 16  -9.446 -20.940 25.000 -6.136 -28.332 25.000 -4.463 -26.474 25.000
3 16  -9.446 -20.940 25.000 -11.469 -22.409 25.000 -6.136 -28.332 25.000
3 16  -13.170 -14.490 25.000 -11.469 -22.409 25.000 -9.446 -20.940 25.000
3 16  -15.454 -15.507 25.000 -13.170 -14.490 25.000 -13.805 -12.536 25.000
3 16  -13.170 -14.490 25.000 -15.454 -15.507 25.000 -11.469 -22.409 25.000
3 16  44.496 -32.328 25.000 47.261 -33.130 25.000 46.053 -32.117 25.000
3 16  44.496 -32.328 25.000 44.047 -36.960 25.000 47.261 -33.130 25.000
3 16  44.496 -32.328 25.000 42.880 -35.981 25.000 44.047 -36.960 25.000
3 16  36.802 -40.873 25.000 42.880 -35.981 25.000 44.496 -32.328 25.000
3 16  42.880 -35.981 25.000 36.802 -40.873 25.000 37.639 -41.802 25.000
3 16  36.802 -40.873 25.000 32.192 -45.759 25.000 37.639 -41.802 25.000
3 16  33.080 -47.297 25.000 28.125 -48.714 25.000 28.750 -49.797 25.000
3 16  27.500 -47.632 25.000 32.192 -45.759 25.000 36.802 -40.873 25.000
3 16  32.192 -45.759 25.000 27.500 -47.632 25.000 28.125 -48.714 25.000
3 16  27.500 -47.632 25.000 17.382 -53.497 25.000 28.125 -48.714 25.000
3 16  17.382 -53.497 25.000 27.500 -47.632 25.000 16.996 -52.308 25.000
3 16  41.612 18.427 25.000 44.112 18.427 25.000 43.279 26.353 25.000
3 16  44.112 18.427 25.000 41.612 18.427 25.000 43.279 10.500 25.000
3 16  43.279 26.353 25.000 40.834 25.833 25.000 41.612 18.427 25.000
3 16  40.816 33.933 25.000 40.834 25.833 25.000 43.279 26.353 25.000
3 16  40.816 33.933 25.000 38.532 32.917 25.000 40.834 25.833 25.000
3 16  36.831 40.836 25.000 38.532 32.917 25.000 40.816 33.933 25.000
3 16  34.809 39.367 25.000 36.831 40.836 25.000 36.789 40.882 25.000
3 16  36.831 40.836 25.000 34.809 39.367 25.000 38.532 32.917 25.000
3 16  40.834 11.020 25.000 43.279 10.500 25.000 41.612 18.427 25.000
3 16  40.834 11.020 25.000 40.816 2.920 25.000 43.279 10.500 25.000
3 16  38.532 3.937 25.000 40.816 2.920 25.000 40.834 11.020 25.000
3 16  38.532 3.937 25.000 36.831 -3.983 25.000 40.816 2.920 25.000
3 16  34.809 -2.513 25.000 36.831 -3.983 25.000 38.532 3.937 25.000
3 16  34.809 -2.513 25.000 31.498 -9.906 25.000 36.831 -3.983 25.000
3 16  29.825 -8.048 25.000 31.498 -9.906 25.000 34.809 -2.513 25.000
3 16  29.825 -8.048 25.000 25.050 -14.590 25.000 31.498 -9.906 25.000
3 16  23.800 -12.425 25.000 25.050 -14.590 25.000 29.825 -8.048 25.000
3 16  23.800 -12.425 25.000 17.768 -17.832 25.000 25.050 -14.590 25.000
3 16  16.996 -15.455 25.000 17.768 -17.832 25.000 23.800 -12.425 25.000
3 16  16.996 -15.455 25.000 9.972 -19.489 25.000 17.768 -17.832 25.000
3 16  9.711 -17.003 25.000 9.972 -19.489 25.000 16.996 -15.455 25.000
3 16  7.656 -17.003 25.000 9.972 -19.489 25.000 9.711 -17.003 25.000
3 16  3.979 -12.245 25.000 7.656 -17.003 25.000 6.438 -11.150 25.000
3 16  7.656 -17.003 25.000 2.002 -19.489 25.000 9.972 -19.489 25.000
3 16  3.979 -12.245 25.000 2.002 -19.489 25.000 7.656 -17.003 25.000
3 16  1.346 -12.804 25.000 2.002 -19.489 25.000 3.979 -12.245 25.000
3 16  -1.346 -12.804 25.000 2.002 -19.489 25.000 1.346 -12.804 25.000
3 16  -5.794 -17.832 25.000 -1.346 -12.804 25.000 -3.979 -12.245 25.000
3 16  -1.346 -12.804 25.000 -5.794 -17.832 25.000 2.002 -19.489 25.000
3 16  28.125 -48.714 25.000 33.080 -47.297 25.000 32.192 -45.759 25.000
3 16  14.830 -55.310 25.000 17.382 -53.497 25.000 16.996 -52.308 25.000
3 16  17.382 -53.497 25.000 14.830 -55.310 25.000 17.768 -54.686 25.000
3 16  14.830 -55.310 25.000 16.996 -52.308 25.000 11.340 -53.510 25.000
3 16  9.935 -56.343 25.000 14.830 -55.310 25.000 11.340 -53.510 25.000
3 16  14.830 -55.310 25.000 9.935 -56.343 25.000 14.909 -55.758 25.000
3 16  14.909 -55.758 25.000 9.935 -56.343 25.000 9.985 -56.627 25.000
3 16  9.711 -53.856 25.000 9.935 -56.343 25.000 11.340 -53.510 25.000
3 16  2.263 -53.856 25.000 9.935 -56.343 25.000 9.711 -53.856 25.000
3 16  2.263 -53.856 25.000 2.002 -56.343 25.000 9.935 -56.343 25.000
3 16  2.263 -53.856 25.000 0.115 -55.942 25.000 2.002 -56.343 25.000
3 16  -5.022 -52.308 25.000 0.115 -55.942 25.000 2.263 -53.856 25.000
3 16  0.115 -55.942 25.000 -5.022 -52.308 25.000 -4.787 -55.942 25.000
3 16  -5.733 -54.699 25.000 -4.787 -55.942 25.000 -5.022 -52.308 25.000
3 16  -5.749 -54.699 25.000 -4.787 -55.942 25.000 -5.733 -54.699 25.000
3 16  -5.022 -52.308 25.000 -5.794 -54.686 25.000 -5.733 -54.699 25.000
3 16  -11.825 -49.279 25.000 -5.794 -54.686 25.000 -5.022 -52.308 25.000
3 16  -11.825 -49.279 25.000 -13.075 -51.444 25.000 -5.794 -54.686 25.000
3 16  -17.851 -44.901 25.000 -13.075 -51.444 25.000 -11.825 -49.279 25.000
3 16  -17.851 -44.901 25.000 -19.523 -46.759 25.000 -13.075 -51.444 25.000
3 16  -22.834 -39.367 25.000 -19.523 -46.759 25.000 -17.851 -44.901 25.000
3 16  -22.834 -39.367 25.000 -24.857 -40.836 25.000 -19.523 -46.759 25.000
3 16  -26.558 -32.917 25.000 -24.857 -40.836 25.000 -22.834 -39.367 25.000
3 16  -26.558 -32.917 25.000 -28.842 -33.933 25.000 -24.857 -40.836 25.000
3 16  -28.859 -25.833 25.000 -28.842 -33.933 25.000 -26.558 -32.917 25.000
3 16  -31.305 -26.353 25.000 -28.859 -25.833 25.000 -29.638 -18.427 25.000
3 16  -32.138 -18.427 25.000 -29.638 -18.427 25.000 -31.305 -10.500 25.000
3 16  -28.859 -25.833 25.000 -31.305 -26.353 25.000 -28.842 -33.933 25.000
3 16  -29.638 -18.427 25.000 -32.138 -18.427 25.000 -31.305 -26.353 25.000
3 16  -52.600 19.145 25.000 -55.742 14.968 25.000 -54.146 14.387 25.000
3 16  -50.521 -18.795 25.000 -53.168 -17.397 25.000 -52.970 -19.280 25.000
3 16  -51.300 -11.388 25.000 -53.793 -11.450 25.000 -53.168 -17.397 25.000
3 16  -51.300 -11.388 25.000 -53.800 -11.388 25.000 -53.793 -11.450 25.000
3 16  -28.125 48.714 25.000 -33.080 47.297 25.000 -32.192 45.759 25.000
3 16  -40.834 -40.790 25.000 -42.880 -35.981 25.000 -44.047 -36.960 25.000
3 16  -46.053 32.117 25.000 -50.245 22.371 25.000 -44.496 32.328 25.000
3 16  -51.387 22.879 25.000 -50.245 22.371 25.000 -46.053 32.117 25.000
3 16  -52.600 19.145 25.000 -50.245 22.371 25.000 -51.387 22.879 25.000
3 16  -52.600 19.145 25.000 -53.798 11.435 25.000 -50.245 22.371 25.000
3 16  -55.742 14.968 25.000 -52.600 19.145 25.000 -54.032 19.666 25.000
3 16  -52.600 19.145 25.000 -54.146 14.387 25.000 -53.798 11.435 25.000
3 16  -55.021 11.695 25.000 -53.798 11.435 25.000 -54.146 14.387 25.000
3 16  -53.798 11.435 25.000 -55.021 11.695 25.000 -55.000 0.000 25.000
3 16  -55.021 -11.695 25.000 -53.793 -11.450 25.000 -53.798 -11.435 25.000
3 16  -53.793 -11.450 25.000 -55.021 -11.695 25.000 -53.168 -17.397 25.000
3 16  -55.724 -5.000 25.000 -53.798 -11.435 25.000 -55.000 0.000 25.000
3 16  -56.250 0.000 25.000 -55.000 0.000 25.000 -55.021 11.695 25.000
3 16  -53.798 -11.435 25.000 -55.724 -5.000 25.000 -55.021 -11.695 25.000
3 16  -55.000 0.000 25.000 -56.250 0.000 25.000 -55.724 -5.000 25.000
3 16  -57.500 -5.000 25.000 -56.250 0.000 25.000 -57.500 0.000 25.000
3 16  -56.250 0.000 25.000 -57.500 -5.000 25.000 -55.724 -5.000 25.000
3 16  -36.802 -40.873 25.000 -28.125 -48.714 25.000 -27.500 -47.632 25.000
3 16  -36.802 -40.873 25.000 -37.639 -41.802 25.000 -28.125 -48.714 25.000
3 16  -36.802 -40.873 25.000 -39.532 -39.699 25.000 -37.639 -41.802 25.000
3 16  -39.532 -39.699 25.000 -42.880 -35.981 25.000 -40.834 -40.790 25.000
3 16  -36.802 -40.873 25.000 -42.880 -35.981 25.000 -39.532 -39.699 25.000
3 16  -44.496 -32.328 25.000 -42.880 -35.981 25.000 -36.802 -40.873 25.000
3 16  -44.496 -32.328 25.000 -45.507 -33.063 25.000 -42.880 -35.981 25.000
3 16  -46.910 -28.146 25.000 -45.507 -33.063 25.000 -44.496 -32.328 25.000
3 16  -45.507 -33.063 25.000 -46.910 -28.146 25.000 -46.518 -33.798 25.000
3 16  -50.504 -26.895 25.000 -46.910 -28.146 25.000 -48.220 -25.878 25.000
3 16  -46.910 -28.146 25.000 -50.504 -26.895 25.000 -46.518 -33.798 25.000
3 16  -51.431 -24.040 25.000 -48.220 -25.878 25.000 -50.521 -18.795 25.000
3 16  -53.168 -17.397 25.000 -50.521 -18.795 25.000 -51.300 -11.388 25.000
3 16  -48.220 -25.878 25.000 -51.431 -24.040 25.000 -50.504 -26.895 25.000
3 16  12.594 -2.677 25.000 19.154 -4.119 25.000 12.875 0.000 25.000
3 16  17.129 7.626 25.000 12.594 2.677 25.000 12.875 0.000 25.000
3 16  17.129 7.626 25.000 11.762 5.237 25.000 12.594 2.677 25.000
3 16  15.169 11.021 25.000 10.416 7.568 25.000 11.762 5.237 25.000
3 16  15.169 11.021 25.000 9.836 16.944 25.000 8.615 9.568 25.000
3 16  15.169 11.021 25.000 8.615 9.568 25.000 10.416 7.568 25.000
3 16  9.836 16.944 25.000 6.438 11.150 25.000 8.615 9.568 25.000
3 16  9.836 16.944 25.000 3.979 12.245 25.000 6.438 11.150 25.000
3 16  9.836 16.944 25.000 3.800 18.256 25.000 3.979 12.245 25.000
3 16  3.388 21.629 25.000 3.800 18.256 25.000 9.836 16.944 25.000
3 16  3.388 21.629 25.000 2.138 19.464 25.000 3.800 18.256 25.000
3 16  -3.893 24.871 25.000 2.138 19.464 25.000 3.388 21.629 25.000
3 16  -3.893 24.871 25.000 -4.666 22.493 25.000 2.138 19.464 25.000
3 16  -11.690 26.528 25.000 -4.666 22.493 25.000 -3.893 24.871 25.000
3 16  -11.690 26.528 25.000 -11.951 24.041 25.000 -4.666 22.493 25.000
3 16  -11.690 26.528 25.000 -19.399 24.041 25.000 -11.951 24.041 25.000
3 16  -19.660 26.528 25.000 -19.399 24.041 25.000 -11.690 26.528 25.000
3 16  -19.660 26.528 25.000 -26.684 22.493 25.000 -19.399 24.041 25.000
3 16  -27.456 24.871 25.000 -26.684 22.493 25.000 -19.660 26.528 25.000
3 16  -27.456 24.871 25.000 -33.487 19.464 25.000 -26.684 22.493 25.000
3 16  -34.737 21.629 25.000 -33.487 19.464 25.000 -27.456 24.871 25.000
3 16  -34.737 21.629 25.000 -39.513 15.086 25.000 -33.487 19.464 25.000
3 16  -41.185 16.944 25.000 -39.513 15.086 25.000 -34.737 21.629 25.000
3 16  -41.185 16.944 25.000 -44.496 9.552 25.000 -39.513 15.086 25.000
3 16  -46.518 11.021 25.000 -44.496 9.552 25.000 -41.185 16.944 25.000
3 16  -46.518 11.021 25.000 -48.220 3.102 25.000 -44.496 9.552 25.000
3 16  -50.504 4.119 25.000 -48.220 3.102 25.000 -46.518 11.021 25.000
3 16  -50.504 4.119 25.000 -50.521 -3.981 25.000 -48.220 3.102 25.000
3 16  -52.966 -3.462 25.000 -50.521 -3.981 25.000 -50.504 4.119 25.000
3 16  -50.521 -18.795 25.000 -52.970 -19.280 25.000 -51.431 -24.040 25.000
3 16  -50.521 -3.981 25.000 -52.966 -3.462 25.000 -51.300 -11.388 25.000
3 16  -53.800 -11.388 25.000 -51.300 -11.388 25.000 -52.966 -3.462 25.000
3 16  -54.032 -19.666 25.000 -51.431 -24.040 25.000 -52.970 -19.280 25.000
3 16  -51.431 -24.040 25.000 -54.032 -19.666 25.000 -52.322 -24.365 25.000
3 16  21.617 19.315 25.000 19.172 18.795 25.000 19.950 11.388 25.000
3 16  19.154 26.895 25.000 19.172 18.795 25.000 21.617 19.315 25.000
3 16  19.154 26.895 25.000 16.870 25.878 25.000 19.172 18.795 25.000
3 16  15.169 33.798 25.000 16.870 25.878 25.000 19.154 26.895 25.000
3 16  15.169 33.798 25.000 13.147 32.328 25.000 16.870 25.878 25.000
3 16  9.836 39.721 25.000 13.147 32.328 25.000 15.169 33.798 25.000
3 16  9.836 39.721 25.000 8.163 37.863 25.000 13.147 32.328 25.000
3 16  3.388 44.406 25.000 8.163 37.863 25.000 9.836 39.721 25.000
3 16  3.388 44.406 25.000 2.138 42.240 25.000 8.163 37.863 25.000
3 16  -3.893 47.647 25.000 2.138 42.240 25.000 3.388 44.406 25.000
3 16  -3.893 47.647 25.000 -4.666 45.270 25.000 2.138 42.240 25.000
3 16  -11.690 49.305 25.000 -4.666 45.270 25.000 -3.893 47.647 25.000
3 16  -11.690 49.305 25.000 -11.951 46.818 25.000 -4.666 45.270 25.000
3 16  -11.690 49.305 25.000 -19.399 46.818 25.000 -11.951 46.818 25.000
3 16  -19.660 49.305 25.000 -19.399 46.818 25.000 -11.690 49.305 25.000
3 16  -19.660 49.305 25.000 -26.684 45.270 25.000 -19.399 46.818 25.000
3 16  -27.456 47.647 25.000 -26.684 45.270 25.000 -19.660 49.305 25.000
3 16  -27.513 47.622 25.000 -26.684 45.270 25.000 -27.456 47.647 25.000
3 16  -32.192 45.759 25.000 -27.513 47.622 25.000 -28.125 48.714 25.000
3 16  -33.080 47.297 25.000 -28.125 48.714 25.000 -28.750 49.797 25.000
3 16  -27.513 47.622 25.000 -32.192 45.759 25.000 -26.684 45.270 25.000
3 16  -33.487 42.240 25.000 -32.192 45.759 25.000 -32.975 45.190 25.000
3 16  -32.192 45.759 25.000 -33.487 42.240 25.000 -26.684 45.270 25.000
3 16  -34.737 44.406 25.000 -33.487 42.240 25.000 -32.975 45.190 25.000
3 16  -34.737 44.406 25.000 -39.513 37.863 25.000 -33.487 42.240 25.000
3 16  -41.185 39.721 25.000 -39.513 37.863 25.000 -34.737 44.406 25.000
3 16  -41.185 39.721 25.000 -41.492 35.664 25.000 -39.513 37.863 25.000
3 16  -43.833 36.780 25.000 -41.492 35.664 25.000 -41.185 39.721 25.000
3 16  -43.833 36.780 25.000 -44.496 32.328 25.000 -41.492 35.664 25.000
3 16  -47.261 33.130 25.000 -43.833 36.780 25.000 -44.047 36.960 25.000
3 16  -43.833 36.780 25.000 -47.261 33.130 25.000 -44.496 32.328 25.000
3 16  -44.496 32.328 25.000 -47.261 33.130 25.000 -46.053 32.117 25.000
3 16  19.950 11.388 25.000 22.450 11.388 25.000 21.617 19.315 25.000
3 16  22.450 11.388 25.000 19.950 11.388 25.000 21.617 3.462 25.000
3 16  19.172 3.981 25.000 21.617 3.462 25.000 19.950 11.388 25.000
3 16  18.537 2.027 25.000 21.617 3.462 25.000 19.172 3.981 25.000
3 16  21.617 3.462 25.000 18.537 2.027 25.000 19.154 -4.119 25.000
3 16  12.875 0.000 25.000 18.340 3.898 25.000 17.129 7.626 25.000
3 16  11.762 5.237 25.000 17.129 7.626 25.000 15.169 11.021 25.000
3 16  12.875 0.000 25.000 19.154 -4.119 25.000 18.537 2.027 25.000
3 16  18.340 3.898 25.000 12.875 0.000 25.000 18.537 2.027 25.000
3 16  11.762 -5.237 25.000 19.154 -4.119 25.000 12.594 -2.677 25.000
3 16  19.154 -4.119 25.000 11.762 -5.237 25.000 15.169 -11.021 25.000
3 16  10.416 -7.568 25.000 15.169 -11.021 25.000 11.762 -5.237 25.000
3 16  15.169 -11.021 25.000 10.416 -7.568 25.000 12.546 -13.934 25.000
3 16  8.615 -9.568 25.000 12.546 -13.934 25.000 10.416 -7.568 25.000
3 16  12.546 -13.934 25.000 8.615 -9.568 25.000 9.375 -16.238 25.000
3 16  6.438 -11.150 25.000 9.375 -16.238 25.000 8.615 -9.568 25.000
3 16  9.375 -16.238 25.000 6.438 -11.150 25.000 7.656 -17.003 25.000
3 16  9.985 56.627 25.000 5.749 54.699 25.000 9.720 55.126 25.000
3 16  5.061 57.495 25.000 5.749 54.699 25.000 9.985 56.627 25.000
3 16  4.787 55.942 25.000 5.749 54.699 25.000 5.061 57.495 25.000
3 16  4.787 55.942 25.000 -5.749 54.699 25.000 5.749 54.699 25.000
3 16  -5.880 55.942 25.000 -5.749 54.699 25.000 4.787 55.942 25.000
3 16  -9.720 55.126 25.000 -5.749 54.699 25.000 -5.880 55.942 25.000
3 16  -14.909 55.758 25.000 -9.720 55.126 25.000 -9.985 56.627 25.000
3 16  -16.996 52.308 25.000 -9.720 55.126 25.000 -14.614 54.085 25.000
3 16  -9.720 55.126 25.000 -16.996 52.308 25.000 -5.749 54.699 25.000
3 16  -17.382 53.497 25.000 -16.996 52.308 25.000 -14.614 54.085 25.000
3 16  -17.382 53.497 25.000 -27.500 47.632 25.000 -16.996 52.308 25.000
3 16  -27.500 47.632 25.000 -28.125 48.714 25.000 -27.513 47.622 25.000
3 16  -28.125 48.714 25.000 -27.500 47.632 25.000 -17.382 53.497 25.000
3 16  -9.720 55.126 25.000 -14.909 55.758 25.000 -14.614 54.085 25.000
3 16  -18.750 0.000 25.000 -12.875 0.000 25.000 -18.340 3.898 25.000
3 16  -12.594 -2.677 25.000 -17.917 -7.927 25.000 -15.454 -15.507 25.000
3 16  -12.875 0.000 25.000 -18.750 0.000 25.000 -12.594 -2.677 25.000
3 16  -12.594 -2.677 25.000 -18.750 0.000 25.000 -17.917 -7.927 25.000
3 16  -16.996 -52.308 25.000 -9.720 -55.126 25.000 -5.749 -54.699 25.000
3 16  -16.996 -52.308 25.000 -17.382 -53.497 25.000 -9.720 -55.126 25.000
3 16  -16.996 -52.308 25.000 -23.532 -50.759 25.000 -17.382 -53.497 25.000
3 16  -27.500 -47.632 25.000 -23.532 -50.759 25.000 -16.996 -52.308 25.000
3 16  -28.125 -48.714 25.000 -23.532 -50.759 25.000 -27.500 -47.632 25.000
3 16  -23.532 -50.759 25.000 -28.125 -48.714 25.000 -24.420 -52.297 25.000
3 16  -24.420 -52.297 25.000 -28.125 -48.714 25.000 -28.750 -49.797 25.000
3 16  -6.438 -11.150 25.000 -5.794 -17.832 25.000 -3.979 -12.245 25.000
3 16  -9.375 -16.238 25.000 -6.438 -11.150 25.000 -8.615 -9.568 25.000
3 16  -6.438 -11.150 25.000 -9.375 -16.238 25.000 -5.794 -17.832 25.000
3 16  -13.805 -12.536 25.000 -8.615 -9.568 25.000 -10.416 -7.568 25.000
3 16  -13.805 -12.536 25.000 -10.416 -7.568 25.000 -11.762 -5.237 25.000
3 16  -8.615 -9.568 25.000 -12.546 -13.934 25.000 -9.375 -16.238 25.000
3 16  -13.805 -12.536 25.000 -11.762 -5.237 25.000 -12.594 -2.677 25.000
3 16  -12.594 2.677 25.000 -18.340 3.898 25.000 -12.875 0.000 25.000
3 16  -8.615 -9.568 25.000 -13.805 -12.536 25.000 -12.546 -13.934 25.000
3 16  -11.762 5.237 25.000 -17.129 7.626 25.000 -12.594 2.677 25.000
3 16  -18.340 3.898 25.000 -12.594 2.677 25.000 -17.129 7.626 25.000
3 16  -12.594 -2.677 25.000 -15.454 -15.507 25.000 -13.805 -12.536 25.000
3 16  -19.523 9.906 25.000 -16.188 9.255 25.000 -13.075 14.590 25.000
3 16  -16.188 9.255 25.000 -19.523 9.906 25.000 -17.851 8.048 25.000
3 16  -19.523 9.906 25.000 -22.834 2.513 25.000 -17.851 8.048 25.000
3 16  -24.857 3.983 25.000 -22.834 2.513 25.000 -19.523 9.906 25.000
3 16  -24.857 3.983 25.000 -26.558 -3.937 25.000 -22.834 2.513 25.000
3 16  -28.842 -2.920 25.000 -26.558 -3.937 25.000 -24.857 3.983 25.000
3 16  -28.842 -2.920 25.000 -28.859 -11.020 25.000 -26.558 -3.937 25.000
3 16  -31.305 -10.500 25.000 -28.859 -11.020 25.000 -28.842 -2.920 25.000
3 16  -28.859 -11.020 25.000 -31.305 -10.500 25.000 -29.638 -18.427 25.000
3 16  1.346 12.804 25.000 3.800 18.256 25.000 1.960 18.647 25.000
3 16  3.800 18.256 25.000 1.346 12.804 25.000 3.979 12.245 25.000
3 16  1.960 18.647 25.000 -1.346 12.804 25.000 1.346 12.804 25.000
3 16  -1.960 18.647 25.000 -1.346 12.804 25.000 1.960 18.647 25.000
3 16  -1.960 18.647 25.000 -3.979 12.245 25.000 -1.346 12.804 25.000
3 16  -5.794 17.832 25.000 -3.979 12.245 25.000 -1.960 18.647 25.000
3 16  -5.794 17.832 25.000 -6.438 11.150 25.000 -3.979 12.245 25.000
3 16  -5.794 17.832 25.000 -13.075 14.590 25.000 -6.438 11.150 25.000
3 16  -6.438 11.150 25.000 -13.075 14.590 25.000 -8.615 9.568 25.000
3 16  -8.615 9.568 25.000 -13.075 14.590 25.000 -10.416 7.568 25.000
3 16  -17.129 7.626 25.000 -11.762 5.237 25.000 -16.188 9.255 25.000
3 16  -10.416 7.568 25.000 -16.188 9.255 25.000 -11.762 5.237 25.000
3 16  -16.188 9.255 25.000 -10.416 7.568 25.000 -13.075 14.590 25.000
3 16  -4.787 -55.942 25.000 -5.749 -54.699 25.000 -5.061 -57.495 25.000
3 16  -9.985 -56.627 25.000 -5.749 -54.699 25.000 -9.720 -55.126 25.000
3 16  -5.749 -54.699 25.000 -9.985 -56.627 25.000 -5.061 -57.495 25.000
3 16  -23.532 -50.759 0.000 -17.382 -53.497 25.000 -23.532 -50.759 25.000
3 16  -17.382 -53.497 25.000 -23.532 -50.759 0.000 -17.382 -53.497 0.000
3 16  53.798 11.435 0.000 50.245 22.371 25.000 50.245 22.371 0.000
3 16  50.245 22.371 25.000 53.798 11.435 0.000 53.798 11.435 25.000
3 16  55.000 0.000 0.000 53.798 11.435 25.000 53.798 11.435 0.000
3 16  53.798 11.435 25.000 55.000 0.000 0.000 55.000 0.000 25.000
3 16  16.996 52.308 0.000 23.611 49.363 25.000 16.996 52.308 25.000
3 16  23.611 49.363 25.000 16.996 52.308 0.000 23.611 49.363 0.000
3 16  27.500 -47.632 0.000 16.996 -52.308 25.000 27.500 -47.632 25.000
3 16  16.996 -52.308 25.000 27.500 -47.632 0.000 16.996 -52.308 0.000
3 16  -27.513 47.622 0.000 -27.500 47.632 25.000 -27.513 47.622 25.000
3 16  -27.500 47.632 25.000 -27.513 47.622 0.000 -27.500 47.632 0.000
3 16  -16.996 52.308 0.000 -5.749 54.699 25.000 -16.996 52.308 25.000
3 16  -5.749 54.699 25.000 -16.996 52.308 0.000 -5.749 54.699 0.000
3 16  -44.496 32.328 25.000 -41.492 35.664 0.000 -41.492 35.664 25.000
3 16  -41.492 35.664 0.000 -44.496 32.328 25.000 -44.496 32.328 0.000
3 16  -16.996 -52.308 0.000 -27.500 -47.632 25.000 -16.996 -52.308 25.000
3 16  -27.500 -47.632 25.000 -16.996 -52.308 0.000 -27.500 -47.632 0.000
3 16  -5.749 -54.699 0.000 -16.996 -52.308 25.000 -5.749 -54.699 25.000
3 16  -16.996 -52.308 25.000 -5.749 -54.699 0.000 -16.996 -52.308 0.000
3 16  -53.798 11.435 25.000 -50.245 22.371 0.000 -50.245 22.371 25.000
3 16  -50.245 22.371 0.000 -53.798 11.435 25.000 -53.798 11.435 0.000
3 16  36.802 -40.873 0.000 44.496 -32.328 25.000 44.496 -32.328 0.000
3 16  44.496 -32.328 25.000 36.802 -40.873 0.000 36.802 -40.873 25.000
3 16  44.496 -32.328 0.000 50.245 -22.371 25.000 50.245 -22.371 0.000
3 16  50.245 -22.371 25.000 44.496 -32.328 0.000 44.496 -32.328 25.000
3 16  36.802 -40.873 0.000 27.500 -47.632 25.000 36.802 -40.873 25.000
3 16  27.500 -47.632 25.000 36.802 -40.873 0.000 27.500 -47.632 0.000
3 16  -5.749 54.699 0.000 5.749 54.699 25.000 -5.749 54.699 25.000
3 16  5.749 54.699 25.000 -5.749 54.699 0.000 5.749 54.699 0.000
3 16  50.245 -22.371 0.000 50.250 -22.355 25.000 50.250 -22.355 0.000
3 16  50.250 -22.355 25.000 50.245 -22.371 0.000 50.245 -22.371 25.000
3 16  36.789 40.882 0.000 36.802 40.873 25.000 36.789 40.882 25.000
3 16  36.802 40.873 25.000 36.789 40.882 0.000 36.802 40.873 0.000
3 16  -27.500 47.632 0.000 -16.996 52.308 25.000 -27.500 47.632 25.000
3 16  -16.996 52.308 25.000 -27.500 47.632 0.000 -16.996 52.308 0.000
3 16  44.496 32.328 0.000 36.802 40.873 25.000 36.802 40.873 0.000
3 16  36.802 40.873 25.000 44.496 32.328 0.000 44.496 32.328 25.000
3 16  -55.000 0.000 25.000 -53.798 11.435 0.000 -53.798 11.435 25.000
3 16  -53.798 11.435 0.000 -55.000 0.000 25.000 -55.000 0.000 0.000
3 16  50.245 22.371 0.000 44.496 32.328 25.000 44.496 32.328 0.000
3 16  44.496 32.328 25.000 50.245 22.371 0.000 50.245 22.371 25.000
3 16  -53.793 -11.450 25.000 -53.798 -11.435 0.000 -53.798 -11.435 25.000
3 16  -53.798 -11.435 0.000 -53.793 -11.450 25.000 -53.793 -11.450 0.000
3 16  16.996 -52.308 0.000 11.340 -53.510 25.000 16.996 -52.308 25.000
3 16  11.340 -53.510 25.000 16.996 -52.308 0.000 11.340 -53.510 0.000
3 16  -44.496 -32.328 25.000 -46.910 -28.146 0.000 -46.910 -28.146 25.000
3 16  -46.910 -28.146 0.000 -44.496 -32.328 25.000 -44.496 -32.328 0.000
3 16  -5.733 -54.699 0.000 -5.749 -54.699 25.000 -5.733 -54.699 25.000
3 16  -5.749 -54.699 25.000 -5.733 -54.699 0.000 -5.749 -54.699 0.000
3 16  -53.798 -11.435 25.000 -55.000 0.000 0.000 -55.000 0.000 25.000
3 16  -55.000 0.000 0.000 -53.798 -11.435 25.000 -53.798 -11.435 0.000
3 16  -36.802 -40.873 25.000 -44.496 -32.328 0.000 -44.496 -32.328 25.000
3 16  -44.496 -32.328 0.000 -36.802 -40.873 25.000 -36.802 -40.873 0.000
3 16  5.749 54.699 0.000 16.996 52.308 25.000 5.749 54.699 25.000
3 16  16.996 52.308 25.000 5.749 54.699 0.000 16.996 52.308 0.000
3 16  -27.500 -47.632 0.000 -36.802 -40.873 25.000 -27.500 -47.632 25.000
3 16  -36.802 -40.873 25.000 -27.500 -47.632 0.000 -36.802 -40.873 0.000
3 16  -50.245 22.371 25.000 -44.496 32.328 0.000 -44.496 32.328 25.000
3 16  -44.496 32.328 0.000 -50.245 22.371 25.000 -50.245 22.371 0.000
3 16  18.340 3.898 25.000 17.129 7.626 0.000 17.129 7.626 25.000
3 16  17.129 7.626 0.000 18.340 3.898 25.000 18.340 3.898 0.000
3 16  18.537 2.027 25.000 18.340 3.898 0.000 18.340 3.898 25.000
3 16  18.340 3.898 0.000 18.537 2.027 25.000 18.537 2.027 0.000
3 16  17.129 7.626 25.000 15.169 11.021 0.000 15.169 11.021 25.000
3 16  15.169 11.021 0.000 17.129 7.626 25.000 17.129 7.626 0.000
3 16  7.656 -17.003 0.000 9.375 -16.238 25.000 7.656 -17.003 25.000
3 16  9.375 -16.238 25.000 7.656 -17.003 0.000 9.375 -16.238 0.000
3 16  -18.340 3.898 0.000 -17.129 7.626 25.000 -17.129 7.626 0.000
3 16  -17.129 7.626 25.000 -18.340 3.898 0.000 -18.340 3.898 25.000
3 16  -9.375 -16.238 0.000 -5.794 -17.832 25.000 -9.375 -16.238 25.000
3 16  -5.794 -17.832 25.000 -9.375 -16.238 0.000 -5.794 -17.832 0.000
3 16  12.546 -13.934 25.000 15.169 -11.021 0.000 15.169 -11.021 25.000
3 16  15.169 -11.021 0.000 12.546 -13.934 25.000 12.546 -13.934 0.000
3 16  9.375 -16.238 0.000 12.546 -13.934 25.000 9.375 -16.238 25.000
3 16  12.546 -13.934 25.000 9.375 -16.238 0.000 12.546 -13.934 0.000
3 16  -1.960 18.647 0.000 -5.794 17.832 25.000 -1.960 18.647 25.000
3 16  -5.794 17.832 25.000 -1.960 18.647 0.000 -5.794 17.832 0.000
3 16  -12.546 -13.934 0.000 -13.805 -12.536 25.000 -13.805 -12.536 0.000
3 16  -13.805 -12.536 25.000 -12.546 -13.934 0.000 -12.546 -13.934 25.000
3 16  -18.750 0.000 0.000 -18.340 3.898 25.000 -18.340 3.898 0.000
3 16  -18.340 3.898 25.000 -18.750 0.000 0.000 -18.750 0.000 25.000
3 16  1.960 18.647 0.000 -1.960 18.647 25.000 1.960 18.647 25.000
3 16  -1.960 18.647 25.000 1.960 18.647 0.000 -1.960 18.647 0.000
3 16  3.800 18.256 0.000 1.960 18.647 25.000 3.800 18.256 25.000
3 16  1.960 18.647 25.000 3.800 18.256 0.000 1.960 18.647 0.000
3 16  -12.546 -13.934 0.000 -9.375 -16.238 25.000 -12.546 -13.934 25.000
3 16  -9.375 -16.238 25.000 -12.546 -13.934 0.000 -9.375 -16.238 0.000
3 16  -17.129 7.626 0.000 -16.188 9.255 25.000 -16.188 9.255 0.000
3 16  -16.188 9.255 25.000 -17.129 7.626 0.000 -17.129 7.626 25.000
3 16  0.312 -33.017 0.000 7.594 -36.259 25.000 0.312 -33.017 25.000
3 16  7.594 -36.259 25.000 0.312 -33.017 0.000 7.594 -36.259 0.000
3 16  -6.136 -28.332 0.000 -11.469 -22.409 25.000 -11.469 -22.409 0.000
3 16  -11.469 -22.409 25.000 -6.136 -28.332 0.000 -6.136 -28.332 25.000
3 16  56.667 -7.927 25.000 57.500 0.000 0.000 57.500 0.000 25.000
3 16  57.500 0.000 0.000 56.667 -7.927 25.000 56.667 -7.927 0.000
3 16  50.219 -22.409 25.000 50.250 -22.355 0.000 50.250 -22.355 25.000
3 16  50.250 -22.355 0.000 50.219 -22.409 25.000 50.219 -22.409 0.000
3 16  -15.454 -15.507 0.000 -17.917 -7.927 25.000 -17.917 -7.927 0.000
3 16  -17.917 -7.927 25.000 -15.454 -15.507 0.000 -15.454 -15.507 25.000
3 16  23.360 -37.916 0.000 31.156 -36.259 25.000 23.360 -37.916 25.000
3 16  31.156 -36.259 25.000 23.360 -37.916 0.000 31.156 -36.259 0.000
3 16  -17.917 -7.927 0.000 -18.750 0.000 25.000 -18.750 0.000 0.000
3 16  -18.750 0.000 25.000 -17.917 -7.927 0.000 -17.917 -7.927 25.000
3 16  44.886 -28.332 25.000 50.219 -22.409 0.000 50.219 -22.409 25.000
3 16  50.219 -22.409 0.000 44.886 -28.332 25.000 44.886 -28.332 0.000
3 16  15.390 -37.916 0.000 23.360 -37.916 25.000 15.390 -37.916 25.000
3 16  23.360 -37.916 25.000 15.390 -37.916 0.000 23.360 -37.916 0.000
3 16  31.156 -36.259 0.000 38.438 -33.017 25.000 31.156 -36.259 25.000
3 16  38.438 -33.017 25.000 31.156 -36.259 0.000 38.438 -33.017 0.000
3 16  54.523 -14.524 25.000 56.667 -7.927 0.000 56.667 -7.927 25.000
3 16  56.667 -7.927 0.000 54.523 -14.524 25.000 54.523 -14.524 0.000
3 16  7.594 -36.259 0.000 15.390 -37.916 25.000 7.594 -36.259 25.000
3 16  15.390 -37.916 25.000 7.594 -36.259 0.000 15.390 -37.916 0.000
3 16  -11.469 -22.409 0.000 -15.454 -15.507 25.000 -15.454 -15.507 0.000
3 16  -15.454 -15.507 25.000 -11.469 -22.409 0.000 -11.469 -22.409 25.000
3 16  38.438 -33.017 0.000 44.886 -28.332 25.000 38.438 -33.017 25.000
3 16  44.886 -28.332 25.000 38.438 -33.017 0.000 44.886 -28.332 0.000
3 16  -6.136 -28.332 0.000 0.312 -33.017 25.000 -6.136 -28.332 25.000
3 16  0.312 -33.017 25.000 -6.136 -28.332 0.000 0.312 -33.017 0.000
3 16  8.366 -33.882 0.000 1.562 -30.852 25.000 8.366 -33.882 25.000
3 16  1.562 -30.852 25.000 8.366 -33.882 0.000 1.562 -30.852 0.000
3 16  -13.170 -14.490 25.000 -13.805 -12.536 0.000 -13.805 -12.536 25.000
3 16  -13.805 -12.536 0.000 -13.170 -14.490 25.000 -13.170 -14.490 0.000
3 16  43.213 -26.474 0.000 37.188 -30.852 25.000 43.213 -26.474 25.000
3 16  37.188 -30.852 25.000 43.213 -26.474 0.000 37.188 -30.852 0.000
3 16  54.222 -7.407 0.000 55.000 0.000 25.000 55.000 0.000 0.000
3 16  55.000 0.000 25.000 54.222 -7.407 0.000 54.222 -7.407 25.000
3 16  43.213 -26.474 0.000 48.196 -20.940 25.000 48.196 -20.940 0.000
3 16  48.196 -20.940 25.000 43.213 -26.474 0.000 43.213 -26.474 25.000
3 16  48.196 -20.940 0.000 51.920 -14.490 25.000 51.920 -14.490 0.000
3 16  51.920 -14.490 25.000 48.196 -20.940 0.000 48.196 -20.940 25.000
3 16  51.920 -14.490 0.000 54.222 -7.407 25.000 54.222 -7.407 0.000
3 16  54.222 -7.407 25.000 51.920 -14.490 0.000 51.920 -14.490 25.000
3 16  1.562 -30.852 0.000 -4.463 -26.474 25.000 1.562 -30.852 25.000
3 16  -4.463 -26.474 25.000 1.562 -30.852 0.000 -4.463 -26.474 0.000
3 16  -9.446 -20.940 25.000 -13.170 -14.490 0.000 -13.170 -14.490 25.000
3 16  -13.170 -14.490 0.000 -9.446 -20.940 25.000 -9.446 -20.940 0.000
3 16  -4.463 -26.474 25.000 -9.446 -20.940 0.000 -9.446 -20.940 25.000
3 16  -9.446 -20.940 0.000 -4.463 -26.474 25.000 -4.463 -26.474 0.000
3 16  30.384 -33.882 0.000 23.099 -35.430 25.000 30.384 -33.882 25.000
3 16  23.099 -35.430 25.000 30.384 -33.882 0.000 23.099 -35.430 0.000
3 16  37.188 -30.852 0.000 30.384 -33.882 25.000 37.188 -30.852 25.000
3 16  30.384 -33.882 25.000 37.188 -30.852 0.000 30.384 -33.882 0.000
3 16  23.099 -35.430 0.000 15.651 -35.430 25.000 23.099 -35.430 25.000
3 16  15.651 -35.430 25.000 23.099 -35.430 0.000 15.651 -35.430 0.000
3 16  15.651 -35.430 0.000 8.366 -33.882 25.000 15.651 -35.430 25.000
3 16  8.366 -33.882 25.000 15.651 -35.430 0.000 8.366 -33.882 0.000
3 16  31.498 -9.906 25.000 36.831 -3.983 0.000 36.831 -3.983 25.000
3 16  36.831 -3.983 0.000 31.498 -9.906 25.000 31.498 -9.906 0.000
3 16  17.768 -17.832 0.000 25.050 -14.590 25.000 17.768 -17.832 25.000
3 16  25.050 -14.590 25.000 17.768 -17.832 0.000 25.050 -14.590 0.000
3 16  24.157 51.841 0.000 17.768 54.686 25.000 24.157 51.841 25.000
3 16  17.768 54.686 25.000 24.157 51.841 0.000 17.768 54.686 0.000
3 16  36.831 40.836 25.000 36.789 40.882 0.000 36.789 40.882 25.000
3 16  36.789 40.882 0.000 36.831 40.836 25.000 36.831 40.836 0.000
3 16  32.788 45.326 25.000 31.498 46.759 0.000 31.498 46.759 25.000
3 16  31.498 46.759 0.000 32.788 45.326 25.000 32.788 45.326 0.000
3 16  2.002 -19.489 0.000 9.972 -19.489 25.000 2.002 -19.489 25.000
3 16  9.972 -19.489 25.000 2.002 -19.489 0.000 9.972 -19.489 0.000
3 16  43.279 10.500 25.000 44.112 18.427 0.000 44.112 18.427 25.000
3 16  44.112 18.427 0.000 43.279 10.500 25.000 43.279 10.500 0.000
3 16  -5.794 -17.832 0.000 2.002 -19.489 25.000 -5.794 -17.832 25.000
3 16  2.002 -19.489 25.000 -5.794 -17.832 0.000 2.002 -19.489 0.000
3 16  40.816 33.933 25.000 36.831 40.836 0.000 36.831 40.836 25.000
3 16  36.831 40.836 0.000 40.816 33.933 25.000 40.816 33.933 0.000
3 16  40.816 2.920 25.000 43.279 10.500 0.000 43.279 10.500 25.000
3 16  43.279 10.500 0.000 40.816 2.920 25.000 40.816 2.920 0.000
3 16  44.112 18.427 25.000 43.279 26.353 0.000 43.279 26.353 25.000
3 16  43.279 26.353 0.000 44.112 18.427 25.000 44.112 18.427 0.000
3 16  31.498 46.759 0.000 28.327 49.063 25.000 31.498 46.759 25.000
3 16  28.327 49.063 25.000 31.498 46.759 0.000 28.327 49.063 0.000
3 16  36.831 -3.983 25.000 40.816 2.920 0.000 40.816 2.920 25.000
3 16  40.816 2.920 0.000 36.831 -3.983 25.000 36.831 -3.983 0.000
3 16  9.972 -19.489 0.000 17.768 -17.832 25.000 9.972 -19.489 25.000
3 16  17.768 -17.832 25.000 9.972 -19.489 0.000 17.768 -17.832 0.000
3 16  43.279 26.353 25.000 40.816 33.933 0.000 40.816 33.933 25.000
3 16  40.816 33.933 0.000 43.279 26.353 25.000 43.279 26.353 0.000
3 16  25.050 -14.590 0.000 31.498 -9.906 25.000 25.050 -14.590 25.000
3 16  31.498 -9.906 25.000 25.050 -14.590 0.000 31.498 -9.906 0.000
3 16  29.825 -8.048 0.000 34.809 -2.513 25.000 34.809 -2.513 0.000
3 16  34.809 -2.513 25.000 29.825 -8.048 0.000 29.825 -8.048 25.000
3 16  9.711 -17.003 0.000 7.656 -17.003 25.000 9.711 -17.003 25.000
3 16  7.656 -17.003 25.000 9.711 -17.003 0.000 7.656 -17.003 0.000
3 16  40.834 25.833 0.000 38.532 32.917 25.000 38.532 32.917 0.000
3 16  38.532 32.917 25.000 40.834 25.833 0.000 40.834 25.833 25.000
3 16  23.611 49.363 0.000 23.800 49.279 25.000 23.611 49.363 25.000
3 16  23.800 49.279 25.000 23.611 49.363 0.000 23.800 49.279 0.000
3 16  38.532 32.917 0.000 34.809 39.367 25.000 34.809 39.367 0.000
3 16  34.809 39.367 25.000 38.532 32.917 0.000 38.532 32.917 25.000
3 16  34.809 39.367 0.000 29.825 44.901 25.000 29.825 44.901 0.000
3 16  29.825 44.901 25.000 34.809 39.367 0.000 34.809 39.367 25.000
3 16  23.800 49.279 0.000 29.825 44.901 25.000 23.800 49.279 25.000
3 16  29.825 44.901 25.000 23.800 49.279 0.000 29.825 44.901 0.000
3 16  29.825 -8.048 0.000 23.800 -12.425 25.000 29.825 -8.048 25.000
3 16  23.800 -12.425 25.000 29.825 -8.048 0.000 23.800 -12.425 0.000
3 16  16.996 -15.455 0.000 9.711 -17.003 25.000 16.996 -15.455 25.000
3 16  9.711 -17.003 25.000 16.996 -15.455 0.000 9.711 -17.003 0.000
3 16  23.800 -12.425 0.000 16.996 -15.455 25.000 23.800 -12.425 25.000
3 16  16.996 -15.455 25.000 23.800 -12.425 0.000 16.996 -15.455 0.000
3 16  40.834 11.020 0.000 41.612 18.427 25.000 41.612 18.427 0.000
3 16  41.612 18.427 25.000 40.834 11.020 0.000 40.834 11.020 25.000
3 16  41.612 18.427 0.000 40.834 25.833 25.000 40.834 25.833 0.000
3 16  40.834 25.833 25.000 41.612 18.427 0.000 41.612 18.427 25.000
3 16  38.532 3.937 0.000 40.834 11.020 25.000 40.834 11.020 0.000
3 16  40.834 11.020 25.000 38.532 3.937 0.000 38.532 3.937 25.000
3 16  34.809 -2.513 0.000 38.532 3.937 25.000 38.532 3.937 0.000
3 16  38.532 3.937 25.000 34.809 -2.513 0.000 34.809 -2.513 25.000
3 16  17.382 53.497 0.000 17.768 54.686 25.000 17.768 54.686 0.000
3 16  17.768 54.686 25.000 17.382 53.497 0.000 17.382 53.497 25.000
3 16  19.154 26.895 25.000 15.169 33.798 0.000 15.169 33.798 25.000
3 16  15.169 33.798 0.000 19.154 26.895 25.000 19.154 26.895 0.000
3 16  22.450 11.388 25.000 21.617 19.315 0.000 21.617 19.315 25.000
3 16  21.617 19.315 0.000 22.450 11.388 25.000 22.450 11.388 0.000
3 16  -43.833 36.780 0.000 -41.185 39.721 25.000 -41.185 39.721 0.000
3 16  -41.185 39.721 25.000 -43.833 36.780 0.000 -43.833 36.780 25.000
3 16  -27.456 47.647 0.000 -27.513 47.622 25.000 -27.456 47.647 25.000
3 16  -27.513 47.622 25.000 -27.456 47.647 0.000 -27.513 47.622 0.000
3 16  -32.975 45.190 0.000 -34.737 44.406 25.000 -32.975 45.190 25.000
3 16  -34.737 44.406 25.000 -32.975 45.190 0.000 -34.737 44.406 0.000
3 16  19.154 -4.119 25.000 21.617 3.462 0.000 21.617 3.462 25.000
3 16  21.617 3.462 0.000 19.154 -4.119 25.000 19.154 -4.119 0.000
3 16  3.388 44.406 0.000 -3.893 47.647 25.000 3.388 44.406 25.000
3 16  -3.893 47.647 25.000 3.388 44.406 0.000 -3.893 47.647 0.000
3 16  15.169 -11.021 25.000 19.154 -4.119 0.000 19.154 -4.119 25.000
3 16  19.154 -4.119 0.000 15.169 -11.021 25.000 15.169 -11.021 0.000
3 16  -19.660 49.305 0.000 -27.456 47.647 25.000 -19.660 49.305 25.000
3 16  -27.456 47.647 25.000 -19.660 49.305 0.000 -27.456 47.647 0.000
3 16  9.836 39.721 0.000 3.388 44.406 25.000 9.836 39.721 25.000
3 16  3.388 44.406 25.000 9.836 39.721 0.000 3.388 44.406 0.000
3 16  -3.893 47.647 0.000 -11.690 49.305 25.000 -3.893 47.647 25.000
3 16  -11.690 49.305 25.000 -3.893 47.647 0.000 -11.690 49.305 0.000
3 16  -34.737 44.406 0.000 -41.185 39.721 25.000 -34.737 44.406 25.000
3 16  -41.185 39.721 25.000 -34.737 44.406 0.000 -41.185 39.721 0.000
3 16  15.169 33.798 25.000 9.836 39.721 0.000 9.836 39.721 25.000
3 16  9.836 39.721 0.000 15.169 33.798 25.000 15.169 33.798 0.000
3 16  21.617 3.462 25.000 22.450 11.388 0.000 22.450 11.388 25.000
3 16  22.450 11.388 0.000 21.617 3.462 25.000 21.617 3.462 0.000
3 16  -11.690 49.305 0.000 -19.660 49.305 25.000 -11.690 49.305 25.000
3 16  -19.660 49.305 25.000 -11.690 49.305 0.000 -19.660 49.305 0.000
3 16  21.617 19.315 25.000 19.154 26.895 0.000 19.154 26.895 25.000
3 16  19.154 26.895 0.000 21.617 19.315 25.000 21.617 19.315 0.000
3 16  16.870 25.878 0.000 13.147 32.328 25.000 13.147 32.328 0.000
3 16  13.147 32.328 25.000 16.870 25.878 0.000 16.870 25.878 25.000
3 16  18.537 2.027 0.000 19.172 3.981 25.000 19.172 3.981 0.000
3 16  19.172 3.981 25.000 18.537 2.027 0.000 18.537 2.027 25.000
3 16  -19.399 46.818 0.000 -11.951 46.818 25.000 -19.399 46.818 25.000
3 16  -11.951 46.818 25.000 -19.399 46.818 0.000 -11.951 46.818 0.000
3 16  -41.492 35.664 25.000 -39.513 37.863 0.000 -39.513 37.863 25.000
3 16  -39.513 37.863 0.000 -41.492 35.664 25.000 -41.492 35.664 0.000
3 16  -26.684 45.270 0.000 -19.399 46.818 25.000 -26.684 45.270 25.000
3 16  -19.399 46.818 25.000 -26.684 45.270 0.000 -19.399 46.818 0.000
3 16  -33.487 42.240 0.000 -26.684 45.270 25.000 -33.487 42.240 25.000
3 16  -26.684 45.270 25.000 -33.487 42.240 0.000 -26.684 45.270 0.000
3 16  -39.513 37.863 0.000 -33.487 42.240 25.000 -39.513 37.863 25.000
3 16  -33.487 42.240 25.000 -39.513 37.863 0.000 -33.487 42.240 0.000
3 16  19.172 18.795 0.000 16.870 25.878 25.000 16.870 25.878 0.000
3 16  16.870 25.878 25.000 19.172 18.795 0.000 19.172 18.795 25.000
3 16  19.172 3.981 0.000 19.950 11.388 25.000 19.950 11.388 0.000
3 16  19.950 11.388 25.000 19.172 3.981 0.000 19.172 3.981 25.000
3 16  19.950 11.388 0.000 19.172 18.795 25.000 19.172 18.795 0.000
3 16  19.172 18.795 25.000 19.950 11.388 0.000 19.950 11.388 25.000
3 16  -4.666 45.270 0.000 2.138 42.240 25.000 -4.666 45.270 25.000
3 16  2.138 42.240 25.000 -4.666 45.270 0.000 2.138 42.240 0.000
3 16  -11.951 46.818 0.000 -4.666 45.270 25.000 -11.951 46.818 25.000
3 16  -4.666 45.270 25.000 -11.951 46.818 0.000 -4.666 45.270 0.000
3 16  2.138 42.240 0.000 8.163 37.863 25.000 2.138 42.240 25.000
3 16  8.163 37.863 25.000 2.138 42.240 0.000 8.163 37.863 0.000
3 16  13.147 32.328 0.000 8.163 37.863 25.000 8.163 37.863 0.000
3 16  8.163 37.863 25.000 13.147 32.328 0.000 13.147 32.328 25.000
3 16  -19.660 26.528 0.000 -27.456 24.871 25.000 -19.660 26.528 25.000
3 16  -27.456 24.871 25.000 -19.660 26.528 0.000 -27.456 24.871 0.000
3 16  -3.893 24.871 0.000 -11.690 26.528 25.000 -3.893 24.871 25.000
3 16  -11.690 26.528 25.000 -3.893 24.871 0.000 -11.690 26.528 0.000
3 16  -46.518 -33.798 0.000 -50.504 -26.895 25.000 -50.504 -26.895 0.000
3 16  -50.504 -26.895 25.000 -46.518 -33.798 0.000 -46.518 -33.798 25.000
3 16  -53.793 -11.450 0.000 -53.800 -11.388 25.000 -53.800 -11.388 0.000
3 16  -53.800 -11.388 25.000 -53.793 -11.450 0.000 -53.793 -11.450 25.000
3 16  -52.970 -19.280 0.000 -53.168 -17.397 25.000 -53.168 -17.397 0.000
3 16  -53.168 -17.397 25.000 -52.970 -19.280 0.000 -52.970 -19.280 25.000
3 16  9.836 16.944 0.000 3.388 21.629 25.000 9.836 16.944 25.000
3 16  3.388 21.629 25.000 9.836 16.944 0.000 3.388 21.629 0.000
3 16  -46.518 11.021 0.000 -41.185 16.944 25.000 -41.185 16.944 0.000
3 16  -41.185 16.944 25.000 -46.518 11.021 0.000 -46.518 11.021 25.000
3 16  15.169 11.021 25.000 9.836 16.944 0.000 9.836 16.944 25.000
3 16  9.836 16.944 0.000 15.169 11.021 25.000 15.169 11.021 0.000
3 16  -53.800 -11.388 0.000 -52.966 -3.462 25.000 -52.966 -3.462 0.000
3 16  -52.966 -3.462 25.000 -53.800 -11.388 0.000 -53.800 -11.388 25.000
3 16  -34.737 21.629 0.000 -41.185 16.944 25.000 -34.737 21.629 25.000
3 16  -41.185 16.944 25.000 -34.737 21.629 0.000 -41.185 16.944 0.000
3 16  -50.504 4.119 0.000 -46.518 11.021 25.000 -46.518 11.021 0.000
3 16  -46.518 11.021 25.000 -50.504 4.119 0.000 -50.504 4.119 25.000
3 16  -50.504 -26.895 0.000 -51.431 -24.040 25.000 -51.431 -24.040 0.000
3 16  -51.431 -24.040 25.000 -50.504 -26.895 0.000 -50.504 -26.895 25.000
3 16  -27.456 24.871 0.000 -34.737 21.629 25.000 -27.456 24.871 25.000
3 16  -34.737 21.629 25.000 -27.456 24.871 0.000 -34.737 21.629 0.000
3 16  3.388 21.629 0.000 -3.893 24.871 25.000 3.388 21.629 25.000
3 16  -3.893 24.871 25.000 3.388 21.629 0.000 -3.893 24.871 0.000
3 16  -52.966 -3.462 0.000 -50.504 4.119 25.000 -50.504 4.119 0.000
3 16  -50.504 4.119 25.000 -52.966 -3.462 0.000 -52.966 -3.462 25.000
3 16  -11.690 26.528 0.000 -19.660 26.528 25.000 -11.690 26.528 25.000
3 16  -19.660 26.528 25.000 -11.690 26.528 0.000 -19.660 26.528 0.000
3 16  -26.684 22.493 0.000 -19.399 24.041 25.000 -26.684 22.493 25.000
3 16  -19.399 24.041 25.000 -26.684 22.493 0.000 -19.399 24.041 0.000
3 16  2.138 19.464 0.000 3.800 18.256 25.000 2.138 19.464 25.000
3 16  3.800 18.256 25.000 2.138 19.464 0.000 3.800 18.256 0.000
3 16  -50.521 -3.981 25.000 -48.220 3.102 0.000 -48.220 3.102 25.000
3 16  -48.220 3.102 0.000 -50.521 -3.981 25.000 -50.521 -3.981 0.000
3 16  -46.910 -28.146 25.000 -48.220 -25.878 0.000 -48.220 -25.878 25.000
3 16  -48.220 -25.878 0.000 -46.910 -28.146 25.000 -46.910 -28.146 0.000
3 16  -51.300 -11.388 25.000 -50.521 -3.981 0.000 -50.521 -3.981 25.000
3 16  -50.521 -3.981 0.000 -51.300 -11.388 25.000 -51.300 -11.388 0.000
3 16  -50.521 -18.795 25.000 -51.300 -11.388 0.000 -51.300 -11.388 25.000
3 16  -51.300 -11.388 0.000 -50.521 -18.795 25.000 -50.521 -18.795 0.000
3 16  -48.220 -25.878 25.000 -50.521 -18.795 0.000 -50.521 -18.795 25.000
3 16  -50.521 -18.795 0.000 -48.220 -25.878 25.000 -48.220 -25.878 0.000
3 16  -19.399 24.041 0.000 -11.951 24.041 25.000 -19.399 24.041 25.000
3 16  -11.951 24.041 25.000 -19.399 24.041 0.000 -11.951 24.041 0.000
3 16  -4.666 22.493 0.000 2.138 19.464 25.000 -4.666 22.493 25.000
3 16  2.138 19.464 25.000 -4.666 22.493 0.000 2.138 19.464 0.000
3 16  -11.951 24.041 0.000 -4.666 22.493 25.000 -11.951 24.041 25.000
3 16  -4.666 22.493 25.000 -11.951 24.041 0.000 -4.666 22.493 0.000
3 16  -44.496 9.552 25.000 -39.513 15.086 0.000 -39.513 15.086 25.000
3 16  -39.513 15.086 0.000 -44.496 9.552 25.000 -44.496 9.552 0.000
3 16  -48.220 3.102 25.000 -44.496 9.552 0.000 -44.496 9.552 25.000
3 16  -44.496 9.552 0.000 -48.220 3.102 25.000 -48.220 3.102 0.000
3 16  -39.513 15.086 0.000 -33.487 19.464 25.000 -39.513 15.086 25.000
3 16  -33.487 19.464 25.000 -39.513 15.086 0.000 -33.487 19.464 0.000
3 16  -33.487 19.464 0.000 -26.684 22.493 25.000 -33.487 19.464 25.000
3 16  -26.684 22.493 25.000 -33.487 19.464 0.000 -26.684 22.493 0.000
3 16  -46.518 -33.798 0.000 -45.507 -33.063 25.000 -46.518 -33.798 25.000
3 16  -45.507 -33.063 25.000 -46.518 -33.798 0.000 -45.507 -33.063 0.000
3 16  -32.138 -18.427 0.000 -31.305 -10.500 25.000 -31.305 -10.500 0.000
3 16  -31.305 -10.500 25.000 -32.138 -18.427 0.000 -32.138 -18.427 25.000
3 16  -28.842 -2.920 0.000 -24.857 3.983 25.000 -24.857 3.983 0.000
3 16  -24.857 3.983 25.000 -28.842 -2.920 0.000 -28.842 -2.920 25.000
3 16  14.830 -55.310 0.000 17.768 -54.686 25.000 14.830 -55.310 25.000
3 16  17.768 -54.686 25.000 14.830 -55.310 0.000 17.768 -54.686 0.000
3 16  -5.794 -54.686 0.000 -5.733 -54.699 25.000 -5.794 -54.686 25.000
3 16  -5.733 -54.699 25.000 -5.794 -54.686 0.000 -5.733 -54.699 0.000
3 16  0.115 -55.942 0.000 2.002 -56.343 25.000 0.115 -55.942 25.000
3 16  2.002 -56.343 25.000 0.115 -55.942 0.000 2.002 -56.343 0.000
3 16  -13.075 14.590 0.000 -19.523 9.906 25.000 -13.075 14.590 25.000
3 16  -19.523 9.906 25.000 -13.075 14.590 0.000 -19.523 9.906 0.000
3 16  -24.857 -40.836 0.000 -28.842 -33.933 25.000 -28.842 -33.933 0.000
3 16  -28.842 -33.933 25.000 -24.857 -40.836 0.000 -24.857 -40.836 25.000
3 16  -5.794 17.832 0.000 -13.075 14.590 25.000 -5.794 17.832 25.000
3 16  -13.075 14.590 25.000 -5.794 17.832 0.000 -13.075 14.590 0.000
3 16  -13.075 -51.444 0.000 -5.794 -54.686 25.000 -13.075 -51.444 25.000
3 16  -5.794 -54.686 25.000 -13.075 -51.444 0.000 -5.794 -54.686 0.000
3 16  -28.842 -33.933 0.000 -31.305 -26.353 25.000 -31.305 -26.353 0.000
3 16  -31.305 -26.353 25.000 -28.842 -33.933 0.000 -28.842 -33.933 25.000
3 16  -19.523 -46.759 0.000 -24.857 -40.836 25.000 -24.857 -40.836 0.000
3 16  -24.857 -40.836 25.000 -19.523 -46.759 0.000 -19.523 -46.759 25.000
3 16  2.002 -56.343 0.000 9.935 -56.343 25.000 2.002 -56.343 25.000
3 16  9.935 -56.343 25.000 2.002 -56.343 0.000 9.935 -56.343 0.000
3 16  -31.305 -26.353 0.000 -32.138 -18.427 25.000 -32.138 -18.427 0.000
3 16  -32.138 -18.427 25.000 -31.305 -26.353 0.000 -31.305 -26.353 25.000
3 16  -24.857 3.983 0.000 -19.523 9.906 25.000 -19.523 9.906 0.000
3 16  -19.523 9.906 25.000 -24.857 3.983 0.000 -24.857 3.983 25.000
3 16  -19.523 -46.759 0.000 -13.075 -51.444 25.000 -19.523 -46.759 25.000
3 16  -13.075 -51.444 25.000 -19.523 -46.759 0.000 -13.075 -51.444 0.000
3 16  -31.305 -10.500 0.000 -28.842 -2.920 25.000 -28.842 -2.920 0.000
3 16  -28.842 -2.920 25.000 -31.305 -10.500 0.000 -31.305 -10.500 25.000
3 16  -29.638 -18.427 25.000 -28.859 -11.020 0.000 -28.859 -11.020 25.000
3 16  -28.859 -11.020 0.000 -29.638 -18.427 25.000 -29.638 -18.427 0.000
3 16  -17.851 8.048 0.000 -16.188 9.255 25.000 -17.851 8.048 25.000
3 16  -16.188 9.255 25.000 -17.851 8.048 0.000 -16.188 9.255 0.000
3 16  -11.825 -49.279 0.000 -17.851 -44.901 25.000 -11.825 -49.279 25.000
3 16  -17.851 -44.901 25.000 -11.825 -49.279 0.000 -17.851 -44.901 0.000
3 16  11.340 -53.510 0.000 9.711 -53.856 25.000 11.340 -53.510 25.000
3 16  9.711 -53.856 25.000 11.340 -53.510 0.000 9.711 -53.856 0.000
3 16  -5.022 -52.308 0.000 -11.825 -49.279 25.000 -5.022 -52.308 25.000
3 16  -11.825 -49.279 25.000 -5.022 -52.308 0.000 -11.825 -49.279 0.000
3 16  2.263 -53.856 0.000 -5.022 -52.308 25.000 2.263 -53.856 25.000
3 16  -5.022 -52.308 25.000 2.263 -53.856 0.000 -5.022 -52.308 0.000
3 16  9.711 -53.856 0.000 2.263 -53.856 25.000 9.711 -53.856 25.000
3 16  2.263 -53.856 25.000 9.711 -53.856 0.000 2.263 -53.856 0.000
3 16  -28.859 -11.020 25.000 -26.558 -3.937 0.000 -26.558 -3.937 25.000
3 16  -26.558 -3.937 0.000 -28.859 -11.020 25.000 -28.859 -11.020 0.000
3 16  -22.834 2.513 25.000 -17.851 8.048 0.000 -17.851 8.048 25.000
3 16  -17.851 8.048 0.000 -22.834 2.513 25.000 -22.834 2.513 0.000
3 16  -26.558 -3.937 25.000 -22.834 2.513 0.000 -22.834 2.513 25.000
3 16  -22.834 2.513 0.000 -26.558 -3.937 25.000 -26.558 -3.937 0.000
3 16  -22.834 -39.367 25.000 -26.558 -32.917 0.000 -26.558 -32.917 25.000
3 16  -26.558 -32.917 0.000 -22.834 -39.367 25.000 -22.834 -39.367 0.000
3 16  -17.851 -44.901 25.000 -22.834 -39.367 0.000 -22.834 -39.367 25.000
3 16  -22.834 -39.367 0.000 -17.851 -44.901 25.000 -17.851 -44.901 0.000
3 16  -26.558 -32.917 25.000 -28.859 -25.833 0.000 -28.859 -25.833 25.000
3 16  -28.859 -25.833 0.000 -26.558 -32.917 25.000 -26.558 -32.917 0.000
3 16  -28.859 -25.833 25.000 -29.638 -18.427 0.000 -29.638 -18.427 25.000
3 16  -29.638 -18.427 0.000 -28.859 -25.833 25.000 -28.859 -25.833 0.000
3 16  17.768 -54.686 25.000 17.382 -53.497 0.000 17.382 -53.497 25.000
3 16  17.382 -53.497 0.000 17.768 -54.686 25.000 17.768 -54.686 0.000
3 16  57.500 0.000 25.000 57.500 5.000 0.000 57.500 5.000 25.000
3 16  57.500 5.000 0.000 57.500 0.000 25.000 57.500 0.000 0.000
3 16  57.500 5.000 0.000 55.724 5.000 25.000 57.500 5.000 25.000
3 16  55.724 5.000 25.000 57.500 5.000 0.000 55.724 5.000 0.000
3 16  54.032 19.666 25.000 52.322 24.365 0.000 52.322 24.365 25.000
3 16  52.322 24.365 0.000 54.032 19.666 25.000 54.032 19.666 0.000
3 16  52.322 24.365 0.000 50.841 23.825 25.000 52.322 24.365 25.000
3 16  50.841 23.825 25.000 52.322 24.365 0.000 50.841 23.825 0.000
3 16  52.600 19.145 0.000 54.032 19.666 25.000 52.600 19.145 25.000
3 16  54.032 19.666 25.000 52.600 19.145 0.000 54.032 19.666 0.000
3 16  44.047 36.960 25.000 40.834 40.790 0.000 40.834 40.790 25.000
3 16  40.834 40.790 0.000 44.047 36.960 25.000 44.047 36.960 0.000
3 16  40.834 40.790 0.000 39.532 39.699 25.000 40.834 40.790 25.000
3 16  39.532 39.699 25.000 40.834 40.790 0.000 39.532 39.699 0.000
3 16  42.880 35.981 0.000 44.047 36.960 25.000 42.880 35.981 25.000
3 16  44.047 36.960 25.000 42.880 35.981 0.000 44.047 36.960 0.000
3 16  28.750 49.797 0.000 24.420 52.297 25.000 28.750 49.797 25.000
3 16  24.420 52.297 25.000 28.750 49.797 0.000 24.420 52.297 0.000
3 16  24.157 51.841 0.000 24.420 52.297 25.000 24.420 52.297 0.000
3 16  24.420 52.297 25.000 24.157 51.841 0.000 24.157 51.841 25.000
3 16  28.327 49.063 25.000 28.750 49.797 0.000 28.750 49.797 25.000
3 16  28.750 49.797 0.000 28.327 49.063 25.000 28.327 49.063 0.000
3 16  9.985 56.627 0.000 5.061 57.495 25.000 9.985 56.627 25.000
3 16  5.061 57.495 25.000 9.985 56.627 0.000 5.061 57.495 0.000
3 16  4.787 55.942 0.000 5.061 57.495 25.000 5.061 57.495 0.000
3 16  5.061 57.495 25.000 4.787 55.942 0.000 4.787 55.942 25.000
3 16  9.720 55.126 25.000 9.985 56.627 0.000 9.985 56.627 25.000
3 16  9.985 56.627 0.000 9.720 55.126 25.000 9.720 55.126 0.000
3 16  -9.720 55.126 25.000 -9.985 56.627 0.000 -9.985 56.627 25.000
3 16  -9.985 56.627 0.000 -9.720 55.126 25.000 -9.720 55.126 0.000
3 16  -14.614 54.085 0.000 -14.909 55.758 25.000 -14.909 55.758 0.000
3 16  -14.909 55.758 25.000 -14.614 54.085 0.000 -14.614 54.085 25.000
3 16  -9.985 56.627 0.000 -14.909 55.758 25.000 -9.985 56.627 25.000
3 16  -14.909 55.758 25.000 -9.985 56.627 0.000 -14.909 55.758 0.000
3 16  -32.192 45.759 0.000 -33.080 47.297 25.000 -33.080 47.297 0.000
3 16  -33.080 47.297 25.000 -32.192 45.759 0.000 -32.192 45.759 25.000
3 16  -28.125 48.714 25.000 -28.750 49.797 0.000 -28.750 49.797 25.000
3 16  -28.750 49.797 0.000 -28.125 48.714 25.000 -28.125 48.714 0.000
3 16  -28.750 49.797 0.000 -33.080 47.297 25.000 -28.750 49.797 25.000
3 16  -33.080 47.297 25.000 -28.750 49.797 0.000 -33.080 47.297 0.000
3 16  -47.261 33.130 0.000 -46.053 32.117 25.000 -47.261 33.130 25.000
3 16  -46.053 32.117 25.000 -47.261 33.130 0.000 -46.053 32.117 0.000
3 16  -43.833 36.780 0.000 -44.047 36.960 25.000 -43.833 36.780 25.000
3 16  -44.047 36.960 25.000 -43.833 36.780 0.000 -44.047 36.960 0.000
3 16  -47.261 33.130 0.000 -44.047 36.960 25.000 -44.047 36.960 0.000
3 16  -44.047 36.960 25.000 -47.261 33.130 0.000 -47.261 33.130 25.000
3 16  -55.742 14.968 0.000 -54.032 19.666 25.000 -54.032 19.666 0.000
3 16  -54.032 19.666 25.000 -55.742 14.968 0.000 -55.742 14.968 25.000
3 16  -55.742 14.968 0.000 -54.146 14.387 25.000 -55.742 14.968 25.000
3 16  -54.146 14.387 25.000 -55.742 14.968 0.000 -54.146 14.387 0.000
3 16  -52.600 19.145 0.000 -54.032 19.666 25.000 -52.600 19.145 25.000
3 16  -54.032 19.666 25.000 -52.600 19.145 0.000 -54.032 19.666 0.000
3 16  -57.500 -5.000 0.000 -57.500 0.000 25.000 -57.500 0.000 0.000
3 16  -57.500 0.000 25.000 -57.500 -5.000 0.000 -57.500 -5.000 25.000
3 16  -57.500 -5.000 0.000 -55.724 -5.000 25.000 -57.500 -5.000 25.000
3 16  -55.724 -5.000 25.000 -57.500 -5.000 0.000 -55.724 -5.000 0.000
3 16  -56.250 0.000 0.000 -57.500 0.000 25.000 -56.250 0.000 25.000
3 16  -57.500 0.000 25.000 -56.250 0.000 0.000 -57.500 0.000 0.000
3 16  -52.322 -24.365 0.000 -54.032 -19.666 25.000 -54.032 -19.666 0.000
3 16  -54.032 -19.666 25.000 -52.322 -24.365 0.000 -52.322 -24.365 25.000
3 16  -52.322 -24.365 0.000 -51.431 -24.040 25.000 -52.322 -24.365 25.000
3 16  -51.431 -24.040 25.000 -52.322 -24.365 0.000 -51.431 -24.040 0.000
3 16  -52.970 -19.280 0.000 -54.032 -19.666 25.000 -52.970 -19.280 25.000
3 16  -54.032 -19.666 25.000 -52.970 -19.280 0.000 -54.032 -19.666 0.000
3 16  -40.834 -40.790 0.000 -44.047 -36.960 25.000 -44.047 -36.960 0.000
3 16  -44.047 -36.960 25.000 -40.834 -40.790 0.000 -40.834 -40.790 25.000
3 16  -42.880 -35.981 0.000 -44.047 -36.960 25.000 -42.880 -35.981 25.000
3 16  -44.047 -36.960 25.000 -42.880 -35.981 0.000 -44.047 -36.960 0.000
3 16  -40.834 -40.790 0.000 -39.532 -39.699 25.000 -40.834 -40.790 25.000
3 16  -39.532 -39.699 25.000 -40.834 -40.790 0.000 -39.532 -39.699 0.000
3 16  -28.750 -49.797 0.000 -24.420 -52.297 25.000 -28.750 -49.797 25.000
3 16  -24.420 -52.297 25.000 -28.750 -49.797 0.000 -24.420 -52.297 0.000
3 16  -24.420 -52.297 25.000 -23.532 -50.759 0.000 -23.532 -50.759 25.000
3 16  -23.532 -50.759 0.000 -24.420 -52.297 25.000 -24.420 -52.297 0.000
3 16  -28.750 -49.797 0.000 -28.125 -48.714 25.000 -28.125 -48.714 0.000
3 16  -28.125 -48.714 25.000 -28.750 -49.797 0.000 -28.750 -49.797 25.000
3 16  -9.985 -56.627 0.000 -5.061 -57.495 25.000 -9.985 -56.627 25.000
3 16  -5.061 -57.495 25.000 -9.985 -56.627 0.000 -5.061 -57.495 0.000
3 16  -9.985 -56.627 0.000 -9.720 -55.126 25.000 -9.720 -55.126 0.000
3 16  -9.720 -55.126 25.000 -9.985 -56.627 0.000 -9.985 -56.627 25.000
3 16  -5.061 -57.495 25.000 -4.787 -55.942 0.000 -4.787 -55.942 25.000
3 16  -4.787 -55.942 0.000 -5.061 -57.495 25.000 -5.061 -57.495 0.000
3 16  9.985 -56.627 0.000 14.909 -55.758 25.000 9.985 -56.627 25.000
3 16  14.909 -55.758 25.000 9.985 -56.627 0.000 14.909 -55.758 0.000
3 16  14.909 -55.758 25.000 14.830 -55.310 0.000 14.830 -55.310 25.000
3 16  14.830 -55.310 0.000 14.909 -55.758 25.000 14.909 -55.758 0.000
3 16  9.985 -56.627 0.000 9.935 -56.343 25.000 9.935 -56.343 0.000
3 16  9.935 -56.343 25.000 9.985 -56.627 0.000 9.985 -56.627 25.000
3 16  28.750 -49.797 0.000 33.080 -47.297 25.000 28.750 -49.797 25.000
3 16  33.080 -47.297 25.000 28.750 -49.797 0.000 33.080 -47.297 0.000
3 16  33.080 -47.297 25.000 32.192 -45.759 0.000 32.192 -45.759 25.000
3 16  32.192 -45.759 0.000 33.080 -47.297 25.000 33.080 -47.297 0.000
3 16  28.750 -49.797 0.000 28.125 -48.714 25.000 28.125 -48.714 0.000
3 16  28.125 -48.714 25.000 28.750 -49.797 0.000 28.750 -49.797 25.000
3 16  44.047 -36.960 25.000 47.261 -33.130 0.000 47.261 -33.130 25.000
3 16  47.261 -33.130 0.000 44.047 -36.960 25.000 44.047 -36.960 0.000
3 16  47.261 -33.130 0.000 46.053 -32.117 25.000 47.261 -33.130 25.000
3 16  46.053 -32.117 25.000 47.261 -33.130 0.000 46.053 -32.117 0.000
3 16  42.880 -35.981 0.000 44.047 -36.960 25.000 42.880 -35.981 25.000
3 16  44.047 -36.960 25.000 42.880 -35.981 0.000 44.047 -36.960 0.000
3 16  54.032 -19.666 25.000 55.742 -14.968 0.000 55.742 -14.968 25.000
3 16  55.742 -14.968 0.000 54.032 -19.666 25.000 54.032 -19.666 0.000
3 16  55.742 -14.968 0.000 54.523 -14.524 25.000 55.742 -14.968 25.000
3 16  54.523 -14.524 25.000 55.742 -14.968 0.000 54.523 -14.524 0.000
3 16  52.600 -19.145 0.000 54.032 -19.666 25.000 52.600 -19.145 25.000
3 16  54.032 -19.666 25.000 52.600 -19.145 0.000 54.032 -19.666 0.000
3 16  8.803 1.871 0.000 8.222 3.661 8.000 8.222 3.661 0.000
3 16  8.222 3.661 8.000 8.803 1.871 0.000 8.803 1.871 8.000
3 16  9.000 0.000 0.000 8.803 1.871 8.000 8.803 1.871 0.000
3 16  8.803 1.871 8.000 9.000 0.000 0.000 9.000 0.000 8.000
3 16  8.222 3.661 0.000 7.281 5.290 8.000 7.281 5.290 0.000
3 16  7.281 5.290 8.000 8.222 3.661 0.000 8.222 3.661 8.000
3 16  7.281 5.290 0.000 6.022 6.688 8.000 6.022 6.688 0.000
3 16  6.022 6.688 8.000 7.281 5.290 0.000 7.281 5.290 8.000
3 16  2.781 -8.559 0.000 0.941 -8.951 8.000 2.781 -8.559 8.000
3 16  0.941 -8.951 8.000 2.781 -8.559 0.000 0.941 -8.951 0.000
3 16  -8.803 -1.871 8.000 -9.000 0.000 0.000 -9.000 0.000 8.000
3 16  -9.000 0.000 0.000 -8.803 -1.871 8.000 -8.803 -1.871 0.000
3 16  -4.500 -7.794 0.000 -6.022 -6.688 8.000 -4.500 -7.794 8.000
3 16  -6.022 -6.688 8.000 -4.500 -7.794 0.000 -6.022 -6.688 0.000
3 16  7.281 -5.290 0.000 8.222 -3.661 8.000 8.222 -3.661 0.000
3 16  8.222 -3.661 8.000 7.281 -5.290 0.000 7.281 -5.290 8.000
3 16  6.022 -6.688 0.000 7.281 -5.290 8.000 7.281 -5.290 0.000
3 16  7.281 -5.290 8.000 6.022 -6.688 0.000 6.022 -6.688 8.000
3 16  2.781 8.559 0.000 4.500 7.794 8.000 2.781 8.559 8.000
3 16  4.500 7.794 8.000 2.781 8.559 0.000 4.500 7.794 0.000
3 16  -8.222 3.661 8.000 -7.281 5.290 0.000 -7.281 5.290 8.000
3 16  -7.281 5.290 0.000 -8.222 3.661 8.000 -8.222 3.661 0.000
3 16  6.022 -6.688 0.000 4.500 -7.794 8.000 6.022 -6.688 8.000
3 16  4.500 -7.794 8.000 6.022 -6.688 0.000 4.500 -7.794 0.000
3 16  0.941 8.951 0.000 2.781 8.559 8.000 0.941 8.951 8.000
3 16  2.781 8.559 8.000 0.941 8.951 0.000 2.781 8.559 0.000
3 16  4.500 7.794 0.000 6.022 6.688 8.000 4.500 7.794 8.000
3 16  6.022 6.688 8.000 4.500 7.794 0.000 6.022 6.688 0.000
3 16  8.222 -3.661 0.000 8.803 -1.871 8.000 8.803 -1.871 0.000
3 16  8.803 -1.871 8.000 8.222 -3.661 0.000 8.222 -3.661 8.000
3 16  8.803 -1.871 0.000 9.000 0.000 8.000 9.000 0.000 0.000
3 16  9.000 0.000 8.000 8.803 -1.871 0.000 8.803 -1.871 8.000
3 16  -7.281 5.290 8.000 -6.022 6.688 0.000 -6.022 6.688 8.000
3 16  -6.022 6.688 0.000 -7.281 5.290 8.000 -7.281 5.290 0.000
3 16  -7.281 -5.290 8.000 -8.222 -3.661 0.000 -8.222 -3.661 8.000
3 16  -8.222 -3.661 0.000 -7.281 -5.290 8.000 -7.281 -5.290 0.000
3 16  -6.022 6.688 0.000 -4.500 7.794 8.000 -6.022 6.688 8.000
3 16  -4.500 7.794 8.000 -6.022 6.688 0.000 -4.500 7.794 0.000
3 16  -0.941 8.951 0.000 0.941 8.951 8.000 -0.941 8.951 8.000
3 16  0.941 8.951 8.000 -0.941 8.951 0.000 0.941 8.951 0.000
3 16  -4.500 7.794 0.000 -2.781 8.559 8.000 -4.500 7.794 8.000
3 16  -2.781 8.559 8.000 -4.500 7.794 0.000 -2.781 8.559 0.000
3 16  4.500 -7.794 0.000 2.781 -8.559 8.000 4.500 -7.794 8.000
3 16  2.781 -8.559 8.000 4.500 -7.794 0.000 2.781 -8.559 0.000
3 16  -9.000 0.000 8.000 -8.803 1.871 0.000 -8.803 1.871 8.000
3 16  -8.803 1.871 0.000 -9.000 0.000 8.000 -9.000 0.000 0.000
3 16  -8.222 -3.661 8.000 -8.803 -1.871 0.000 -8.803 -1.871 8.000
3 16  -8.803 -1.871 0.000 -8.222 -3.661 8.000 -8.222 -3.661 0.000
3 16  -8.803 1.871 8.000 -8.222 3.661 0.000 -8.222 3.661 8.000
3 16  -8.222 3.661 0.000 -8.803 1.871 8.000 -8.803 1.871 0.000
3 16  -2.781 8.559 0.000 -0.941 8.951 8.000 -2.781 8.559 8.000
3 16  -0.941 8.951 8.000 -2.781 8.559 0.000 -0.941 8.951 0.000
3 16  -6.022 -6.688 8.000 -7.281 -5.290 0.000 -7.281 -5.290 8.000
3 16  -7.281 -5.290 0.000 -6.022 -6.688 8.000 -6.022 -6.688 0.000
3 16  0.941 -8.951 0.000 -0.941 -8.951 8.000 0.941 -8.951 8.000
3 16  -0.941 -8.951 8.000 0.941 -8.951 0.000 -0.941 -8.951 0.000
3 16  -0.941 -8.951 0.000 -2.781 -8.559 8.000 -0.941 -8.951 8.000
3 16  -2.781 -8.559 8.000 -0.941 -8.951 0.000 -2.781 -8.559 0.000
3 16  -2.781 -8.559 0.000 -4.500 -7.794 8.000 -2.781 -8.559 8.000
3 16  -4.500 -7.794 8.000 -2.781 -8.559 0.000 -4.500 -7.794 0.000
3 16  -8.615 -9.568 25.000 -10.416 -7.568 8.000 -10.416 -7.568 25.000
3 16  -10.416 -7.568 8.000 -8.615 -9.568 25.000 -8.615 -9.568 8.000
3 16  12.594 2.677 8.000 11.762 5.237 25.000 11.762 5.237 8.000
3 16  11.762 5.237 25.000 12.594 2.677 8.000 12.594 2.677 25.000
3 16  12.875 0.000 8.000 12.594 2.677 25.000 12.594 2.677 8.000
3 16  12.594 2.677 25.000 12.875 0.000 8.000 12.875 0.000 25.000
3 16  11.762 5.237 8.000 10.416 7.568 25.000 10.416 7.568 8.000
3 16  10.416 7.568 25.000 11.762 5.237 8.000 11.762 5.237 25.000
3 16  11.762 -5.237 8.000 12.594 -2.677 25.000 12.594 -2.677 8.000
3 16  12.594 -2.677 25.000 11.762 -5.237 8.000 11.762 -5.237 25.000
3 16  -8.615 9.568 8.000 -6.438 11.150 25.000 -8.615 9.568 25.000
3 16  -6.438 11.150 25.000 -8.615 9.568 8.000 -6.438 11.150 8.000
3 16  8.615 -9.568 8.000 6.438 -11.150 25.000 8.615 -9.568 25.000
3 16  6.438 -11.150 25.000 8.615 -9.568 8.000 6.438 -11.150 8.000
3 16  8.615 -9.568 8.000 10.416 -7.568 25.000 10.416 -7.568 8.000
3 16  10.416 -7.568 25.000 8.615 -9.568 8.000 8.615 -9.568 25.000
3 16  12.594 -2.677 8.000 12.875 0.000 25.000 12.875 0.000 8.000
3 16  12.875 0.000 25.000 12.594 -2.677 8.000 12.594 -2.677 25.000
3 16  -3.979 -12.245 8.000 -6.438 -11.150 25.000 -3.979 -12.245 25.000
3 16  -6.438 -11.150 25.000 -3.979 -12.245 8.000 -6.438 -11.150 8.000
3 16  3.979 12.245 8.000 6.438 11.150 25.000 3.979 12.245 25.000
3 16  6.438 11.150 25.000 3.979 12.245 8.000 6.438 11.150 8.000
3 16  10.416 7.568 8.000 8.615 9.568 25.000 8.615 9.568 8.000
3 16  8.615 9.568 25.000 10.416 7.568 8.000 10.416 7.568 25.000
3 16  -6.438 -11.150 8.000 -8.615 -9.568 25.000 -6.438 -11.150 25.000
3 16  -8.615 -9.568 25.000 -6.438 -11.150 8.000 -8.615 -9.568 8.000
3 16  -10.416 7.568 25.000 -8.615 9.568 8.000 -8.615 9.568 25.000
3 16  -8.615 9.568 8.000 -10.416 7.568 25.000 -10.416 7.568 8.000
3 16  -1.346 12.804 8.000 1.346 12.804 25.000 -1.346 12.804 25.000
3 16  1.346 12.804 25.000 -1.346 12.804 8.000 1.346 12.804 8.000
3 16  6.438 -11.150 8.000 3.979 -12.245 25.000 6.438 -11.150 25.000
3 16  3.979 -12.245 25.000 6.438 -11.150 8.000 3.979 -12.245 8.000
3 16  3.979 -12.245 8.000 1.346 -12.804 25.000 3.979 -12.245 25.000
3 16  1.346 -12.804 25.000 3.979 -12.245 8.000 1.346 -12.804 8.000
3 16  -12.594 2.677 25.000 -11.762 5.237 8.000 -11.762 5.237 25.000
3 16  -11.762 5.237 8.000 -12.594 2.677 25.000 -12.594 2.677 8.000
3 16  -11.762 -5.237 25.000 -12.594 -2.677 8.000 -12.594 -2.677 25.000
3 16  -12.594 -2.677 8.000 -11.762 -5.237 25.000 -11.762 -5.237 8.000
3 16  -6.438 11.150 8.000 -3.979 12.245 25.000 -6.438 11.150 25.000
3 16  -3.979 12.245 25.000 -6.438 11.150 8.000 -3.979 12.245 8.000
3 16  9.000 0.000 8.000 12.875 0.000 8.000 12.594 2.677 8.000
3 16  8.803 1.871 8.000 12.594 2.677 8.000 11.762 5.237 8.000
3 16  12.875 0.000 8.000 9.000 0.000 8.000 12.594 -2.677 8.000
3 16  8.222 3.661 8.000 11.762 5.237 8.000 10.416 7.568 8.000
3 16  8.803 -1.871 8.000 12.594 -2.677 8.000 9.000 0.000 8.000
3 16  12.594 -2.677 8.000 8.803 -1.871 8.000 11.762 -5.237 8.000
3 16  12.594 2.677 8.000 8.803 1.871 8.000 9.000 0.000 8.000
3 16  7.281 5.290 8.000 10.416 7.568 8.000 8.615 9.568 8.000
3 16  11.762 5.237 8.000 8.222 3.661 8.000 8.803 1.871 8.000
3 16  10.416 7.568 8.000 7.281 5.290 8.000 8.222 3.661 8.000
3 16  6.022 6.688 8.000 8.615 9.568 8.000 6.438 11.150 8.000
3 16  8.615 9.568 8.000 6.022 6.688 8.000 7.281 5.290 8.000
3 16  6.438 11.150 8.000 4.500 7.794 8.000 6.022 6.688 8.000
3 16  3.979 12.245 8.000 4.500 7.794 8.000 6.438 11.150 8.000
3 16  3.979 12.245 8.000 2.781 8.559 8.000 4.500 7.794 8.000
3 16  1.346 12.804 8.000 2.781 8.559 8.000 3.979 12.245 8.000
3 16  1.346 12.804 8.000 0.941 8.951 8.000 2.781 8.559 8.000
3 16  1.346 12.804 8.000 -0.941 8.951 8.000 0.941 8.951 8.000
3 16  -1.346 12.804 8.000 -0.941 8.951 8.000 1.346 12.804 8.000
3 16  -1.346 12.804 8.000 -2.781 8.559 8.000 -0.941 8.951 8.000
3 16  -3.979 12.245 8.000 -2.781 8.559 8.000 -1.346 12.804 8.000
3 16  -3.979 12.245 8.000 -4.500 7.794 8.000 -2.781 8.559 8.000
3 16  -6.438 11.150 8.000 -4.500 7.794 8.000 -3.979 12.245 8.000
3 16  -4.500 7.794 8.000 -6.438 11.150 8.000 -6.022 6.688 8.000
3 16  -8.615 9.568 8.000 -6.022 6.688 8.000 -6.438 11.150 8.000
3 16  -6.022 6.688 8.000 -8.615 9.568 8.000 -7.281 5.290 8.000
3 16  -10.416 7.568 8.000 -7.281 5.290 8.000 -8.615 9.568 8.000
3 16  -7.281 5.290 8.000 -10.416 7.568 8.000 -8.222 3.661 8.000
3 16  -11.762 5.237 8.000 -8.222 3.661 8.000 -10.416 7.568 8.000
3 16  -8.222 3.661 8.000 -11.762 5.237 8.000 -8.803 1.871 8.000
3 16  8.222 -3.661 8.000 11.762 -5.237 8.000 8.803 -1.871 8.000
3 16  11.762 -5.237 8.000 8.222 -3.661 8.000 10.416 -7.568 8.000
3 16  7.281 -5.290 8.000 10.416 -7.568 8.000 8.222 -3.661 8.000
3 16  10.416 -7.568 8.000 7.281 -5.290 8.000 8.615 -9.568 8.000
3 16  6.022 -6.688 8.000 8.615 -9.568 8.000 7.281 -5.290 8.000
3 16  8.615 -9.568 8.000 6.022 -6.688 8.000 6.438 -11.150 8.000
3 16  4.500 -7.794 8.000 6.438 -11.150 8.000 6.022 -6.688 8.000
3 16  4.500 -7.794 8.000 3.979 -12.245 8.000 6.438 -11.150 8.000
3 16  2.781 -8.559 8.000 3.979 -12.245 8.000 4.500 -7.794 8.000
3 16  2.781 -8.559 8.000 1.346 -12.804 8.000 3.979 -12.245 8.000
3 16  0.941 -8.951 8.000 1.346 -12.804 8.000 2.781 -8.559 8.000
3 16  -0.941 -8.951 8.000 1.346 -12.804 8.000 0.941 -8.951 8.000
3 16  -0.941 -8.951 8.000 -1.346 -12.804 8.000 1.346 -12.804 8.000
3 16  -2.781 -8.559 8.000 -1.346 -12.804 8.000 -0.941 -8.951 8.000
3 16  -2.781 -8.559 8.000 -3.979 -12.245 8.000 -1.346 -12.804 8.000
3 16  -4.500 -7.794 8.000 -3.979 -12.245 8.000 -2.781 -8.559 8.000
3 16  -6.438 -11.150 8.000 -4.500 -7.794 8.000 -6.022 -6.688 8.000
3 16  -4.500 -7.794 8.000 -6.438 -11.150 8.000 -3.979 -12.245 8.000
3 16  -8.615 -9.568 8.000 -6.022 -6.688 8.000 -7.281 -5.290 8.000
3 16  -10.416 -7.568 8.000 -7.281 -5.290 8.000 -8.222 -3.661 8.000
3 16  -6.022 -6.688 8.000 -8.615 -9.568 8.000 -6.438 -11.150 8.000
3 16  -11.762 -5.237 8.000 -8.222 -3.661 8.000 -8.803 -1.871 8.000
3 16  -12.594 -2.677 8.000 -8.803 -1.871 8.000 -9.000 0.000 8.000
3 16  -12.594 2.677 8.000 -8.803 1.871 8.000 -11.762 5.237 8.000
3 16  -7.281 -5.290 8.000 -10.416 -7.568 8.000 -8.615 -9.568 8.000
3 16  -8.803 1.871 8.000 -12.594 2.677 8.000 -9.000 0.000 8.000
3 16  -8.222 -3.661 8.000 -11.762 -5.237 8.000 -10.416 -7.568 8.000
3 16  -12.875 0.000 8.000 -9.000 0.000 8.000 -12.594 2.677 8.000
3 16  -8.803 -1.871 8.000 -12.594 -2.677 8.000 -11.762 -5.237 8.000
3 16  -9.000 0.000 8.000 -12.875 0.000 8.000 -12.594 -2.677 8.000
3 16  -1.346 -12.804 8.000 -3.979 -12.245 25.000 -1.346 -12.804 25.000
3 16  -3.979 -12.245 25.000 -1.346 -12.804 8.000 -3.979 -12.245 8.000
3 16  1.346 12.804 8.000 3.979 12.245 25.000 1.346 12.804 25.000
3 16  3.979 12.245 25.000 1.346 12.804 8.000 3.979 12.245 8.000
3 16  -12.594 -2.677 25.000 -12.875 0.000 8.000 -12.875 0.000 25.000
3 16  -12.875 0.000 8.000 -12.594 -2.677 25.000 -12.594 -2.677 8.000
3 16  -10.416 -7.568 25.000 -11.762 -5.237 8.000 -11.762 -5.237 25.000
3 16  -11.762 -5.237 8.000 -10.416 -7.568 25.000 -10.416 -7.568 8.000
3 16  -11.762 5.237 25.000 -10.416 7.568 8.000 -10.416 7.568 25.000
3 16  -10.416 7.568 8.000 -11.762 5.237 25.000 -11.762 5.237 8.000
3 16  10.416 -7.568 8.000 11.762 -5.237 25.000 11.762 -5.237 8.000
3 16  11.762 -5.237 25.000 10.416 -7.568 8.000 10.416 -7.568 25.000
3 16  6.438 11.150 8.000 8.615 9.568 25.000 6.438 11.150 25.000
3 16  8.615 9.568 25.000 6.438 11.150 8.000 8.615 9.568 8.000
3 16  -3.979 12.245 8.000 -1.346 12.804 25.000 -3.979 12.245 25.000
3 16  -1.346 12.804 25.000 -3.979 12.245 8.000 -1.346 12.804 8.000
3 16  1.346 -12.804 8.000 -1.346 -12.804 25.000 1.346 -12.804 25.000
3 16  -1.346 -12.804 25.000 1.346 -12.804 8.000 -1.346 -12.804 8.000
3 16  -12.875 0.000 25.000 -12.594 2.677 8.000 -12.594 2.677 25.000
3 16  -12.594 2.677 8.000 -12.875 0.000 25.000 -12.875 0.000 8.000
