0 ./parts/tm1637-small-top.dat
0 !LDRAW Unofficial_part
0 BFC CERTIFY CCW
3 16  17.500 -21.000 0.000 0.000 -21.000 0.000 17.500 -16.000 0.000
3 16  0.000 -72.000 0.000 100.000 -56.000 0.000 120.000 -72.000 0.000
3 16  100.000 -56.000 0.000 0.000 -72.000 0.000 17.500 -56.000 0.000
3 16  0.000 -51.000 0.000 17.500 -56.000 0.000 0.000 -72.000 0.000
3 16  17.500 -56.000 0.000 0.000 -51.000 0.000 17.500 -51.000 0.000
3 16  141.942 -13.081 0.000 144.000 0.000 0.000 141.942 -34.919 0.000
3 16  144.000 0.000 0.000 141.942 -13.081 0.000 142.000 -12.000 0.000
3 16  141.766 -33.850 0.000 141.942 -13.081 0.000 141.942 -34.919 0.000
3 16  141.766 -33.850 0.000 141.766 -14.150 0.000 141.942 -13.081 0.000
3 16  141.477 -32.807 0.000 141.766 -14.150 0.000 141.766 -33.850 0.000
3 16  141.477 -32.807 0.000 141.477 -15.193 0.000 141.766 -14.150 0.000
3 16  141.076 -31.801 0.000 141.477 -15.193 0.000 141.477 -32.807 0.000
3 16  141.076 -31.801 0.000 141.076 -16.199 0.000 141.477 -15.193 0.000
3 16  140.569 -30.845 0.000 141.076 -16.199 0.000 141.076 -31.801 0.000
3 16  140.569 -30.845 0.000 140.569 -17.156 0.000 141.076 -16.199 0.000
3 16  139.961 -29.948 0.000 140.569 -17.156 0.000 140.569 -30.845 0.000
3 16  139.961 -29.948 0.000 139.961 -18.052 0.000 140.569 -17.156 0.000
3 16  139.260 -29.123 0.000 139.961 -18.052 0.000 139.961 -29.948 0.000
3 16  139.260 -29.123 0.000 139.260 -18.877 0.000 139.961 -18.052 0.000
3 16  138.474 -28.378 0.000 139.260 -18.877 0.000 139.260 -29.123 0.000
3 16  138.474 -28.378 0.000 138.474 -19.622 0.000 139.260 -18.877 0.000
3 16  137.612 -27.723 0.000 138.474 -19.622 0.000 138.474 -28.378 0.000
3 16  137.612 -27.723 0.000 137.612 -20.277 0.000 138.474 -19.622 0.000
3 16  136.684 -27.165 0.000 137.612 -20.277 0.000 137.612 -27.723 0.000
3 16  136.684 -27.165 0.000 136.684 -20.835 0.000 137.612 -20.277 0.000
3 16  135.702 -26.710 0.000 136.684 -20.835 0.000 136.684 -27.165 0.000
3 16  135.702 -26.710 0.000 135.702 -21.290 0.000 136.684 -20.835 0.000
3 16  134.675 -26.364 0.000 135.702 -21.290 0.000 135.702 -26.710 0.000
3 16  134.675 -26.364 0.000 134.675 -21.636 0.000 135.702 -21.290 0.000
3 16  133.618 -26.132 0.000 134.675 -21.636 0.000 134.675 -26.364 0.000
3 16  133.618 -26.132 0.000 133.618 -21.868 0.000 134.675 -21.636 0.000
3 16  132.541 -26.015 0.000 133.618 -21.868 0.000 133.618 -26.132 0.000
3 16  132.541 -26.015 0.000 132.541 -21.985 0.000 133.618 -21.868 0.000
3 16  131.458 -26.015 0.000 132.541 -21.985 0.000 132.541 -26.015 0.000
3 16  131.458 -26.015 0.000 131.458 -21.985 0.000 132.541 -21.985 0.000
3 16  130.382 -26.132 0.000 131.458 -21.985 0.000 131.458 -26.015 0.000
3 16  130.382 -26.132 0.000 130.382 -21.868 0.000 131.458 -21.985 0.000
3 16  129.325 -26.364 0.000 130.382 -21.868 0.000 130.382 -26.132 0.000
3 16  129.325 -26.364 0.000 129.325 -21.636 0.000 130.382 -21.868 0.000
3 16  128.298 -26.710 0.000 129.325 -21.636 0.000 129.325 -26.364 0.000
3 16  128.298 -26.710 0.000 128.298 -21.290 0.000 129.325 -21.636 0.000
3 16  127.316 -27.165 0.000 128.298 -21.290 0.000 128.298 -26.710 0.000
3 16  127.316 -27.165 0.000 127.316 -20.835 0.000 128.298 -21.290 0.000
3 16  126.388 -27.723 0.000 127.316 -20.835 0.000 127.316 -27.165 0.000
3 16  126.388 -27.723 0.000 126.388 -20.277 0.000 127.316 -20.835 0.000
3 16  125.526 -28.378 0.000 126.388 -20.277 0.000 126.388 -27.723 0.000
3 16  125.526 -28.378 0.000 125.526 -19.622 0.000 126.388 -20.277 0.000
3 16  124.740 -29.123 0.000 125.526 -19.622 0.000 125.526 -28.378 0.000
3 16  124.740 -29.123 0.000 124.740 -18.877 0.000 125.526 -19.622 0.000
3 16  124.039 -29.948 0.000 124.740 -18.877 0.000 124.740 -29.123 0.000
3 16  124.039 -29.948 0.000 124.039 -18.052 0.000 124.740 -18.877 0.000
3 16  123.431 -30.845 0.000 124.039 -18.052 0.000 124.039 -29.948 0.000
3 16  123.431 -30.845 0.000 123.431 -17.156 0.000 124.039 -18.052 0.000
3 16  100.000 -16.000 0.000 123.431 -30.845 0.000 122.924 -31.801 0.000
3 16  123.431 -30.845 0.000 100.000 -16.000 0.000 123.431 -17.156 0.000
3 16  100.000 -16.000 0.000 122.924 -31.801 0.000 122.523 -32.807 0.000
3 16  123.431 -17.156 0.000 100.000 -16.000 0.000 122.924 -16.199 0.000
3 16  100.000 -16.000 0.000 122.523 -32.807 0.000 122.234 -33.850 0.000
3 16  122.924 -16.199 0.000 100.000 -16.000 0.000 122.523 -15.193 0.000
3 16  100.000 -16.000 0.000 122.234 -33.850 0.000 122.058 -34.919 0.000
3 16  122.523 -15.193 0.000 100.000 -16.000 0.000 122.234 -14.150 0.000
3 16  100.000 -16.000 0.000 122.058 -34.919 0.000 122.000 -36.000 0.000
3 16  122.234 -14.150 0.000 100.000 -16.000 0.000 122.058 -13.081 0.000
3 16  141.942 -37.081 0.000 144.000 -72.000 0.000 141.942 -58.919 0.000
3 16  144.000 -72.000 0.000 141.942 -37.081 0.000 142.000 -36.000 0.000
3 16  141.766 -57.850 0.000 141.942 -37.081 0.000 141.942 -58.919 0.000
3 16  141.766 -57.850 0.000 141.766 -38.150 0.000 141.942 -37.081 0.000
3 16  141.477 -56.807 0.000 141.766 -38.150 0.000 141.766 -57.850 0.000
3 16  141.477 -56.807 0.000 141.477 -39.193 0.000 141.766 -38.150 0.000
3 16  141.076 -55.801 0.000 141.477 -39.193 0.000 141.477 -56.807 0.000
3 16  141.076 -55.801 0.000 141.076 -40.199 0.000 141.477 -39.193 0.000
3 16  140.569 -54.844 0.000 141.076 -40.199 0.000 141.076 -55.801 0.000
3 16  140.569 -54.844 0.000 140.569 -41.155 0.000 141.076 -40.199 0.000
3 16  139.961 -53.948 0.000 140.569 -41.155 0.000 140.569 -54.844 0.000
3 16  139.961 -53.948 0.000 139.961 -42.052 0.000 140.569 -41.155 0.000
3 16  139.260 -53.123 0.000 139.961 -42.052 0.000 139.961 -53.948 0.000
3 16  139.260 -53.123 0.000 139.260 -42.877 0.000 139.961 -42.052 0.000
3 16  138.474 -52.379 0.000 139.260 -42.877 0.000 139.260 -53.123 0.000
3 16  138.474 -52.379 0.000 138.474 -43.621 0.000 139.260 -42.877 0.000
3 16  137.612 -51.723 0.000 138.474 -43.621 0.000 138.474 -52.379 0.000
3 16  137.612 -51.723 0.000 137.612 -44.277 0.000 138.474 -43.621 0.000
3 16  136.684 -51.165 0.000 137.612 -44.277 0.000 137.612 -51.723 0.000
3 16  136.684 -51.165 0.000 136.684 -44.835 0.000 137.612 -44.277 0.000
3 16  135.702 -50.710 0.000 136.684 -44.835 0.000 136.684 -51.165 0.000
3 16  135.702 -50.710 0.000 135.702 -45.290 0.000 136.684 -44.835 0.000
3 16  134.675 -50.365 0.000 135.702 -45.290 0.000 135.702 -50.710 0.000
3 16  134.675 -50.365 0.000 134.675 -45.636 0.000 135.702 -45.290 0.000
3 16  133.618 -50.132 0.000 134.675 -45.636 0.000 134.675 -50.365 0.000
3 16  133.618 -50.132 0.000 133.618 -45.868 0.000 134.675 -45.636 0.000
3 16  132.541 -50.015 0.000 133.618 -45.868 0.000 133.618 -50.132 0.000
3 16  132.541 -50.015 0.000 132.541 -45.985 0.000 133.618 -45.868 0.000
3 16  131.458 -50.015 0.000 132.541 -45.985 0.000 132.541 -50.015 0.000
3 16  131.458 -50.015 0.000 131.458 -45.985 0.000 132.541 -45.985 0.000
3 16  130.382 -50.132 0.000 131.458 -45.985 0.000 131.458 -50.015 0.000
3 16  130.382 -50.132 0.000 130.382 -45.868 0.000 131.458 -45.985 0.000
3 16  129.325 -50.365 0.000 130.382 -45.868 0.000 130.382 -50.132 0.000
3 16  129.325 -50.365 0.000 129.325 -45.636 0.000 130.382 -45.868 0.000
3 16  128.298 -50.710 0.000 129.325 -45.636 0.000 129.325 -50.365 0.000
3 16  128.298 -50.710 0.000 128.298 -45.290 0.000 129.325 -45.636 0.000
3 16  127.316 -51.165 0.000 128.298 -45.290 0.000 128.298 -50.710 0.000
3 16  127.316 -51.165 0.000 127.316 -44.835 0.000 128.298 -45.290 0.000
3 16  126.388 -51.723 0.000 127.316 -44.835 0.000 127.316 -51.165 0.000
3 16  126.388 -51.723 0.000 126.388 -44.277 0.000 127.316 -44.835 0.000
3 16  125.526 -52.379 0.000 126.388 -44.277 0.000 126.388 -51.723 0.000
3 16  125.526 -52.379 0.000 125.526 -43.621 0.000 126.388 -44.277 0.000
3 16  124.740 -53.123 0.000 125.526 -43.621 0.000 125.526 -52.379 0.000
3 16  124.740 -53.123 0.000 124.740 -42.877 0.000 125.526 -43.621 0.000
3 16  124.039 -53.948 0.000 124.740 -42.877 0.000 124.740 -53.123 0.000
3 16  124.039 -53.948 0.000 124.039 -42.052 0.000 124.740 -42.877 0.000
3 16  123.431 -54.844 0.000 124.039 -42.052 0.000 124.039 -53.948 0.000
3 16  123.431 -54.844 0.000 123.431 -41.155 0.000 124.039 -42.052 0.000
3 16  100.000 -56.000 0.000 123.431 -54.844 0.000 122.924 -55.801 0.000
3 16  123.431 -54.844 0.000 100.000 -56.000 0.000 123.431 -41.155 0.000
3 16  100.000 -56.000 0.000 122.924 -55.801 0.000 122.523 -56.807 0.000
3 16  123.431 -41.155 0.000 100.000 -56.000 0.000 122.924 -40.199 0.000
3 16  100.000 -56.000 0.000 122.523 -56.807 0.000 122.234 -57.850 0.000
3 16  122.924 -40.199 0.000 100.000 -56.000 0.000 122.523 -39.193 0.000
3 16  100.000 -56.000 0.000 122.234 -57.850 0.000 122.058 -58.919 0.000
3 16  122.523 -39.193 0.000 100.000 -56.000 0.000 122.234 -38.150 0.000
3 16  100.000 -56.000 0.000 122.058 -58.919 0.000 122.000 -60.000 0.000
3 16  122.234 -38.150 0.000 100.000 -56.000 0.000 122.058 -37.081 0.000
3 16  141.942 -58.919 0.000 144.000 -72.000 0.000 142.000 -60.000 0.000
3 16  144.000 -72.000 0.000 141.942 -61.081 0.000 142.000 -60.000 0.000
3 16  144.000 -72.000 0.000 141.766 -62.150 0.000 141.942 -61.081 0.000
3 16  144.000 -72.000 0.000 141.477 -63.193 0.000 141.766 -62.150 0.000
3 16  144.000 -72.000 0.000 141.076 -64.199 0.000 141.477 -63.193 0.000
3 16  144.000 -72.000 0.000 140.569 -65.156 0.000 141.076 -64.199 0.000
3 16  144.000 -72.000 0.000 139.961 -66.052 0.000 140.569 -65.156 0.000
3 16  144.000 -72.000 0.000 139.260 -66.877 0.000 139.961 -66.052 0.000
3 16  144.000 -72.000 0.000 138.474 -67.621 0.000 139.260 -66.877 0.000
3 16  144.000 -72.000 0.000 137.612 -68.277 0.000 138.474 -67.621 0.000
3 16  144.000 -72.000 0.000 136.684 -68.835 0.000 137.612 -68.277 0.000
3 16  144.000 -72.000 0.000 135.702 -69.290 0.000 136.684 -68.835 0.000
3 16  144.000 -72.000 0.000 134.675 -69.635 0.000 135.702 -69.290 0.000
3 16  144.000 -72.000 0.000 133.618 -69.868 0.000 134.675 -69.635 0.000
3 16  144.000 -72.000 0.000 132.541 -69.985 0.000 133.618 -69.868 0.000
3 16  144.000 -72.000 0.000 131.458 -69.985 0.000 132.541 -69.985 0.000
3 16  120.000 -72.000 0.000 131.458 -69.985 0.000 144.000 -72.000 0.000
3 16  122.058 -37.081 0.000 100.000 -56.000 0.000 122.000 -36.000 0.000
3 16  122.058 -61.081 0.000 100.000 -56.000 0.000 122.000 -60.000 0.000
3 16  122.234 -62.150 0.000 100.000 -56.000 0.000 122.058 -61.081 0.000
3 16  100.000 -56.000 0.000 122.234 -62.150 0.000 120.000 -72.000 0.000
3 16  122.523 -63.193 0.000 120.000 -72.000 0.000 122.234 -62.150 0.000
3 16  122.924 -64.199 0.000 120.000 -72.000 0.000 122.523 -63.193 0.000
3 16  123.431 -65.156 0.000 120.000 -72.000 0.000 122.924 -64.199 0.000
3 16  124.039 -66.052 0.000 120.000 -72.000 0.000 123.431 -65.156 0.000
3 16  124.740 -66.877 0.000 120.000 -72.000 0.000 124.039 -66.052 0.000
3 16  125.526 -67.621 0.000 120.000 -72.000 0.000 124.740 -66.877 0.000
3 16  126.388 -68.277 0.000 120.000 -72.000 0.000 125.526 -67.621 0.000
3 16  127.316 -68.835 0.000 120.000 -72.000 0.000 126.388 -68.277 0.000
3 16  128.298 -69.290 0.000 120.000 -72.000 0.000 127.316 -68.835 0.000
3 16  129.325 -69.635 0.000 120.000 -72.000 0.000 128.298 -69.290 0.000
3 16  130.382 -69.868 0.000 120.000 -72.000 0.000 129.325 -69.635 0.000
3 16  131.458 -69.985 0.000 120.000 -72.000 0.000 130.382 -69.868 0.000
3 16  144.000 -72.000 0.000 142.000 -36.000 0.000 144.000 0.000 0.000
3 16  141.942 -34.919 0.000 144.000 0.000 0.000 142.000 -36.000 0.000
3 16  141.942 -10.919 0.000 144.000 0.000 0.000 142.000 -12.000 0.000
3 16  141.766 -9.850 0.000 144.000 0.000 0.000 141.942 -10.919 0.000
3 16  141.477 -8.807 0.000 144.000 0.000 0.000 141.766 -9.850 0.000
3 16  141.076 -7.801 0.000 144.000 0.000 0.000 141.477 -8.807 0.000
3 16  140.569 -6.844 0.000 144.000 0.000 0.000 141.076 -7.801 0.000
3 16  139.961 -5.948 0.000 144.000 0.000 0.000 140.569 -6.844 0.000
3 16  139.260 -5.123 0.000 144.000 0.000 0.000 139.961 -5.948 0.000
3 16  138.474 -4.378 0.000 144.000 0.000 0.000 139.260 -5.123 0.000
3 16  137.612 -3.723 0.000 144.000 0.000 0.000 138.474 -4.378 0.000
3 16  136.684 -3.165 0.000 144.000 0.000 0.000 137.612 -3.723 0.000
3 16  135.702 -2.710 0.000 144.000 0.000 0.000 136.684 -3.165 0.000
3 16  134.675 -2.365 0.000 144.000 0.000 0.000 135.702 -2.710 0.000
3 16  133.618 -2.132 0.000 144.000 0.000 0.000 134.675 -2.365 0.000
3 16  132.541 -2.015 0.000 144.000 0.000 0.000 133.618 -2.132 0.000
3 16  131.458 -2.015 0.000 144.000 0.000 0.000 132.541 -2.015 0.000
3 16  130.382 -2.132 0.000 144.000 0.000 0.000 131.458 -2.015 0.000
3 16  100.000 -16.000 0.000 122.000 -36.000 0.000 100.000 -56.000 0.000
3 16  122.058 -13.081 0.000 100.000 -16.000 0.000 122.000 -12.000 0.000
3 16  122.000 -12.000 0.000 100.000 -16.000 0.000 122.058 -10.919 0.000
3 16  122.058 -10.919 0.000 100.000 -16.000 0.000 122.234 -9.850 0.000
3 16  122.234 -9.850 0.000 100.000 -16.000 0.000 122.523 -8.807 0.000
3 16  122.523 -8.807 0.000 100.000 -16.000 0.000 122.924 -7.801 0.000
3 16  100.000 -16.000 0.000 123.431 -6.844 0.000 122.924 -7.801 0.000
3 16  100.000 -16.000 0.000 124.039 -5.948 0.000 123.431 -6.844 0.000
3 16  100.000 -16.000 0.000 124.740 -5.123 0.000 124.039 -5.948 0.000
3 16  100.000 -16.000 0.000 125.526 -4.378 0.000 124.740 -5.123 0.000
3 16  100.000 -16.000 0.000 126.388 -3.723 0.000 125.526 -4.378 0.000
3 16  0.000 0.000 0.000 126.388 -3.723 0.000 100.000 -16.000 0.000
3 16  0.000 0.000 0.000 100.000 -16.000 0.000 17.500 -16.000 0.000
3 16  126.388 -3.723 0.000 0.000 0.000 0.000 127.316 -3.165 0.000
3 16  127.316 -3.165 0.000 0.000 0.000 0.000 128.298 -2.710 0.000
3 16  128.298 -2.710 0.000 0.000 0.000 0.000 129.325 -2.365 0.000
3 16  129.325 -2.365 0.000 0.000 0.000 0.000 130.382 -2.132 0.000
3 16  130.382 -2.132 0.000 0.000 0.000 0.000 144.000 0.000 0.000
3 16  0.000 0.000 0.000 17.500 -16.000 0.000 0.000 -21.000 0.000
3 16  17.500 -51.000 12.000 0.000 -51.000 12.000 17.500 -56.000 12.000
3 16  141.942 -58.919 12.000 144.000 -72.000 12.000 141.942 -37.081 12.000
3 16  144.000 -72.000 12.000 141.942 -58.919 12.000 142.000 -60.000 12.000
3 16  141.766 -38.150 12.000 141.942 -58.919 12.000 141.942 -37.081 12.000
3 16  141.766 -38.150 12.000 141.766 -57.850 12.000 141.942 -58.919 12.000
3 16  141.477 -39.193 12.000 141.766 -57.850 12.000 141.766 -38.150 12.000
3 16  141.477 -39.193 12.000 141.477 -56.807 12.000 141.766 -57.850 12.000
3 16  141.076 -40.199 12.000 141.477 -56.807 12.000 141.477 -39.193 12.000
3 16  141.076 -40.199 12.000 141.076 -55.801 12.000 141.477 -56.807 12.000
3 16  140.569 -41.155 12.000 141.076 -55.801 12.000 141.076 -40.199 12.000
3 16  140.569 -41.155 12.000 140.569 -54.844 12.000 141.076 -55.801 12.000
3 16  139.961 -42.052 12.000 140.569 -54.844 12.000 140.569 -41.155 12.000
3 16  139.961 -42.052 12.000 139.961 -53.948 12.000 140.569 -54.844 12.000
3 16  139.260 -42.877 12.000 139.961 -53.948 12.000 139.961 -42.052 12.000
3 16  139.260 -42.877 12.000 139.260 -53.123 12.000 139.961 -53.948 12.000
3 16  138.474 -43.621 12.000 139.260 -53.123 12.000 139.260 -42.877 12.000
3 16  138.474 -43.621 12.000 138.474 -52.379 12.000 139.260 -53.123 12.000
3 16  137.612 -44.277 12.000 138.474 -52.379 12.000 138.474 -43.621 12.000
3 16  137.612 -44.277 12.000 137.612 -51.723 12.000 138.474 -52.379 12.000
3 16  136.684 -44.835 12.000 137.612 -51.723 12.000 137.612 -44.277 12.000
3 16  136.684 -44.835 12.000 136.684 -51.165 12.000 137.612 -51.723 12.000
3 16  135.702 -45.290 12.000 136.684 -51.165 12.000 136.684 -44.835 12.000
3 16  135.702 -45.290 12.000 135.702 -50.710 12.000 136.684 -51.165 12.000
3 16  134.675 -45.636 12.000 135.702 -50.710 12.000 135.702 -45.290 12.000
3 16  134.675 -45.636 12.000 134.675 -50.365 12.000 135.702 -50.710 12.000
3 16  133.618 -45.868 12.000 134.675 -50.365 12.000 134.675 -45.636 12.000
3 16  133.618 -45.868 12.000 133.618 -50.132 12.000 134.675 -50.365 12.000
3 16  132.541 -45.985 12.000 133.618 -50.132 12.000 133.618 -45.868 12.000
3 16  132.541 -45.985 12.000 132.541 -50.015 12.000 133.618 -50.132 12.000
3 16  131.458 -45.985 12.000 132.541 -50.015 12.000 132.541 -45.985 12.000
3 16  131.458 -45.985 12.000 131.458 -50.015 12.000 132.541 -50.015 12.000
3 16  130.382 -45.868 12.000 131.458 -50.015 12.000 131.458 -45.985 12.000
3 16  130.382 -45.868 12.000 130.382 -50.132 12.000 131.458 -50.015 12.000
3 16  129.325 -45.636 12.000 130.382 -50.132 12.000 130.382 -45.868 12.000
3 16  129.325 -45.636 12.000 129.325 -50.365 12.000 130.382 -50.132 12.000
3 16  128.298 -45.290 12.000 129.325 -50.365 12.000 129.325 -45.636 12.000
3 16  128.298 -45.290 12.000 128.298 -50.710 12.000 129.325 -50.365 12.000
3 16  127.316 -44.835 12.000 128.298 -50.710 12.000 128.298 -45.290 12.000
3 16  127.316 -44.835 12.000 127.316 -51.165 12.000 128.298 -50.710 12.000
3 16  126.388 -44.277 12.000 127.316 -51.165 12.000 127.316 -44.835 12.000
3 16  126.388 -44.277 12.000 126.388 -51.723 12.000 127.316 -51.165 12.000
3 16  125.526 -43.621 12.000 126.388 -51.723 12.000 126.388 -44.277 12.000
3 16  125.526 -43.621 12.000 125.526 -52.379 12.000 126.388 -51.723 12.000
3 16  124.740 -42.877 12.000 125.526 -52.379 12.000 125.526 -43.621 12.000
3 16  124.740 -42.877 12.000 124.740 -53.123 12.000 125.526 -52.379 12.000
3 16  124.039 -42.052 12.000 124.740 -53.123 12.000 124.740 -42.877 12.000
3 16  124.039 -42.052 12.000 124.039 -53.948 12.000 124.740 -53.123 12.000
3 16  123.431 -41.155 12.000 124.039 -53.948 12.000 124.039 -42.052 12.000
3 16  123.431 -41.155 12.000 123.431 -54.844 12.000 124.039 -53.948 12.000
3 16  100.000 -56.000 12.000 123.431 -41.155 12.000 122.924 -40.199 12.000
3 16  123.431 -41.155 12.000 100.000 -56.000 12.000 123.431 -54.844 12.000
3 16  100.000 -56.000 12.000 122.924 -40.199 12.000 122.523 -39.193 12.000
3 16  123.431 -54.844 12.000 100.000 -56.000 12.000 122.924 -55.801 12.000
3 16  100.000 -56.000 12.000 122.523 -39.193 12.000 122.234 -38.150 12.000
3 16  122.924 -55.801 12.000 100.000 -56.000 12.000 122.523 -56.807 12.000
3 16  100.000 -56.000 12.000 122.234 -38.150 12.000 122.058 -37.081 12.000
3 16  122.523 -56.807 12.000 100.000 -56.000 12.000 122.234 -57.850 12.000
3 16  100.000 -56.000 12.000 122.058 -37.081 12.000 122.000 -36.000 12.000
3 16  122.234 -57.850 12.000 100.000 -56.000 12.000 122.058 -58.919 12.000
3 16  141.942 -34.919 12.000 144.000 0.000 12.000 141.942 -13.081 12.000
3 16  144.000 0.000 12.000 141.942 -34.919 12.000 142.000 -36.000 12.000
3 16  141.766 -14.150 12.000 141.942 -34.919 12.000 141.942 -13.081 12.000
3 16  141.766 -14.150 12.000 141.766 -33.850 12.000 141.942 -34.919 12.000
3 16  141.477 -15.193 12.000 141.766 -33.850 12.000 141.766 -14.150 12.000
3 16  141.477 -15.193 12.000 141.477 -32.807 12.000 141.766 -33.850 12.000
3 16  141.076 -16.199 12.000 141.477 -32.807 12.000 141.477 -15.193 12.000
3 16  141.076 -16.199 12.000 141.076 -31.801 12.000 141.477 -32.807 12.000
3 16  140.569 -17.156 12.000 141.076 -31.801 12.000 141.076 -16.199 12.000
3 16  140.569 -17.156 12.000 140.569 -30.845 12.000 141.076 -31.801 12.000
3 16  139.961 -18.052 12.000 140.569 -30.845 12.000 140.569 -17.156 12.000
3 16  139.961 -18.052 12.000 139.961 -29.948 12.000 140.569 -30.845 12.000
3 16  139.260 -18.877 12.000 139.961 -29.948 12.000 139.961 -18.052 12.000
3 16  139.260 -18.877 12.000 139.260 -29.123 12.000 139.961 -29.948 12.000
3 16  138.474 -19.622 12.000 139.260 -29.123 12.000 139.260 -18.877 12.000
3 16  138.474 -19.622 12.000 138.474 -28.378 12.000 139.260 -29.123 12.000
3 16  137.612 -20.277 12.000 138.474 -28.378 12.000 138.474 -19.622 12.000
3 16  137.612 -20.277 12.000 137.612 -27.723 12.000 138.474 -28.378 12.000
3 16  136.684 -20.835 12.000 137.612 -27.723 12.000 137.612 -20.277 12.000
3 16  136.684 -20.835 12.000 136.684 -27.165 12.000 137.612 -27.723 12.000
3 16  135.702 -21.290 12.000 136.684 -27.165 12.000 136.684 -20.835 12.000
3 16  135.702 -21.290 12.000 135.702 -26.710 12.000 136.684 -27.165 12.000
3 16  134.675 -21.636 12.000 135.702 -26.710 12.000 135.702 -21.290 12.000
3 16  134.675 -21.636 12.000 134.675 -26.364 12.000 135.702 -26.710 12.000
3 16  133.618 -21.868 12.000 134.675 -26.364 12.000 134.675 -21.636 12.000
3 16  133.618 -21.868 12.000 133.618 -26.132 12.000 134.675 -26.364 12.000
3 16  132.541 -21.985 12.000 133.618 -26.132 12.000 133.618 -21.868 12.000
3 16  132.541 -21.985 12.000 132.541 -26.015 12.000 133.618 -26.132 12.000
3 16  131.458 -21.985 12.000 132.541 -26.015 12.000 132.541 -21.985 12.000
3 16  131.458 -21.985 12.000 131.458 -26.015 12.000 132.541 -26.015 12.000
3 16  130.382 -21.868 12.000 131.458 -26.015 12.000 131.458 -21.985 12.000
3 16  130.382 -21.868 12.000 130.382 -26.132 12.000 131.458 -26.015 12.000
3 16  129.325 -21.636 12.000 130.382 -26.132 12.000 130.382 -21.868 12.000
3 16  129.325 -21.636 12.000 129.325 -26.364 12.000 130.382 -26.132 12.000
3 16  128.298 -21.290 12.000 129.325 -26.364 12.000 129.325 -21.636 12.000
3 16  128.298 -21.290 12.000 128.298 -26.710 12.000 129.325 -26.364 12.000
3 16  127.316 -20.835 12.000 128.298 -26.710 12.000 128.298 -21.290 12.000
3 16  127.316 -20.835 12.000 127.316 -27.165 12.000 128.298 -26.710 12.000
3 16  126.388 -20.277 12.000 127.316 -27.165 12.000 127.316 -20.835 12.000
3 16  126.388 -20.277 12.000 126.388 -27.723 12.000 127.316 -27.165 12.000
3 16  125.526 -19.622 12.000 126.388 -27.723 12.000 126.388 -20.277 12.000
3 16  125.526 -19.622 12.000 125.526 -28.378 12.000 126.388 -27.723 12.000
3 16  124.740 -18.877 12.000 125.526 -28.378 12.000 125.526 -19.622 12.000
3 16  124.740 -18.877 12.000 124.740 -29.123 12.000 125.526 -28.378 12.000
3 16  124.039 -18.052 12.000 124.740 -29.123 12.000 124.740 -18.877 12.000
3 16  124.039 -18.052 12.000 124.039 -29.948 12.000 124.740 -29.123 12.000
3 16  123.431 -17.156 12.000 124.039 -29.948 12.000 124.039 -18.052 12.000
3 16  123.431 -17.156 12.000 123.431 -30.845 12.000 124.039 -29.948 12.000
3 16  100.000 -16.000 12.000 123.431 -17.156 12.000 122.924 -16.199 12.000
3 16  123.431 -17.156 12.000 100.000 -16.000 12.000 123.431 -30.845 12.000
3 16  100.000 -16.000 12.000 122.924 -16.199 12.000 122.523 -15.193 12.000
3 16  123.431 -30.845 12.000 100.000 -16.000 12.000 122.924 -31.801 12.000
3 16  100.000 -16.000 12.000 122.523 -15.193 12.000 122.234 -14.150 12.000
3 16  122.924 -31.801 12.000 100.000 -16.000 12.000 122.523 -32.807 12.000
3 16  100.000 -16.000 12.000 122.234 -14.150 12.000 122.058 -13.081 12.000
3 16  122.523 -32.807 12.000 100.000 -16.000 12.000 122.234 -33.850 12.000
3 16  100.000 -16.000 12.000 122.058 -13.081 12.000 122.000 -12.000 12.000
3 16  122.234 -33.850 12.000 100.000 -16.000 12.000 122.058 -34.919 12.000
3 16  141.942 -13.081 12.000 144.000 0.000 12.000 142.000 -12.000 12.000
3 16  144.000 0.000 12.000 141.942 -10.919 12.000 142.000 -12.000 12.000
3 16  144.000 0.000 12.000 141.766 -9.850 12.000 141.942 -10.919 12.000
3 16  144.000 0.000 12.000 141.477 -8.807 12.000 141.766 -9.850 12.000
3 16  144.000 0.000 12.000 141.076 -7.801 12.000 141.477 -8.807 12.000
3 16  144.000 0.000 12.000 140.569 -6.844 12.000 141.076 -7.801 12.000
3 16  144.000 0.000 12.000 139.961 -5.948 12.000 140.569 -6.844 12.000
3 16  144.000 0.000 12.000 139.260 -5.123 12.000 139.961 -5.948 12.000
3 16  144.000 0.000 12.000 138.474 -4.378 12.000 139.260 -5.123 12.000
3 16  144.000 0.000 12.000 137.612 -3.723 12.000 138.474 -4.378 12.000
3 16  144.000 0.000 12.000 136.684 -3.165 12.000 137.612 -3.723 12.000
3 16  144.000 0.000 12.000 135.702 -2.710 12.000 136.684 -3.165 12.000
3 16  144.000 0.000 12.000 134.675 -2.365 12.000 135.702 -2.710 12.000
3 16  144.000 0.000 12.000 133.618 -2.132 12.000 134.675 -2.365 12.000
3 16  144.000 0.000 12.000 132.541 -2.015 12.000 133.618 -2.132 12.000
3 16  144.000 0.000 12.000 131.458 -2.015 12.000 132.541 -2.015 12.000
3 16  144.000 0.000 12.000 130.382 -2.132 12.000 131.458 -2.015 12.000
3 16  122.058 -34.919 12.000 100.000 -16.000 12.000 122.000 -36.000 12.000
3 16  122.058 -58.919 12.000 100.000 -56.000 12.000 122.000 -60.000 12.000
3 16  122.000 -36.000 12.000 100.000 -16.000 12.000 100.000 -56.000 12.000
3 16  122.058 -10.919 12.000 100.000 -16.000 12.000 122.000 -12.000 12.000
3 16  122.234 -9.850 12.000 100.000 -16.000 12.000 122.058 -10.919 12.000
3 16  122.523 -8.807 12.000 100.000 -16.000 12.000 122.234 -9.850 12.000
3 16  122.924 -7.801 12.000 100.000 -16.000 12.000 122.523 -8.807 12.000
3 16  123.431 -6.844 12.000 100.000 -16.000 12.000 122.924 -7.801 12.000
3 16  124.039 -5.948 12.000 100.000 -16.000 12.000 123.431 -6.844 12.000
3 16  124.740 -5.123 12.000 100.000 -16.000 12.000 124.039 -5.948 12.000
3 16  125.526 -4.378 12.000 100.000 -16.000 12.000 124.740 -5.123 12.000
3 16  126.388 -3.723 12.000 100.000 -16.000 12.000 125.526 -4.378 12.000
3 16  0.000 0.000 12.000 126.388 -3.723 12.000 127.316 -3.165 12.000
3 16  126.388 -3.723 12.000 0.000 0.000 12.000 100.000 -16.000 12.000
3 16  0.000 0.000 12.000 127.316 -3.165 12.000 128.298 -2.710 12.000
3 16  0.000 0.000 12.000 128.298 -2.710 12.000 129.325 -2.365 12.000
3 16  0.000 0.000 12.000 129.325 -2.365 12.000 130.382 -2.132 12.000
3 16  0.000 0.000 12.000 130.382 -2.132 12.000 144.000 0.000 12.000
3 16  100.000 -16.000 12.000 0.000 0.000 12.000 17.500 -16.000 12.000
3 16  0.000 -21.000 12.000 17.500 -16.000 12.000 0.000 0.000 12.000
3 16  17.500 -16.000 12.000 0.000 -21.000 12.000 17.500 -21.000 12.000
3 16  144.000 0.000 12.000 142.000 -36.000 12.000 144.000 -72.000 12.000
3 16  141.942 -37.081 12.000 144.000 -72.000 12.000 142.000 -36.000 12.000
3 16  141.942 -61.081 12.000 144.000 -72.000 12.000 142.000 -60.000 12.000
3 16  141.766 -62.150 12.000 144.000 -72.000 12.000 141.942 -61.081 12.000
3 16  141.477 -63.193 12.000 144.000 -72.000 12.000 141.766 -62.150 12.000
3 16  141.076 -64.199 12.000 144.000 -72.000 12.000 141.477 -63.193 12.000
3 16  140.569 -65.156 12.000 144.000 -72.000 12.000 141.076 -64.199 12.000
3 16  139.961 -66.052 12.000 144.000 -72.000 12.000 140.569 -65.156 12.000
3 16  139.260 -66.877 12.000 144.000 -72.000 12.000 139.961 -66.052 12.000
3 16  138.474 -67.621 12.000 144.000 -72.000 12.000 139.260 -66.877 12.000
3 16  137.612 -68.277 12.000 144.000 -72.000 12.000 138.474 -67.621 12.000
3 16  136.684 -68.835 12.000 144.000 -72.000 12.000 137.612 -68.277 12.000
3 16  135.702 -69.290 12.000 144.000 -72.000 12.000 136.684 -68.835 12.000
3 16  134.675 -69.635 12.000 144.000 -72.000 12.000 135.702 -69.290 12.000
3 16  133.618 -69.868 12.000 144.000 -72.000 12.000 134.675 -69.635 12.000
3 16  132.541 -69.985 12.000 144.000 -72.000 12.000 133.618 -69.868 12.000
3 16  131.458 -69.985 12.000 144.000 -72.000 12.000 132.541 -69.985 12.000
3 16  120.000 -72.000 12.000 131.458 -69.985 12.000 130.382 -69.868 12.000
3 16  131.458 -69.985 12.000 120.000 -72.000 12.000 144.000 -72.000 12.000
3 16  129.325 -69.635 12.000 120.000 -72.000 12.000 130.382 -69.868 12.000
3 16  128.298 -69.290 12.000 120.000 -72.000 12.000 129.325 -69.635 12.000
3 16  127.316 -68.835 12.000 120.000 -72.000 12.000 128.298 -69.290 12.000
3 16  126.388 -68.277 12.000 120.000 -72.000 12.000 127.316 -68.835 12.000
3 16  125.526 -67.621 12.000 120.000 -72.000 12.000 126.388 -68.277 12.000
3 16  124.740 -66.877 12.000 120.000 -72.000 12.000 125.526 -67.621 12.000
3 16  124.039 -66.052 12.000 120.000 -72.000 12.000 124.740 -66.877 12.000
3 16  123.431 -65.156 12.000 120.000 -72.000 12.000 124.039 -66.052 12.000
3 16  122.924 -64.199 12.000 120.000 -72.000 12.000 123.431 -65.156 12.000
3 16  122.523 -63.193 12.000 120.000 -72.000 12.000 122.924 -64.199 12.000
3 16  122.234 -62.150 12.000 120.000 -72.000 12.000 122.523 -63.193 12.000
3 16  122.058 -61.081 12.000 120.000 -72.000 12.000 122.234 -62.150 12.000
3 16  120.000 -72.000 12.000 122.058 -61.081 12.000 122.000 -60.000 12.000
3 16  122.000 -60.000 12.000 100.000 -56.000 12.000 120.000 -72.000 12.000
3 16  0.000 -72.000 12.000 100.000 -56.000 12.000 17.500 -56.000 12.000
3 16  100.000 -56.000 12.000 0.000 -72.000 12.000 120.000 -72.000 12.000
3 16  0.000 -72.000 12.000 17.500 -56.000 12.000 0.000 -51.000 12.000
3 16  124.187 -10.280 6.000 124.047 -11.135 6.000 122.058 -10.919 0.000
3 16  122.234 -9.850 0.000 124.187 -10.280 6.000 122.058 -10.919 0.000
3 16  124.419 -9.446 6.000 124.187 -10.280 6.000 122.234 -9.850 0.000
3 16  122.523 -8.807 0.000 124.419 -9.446 6.000 122.234 -9.850 0.000
3 16  124.740 -8.641 6.000 124.419 -9.446 6.000 122.523 -8.807 0.000
3 16  122.924 -7.801 0.000 124.740 -8.641 6.000 122.523 -8.807 0.000
3 16  125.145 -7.876 6.000 124.740 -8.641 6.000 122.924 -7.801 0.000
3 16  123.431 -6.844 0.000 125.145 -7.876 6.000 122.924 -7.801 0.000
3 16  125.631 -7.159 6.000 125.145 -7.876 6.000 123.431 -6.844 0.000
3 16  124.039 -5.948 0.000 125.631 -7.159 6.000 123.431 -6.844 0.000
3 16  126.192 -6.498 6.000 125.631 -7.159 6.000 124.039 -5.948 0.000
3 16  124.740 -5.123 0.000 126.192 -6.498 6.000 124.039 -5.948 0.000
3 16  126.821 -5.903 6.000 126.192 -6.498 6.000 124.740 -5.123 0.000
3 16  125.526 -4.378 0.000 126.821 -5.903 6.000 124.740 -5.123 0.000
3 16  127.510 -5.379 6.000 126.821 -5.903 6.000 125.526 -4.378 0.000
3 16  126.388 -3.723 0.000 127.510 -5.379 6.000 125.526 -4.378 0.000
3 16  128.253 -4.932 6.000 127.510 -5.379 6.000 126.388 -3.723 0.000
3 16  127.316 -3.165 0.000 128.253 -4.932 6.000 126.388 -3.723 0.000
3 16  129.039 -4.568 6.000 128.253 -4.932 6.000 127.316 -3.165 0.000
3 16  128.298 -2.710 0.000 129.039 -4.568 6.000 127.316 -3.165 0.000
3 16  129.860 -4.292 6.000 129.039 -4.568 6.000 128.298 -2.710 0.000
3 16  129.325 -2.365 0.000 129.860 -4.292 6.000 128.298 -2.710 0.000
3 16  130.706 -4.105 6.000 129.860 -4.292 6.000 129.325 -2.365 0.000
3 16  130.382 -2.132 0.000 130.706 -4.105 6.000 129.325 -2.365 0.000
3 16  131.567 -4.012 6.000 130.706 -4.105 6.000 130.382 -2.132 0.000
3 16  131.458 -2.015 0.000 131.567 -4.012 6.000 130.382 -2.132 0.000
3 16  131.458 -2.015 0.000 132.433 -4.012 6.000 131.567 -4.012 6.000
3 16  132.433 -4.012 6.000 131.458 -2.015 0.000 132.541 -2.015 0.000
3 16  132.541 -2.015 0.000 133.294 -4.105 6.000 132.433 -4.012 6.000
3 16  133.618 -2.132 0.000 133.294 -4.105 6.000 132.541 -2.015 0.000
3 16  133.618 -2.132 0.000 134.140 -4.292 6.000 133.294 -4.105 6.000
3 16  134.675 -2.365 0.000 134.140 -4.292 6.000 133.618 -2.132 0.000
3 16  134.675 -2.365 0.000 134.961 -4.568 6.000 134.140 -4.292 6.000
3 16  135.702 -2.710 0.000 134.961 -4.568 6.000 134.675 -2.365 0.000
3 16  135.702 -2.710 0.000 135.747 -4.932 6.000 134.961 -4.568 6.000
3 16  136.684 -3.165 0.000 135.747 -4.932 6.000 135.702 -2.710 0.000
3 16  136.684 -3.165 0.000 136.489 -5.379 6.000 135.747 -4.932 6.000
3 16  136.684 -3.165 0.000 137.612 -3.723 0.000 136.489 -5.379 6.000
3 16  137.612 -3.723 0.000 137.179 -5.903 6.000 136.489 -5.379 6.000
3 16  137.612 -3.723 0.000 138.474 -4.378 0.000 137.179 -5.903 6.000
3 16  138.474 -4.378 0.000 137.808 -6.498 6.000 137.179 -5.903 6.000
3 16  138.474 -4.378 0.000 139.260 -5.123 0.000 137.808 -6.498 6.000
3 16  139.260 -5.123 0.000 138.369 -7.159 6.000 137.808 -6.498 6.000
3 16  139.260 -5.123 0.000 139.961 -5.948 0.000 138.369 -7.159 6.000
3 16  139.961 -5.948 0.000 138.855 -7.876 6.000 138.369 -7.159 6.000
3 16  139.961 -5.948 0.000 140.569 -6.844 0.000 138.855 -7.876 6.000
3 16  140.569 -6.844 0.000 139.261 -8.641 6.000 138.855 -7.876 6.000
3 16  140.569 -6.844 0.000 141.076 -7.801 0.000 139.261 -8.641 6.000
3 16  141.076 -7.801 0.000 139.581 -9.446 6.000 139.261 -8.641 6.000
3 16  141.076 -7.801 0.000 141.477 -8.807 0.000 139.581 -9.446 6.000
3 16  141.477 -8.807 0.000 139.813 -10.280 6.000 139.581 -9.446 6.000
3 16  141.477 -8.807 0.000 141.766 -9.850 0.000 139.813 -10.280 6.000
3 16  141.766 -9.850 0.000 139.953 -11.135 6.000 139.813 -10.280 6.000
3 16  141.766 -9.850 0.000 141.942 -10.919 0.000 139.953 -11.135 6.000
3 16  141.942 -10.919 0.000 140.000 -12.000 6.000 139.953 -11.135 6.000
3 16  141.942 -10.919 0.000 142.000 -12.000 0.000 140.000 -12.000 6.000
3 16  140.000 -12.000 6.000 142.000 -12.000 0.000 139.953 -12.865 6.000
3 16  142.000 -12.000 0.000 141.942 -13.081 0.000 139.953 -12.865 6.000
3 16  139.953 -12.865 6.000 141.942 -13.081 0.000 139.813 -13.720 6.000
3 16  141.942 -13.081 0.000 141.766 -14.150 0.000 139.813 -13.720 6.000
3 16  139.813 -13.720 6.000 141.766 -14.150 0.000 139.581 -14.554 6.000
3 16  141.766 -14.150 0.000 141.477 -15.193 0.000 139.581 -14.554 6.000
3 16  139.581 -14.554 6.000 141.477 -15.193 0.000 139.261 -15.359 6.000
3 16  141.477 -15.193 0.000 141.076 -16.199 0.000 139.261 -15.359 6.000
3 16  139.261 -15.359 6.000 141.076 -16.199 0.000 138.855 -16.124 6.000
3 16  141.076 -16.199 0.000 140.569 -17.156 0.000 138.855 -16.124 6.000
3 16  138.855 -16.124 6.000 140.569 -17.156 0.000 138.369 -16.841 6.000
3 16  140.569 -17.156 0.000 139.961 -18.052 0.000 138.369 -16.841 6.000
3 16  138.369 -16.841 6.000 139.961 -18.052 0.000 137.808 -17.502 6.000
3 16  139.961 -18.052 0.000 139.260 -18.877 0.000 137.808 -17.502 6.000
3 16  137.808 -17.502 6.000 139.260 -18.877 0.000 137.179 -18.097 6.000
3 16  139.260 -18.877 0.000 138.474 -19.622 0.000 137.179 -18.097 6.000
3 16  137.179 -18.097 6.000 138.474 -19.622 0.000 136.489 -18.622 6.000
3 16  138.474 -19.622 0.000 137.612 -20.277 0.000 136.489 -18.622 6.000
3 16  136.489 -18.622 6.000 137.612 -20.277 0.000 135.747 -19.068 6.000
3 16  137.612 -20.277 0.000 136.684 -20.835 0.000 135.747 -19.068 6.000
3 16  135.747 -19.068 6.000 136.684 -20.835 0.000 134.961 -19.432 6.000
3 16  136.684 -20.835 0.000 135.702 -21.290 0.000 134.961 -19.432 6.000
3 16  134.961 -19.432 6.000 135.702 -21.290 0.000 134.140 -19.708 6.000
3 16  135.702 -21.290 0.000 134.675 -21.636 0.000 134.140 -19.708 6.000
3 16  134.140 -19.708 6.000 134.675 -21.636 0.000 133.294 -19.895 6.000
3 16  134.675 -21.636 0.000 133.618 -21.868 0.000 133.294 -19.895 6.000
3 16  133.294 -19.895 6.000 133.618 -21.868 0.000 132.433 -19.988 6.000
3 16  133.618 -21.868 0.000 132.541 -21.985 0.000 132.433 -19.988 6.000
3 16  132.541 -21.985 0.000 131.567 -19.988 6.000 132.433 -19.988 6.000
3 16  131.567 -19.988 6.000 132.541 -21.985 0.000 131.458 -21.985 0.000
3 16  131.567 -19.988 6.000 131.458 -21.985 0.000 130.706 -19.895 6.000
3 16  130.706 -19.895 6.000 131.458 -21.985 0.000 130.382 -21.868 0.000
3 16  130.706 -19.895 6.000 130.382 -21.868 0.000 129.860 -19.708 6.000
3 16  129.860 -19.708 6.000 130.382 -21.868 0.000 129.325 -21.636 0.000
3 16  129.860 -19.708 6.000 129.325 -21.636 0.000 129.039 -19.432 6.000
3 16  129.039 -19.432 6.000 129.325 -21.636 0.000 128.298 -21.290 0.000
3 16  129.039 -19.432 6.000 128.298 -21.290 0.000 128.253 -19.068 6.000
3 16  128.253 -19.068 6.000 128.298 -21.290 0.000 127.316 -20.835 0.000
3 16  127.510 -18.622 6.000 128.253 -19.068 6.000 127.316 -20.835 0.000
3 16  127.510 -18.622 6.000 127.316 -20.835 0.000 126.388 -20.277 0.000
3 16  126.821 -18.097 6.000 127.510 -18.622 6.000 126.388 -20.277 0.000
3 16  126.821 -18.097 6.000 126.388 -20.277 0.000 125.526 -19.622 0.000
3 16  126.192 -17.502 6.000 126.821 -18.097 6.000 125.526 -19.622 0.000
3 16  126.192 -17.502 6.000 125.526 -19.622 0.000 124.740 -18.877 0.000
3 16  125.631 -16.841 6.000 126.192 -17.502 6.000 124.740 -18.877 0.000
3 16  125.631 -16.841 6.000 124.740 -18.877 0.000 124.039 -18.052 0.000
3 16  125.145 -16.124 6.000 125.631 -16.841 6.000 124.039 -18.052 0.000
3 16  125.145 -16.124 6.000 124.039 -18.052 0.000 123.431 -17.156 0.000
3 16  124.740 -15.359 6.000 125.145 -16.124 6.000 123.431 -17.156 0.000
3 16  124.740 -15.359 6.000 123.431 -17.156 0.000 122.924 -16.199 0.000
3 16  124.419 -14.554 6.000 124.740 -15.359 6.000 122.924 -16.199 0.000
3 16  124.419 -14.554 6.000 122.924 -16.199 0.000 122.523 -15.193 0.000
3 16  124.187 -13.720 6.000 124.419 -14.554 6.000 122.523 -15.193 0.000
3 16  124.187 -13.720 6.000 122.523 -15.193 0.000 122.234 -14.150 0.000
3 16  124.047 -12.865 6.000 124.187 -13.720 6.000 122.234 -14.150 0.000
3 16  124.047 -12.865 6.000 122.234 -14.150 0.000 122.058 -13.081 0.000
3 16  124.000 -12.000 6.000 124.047 -12.865 6.000 122.058 -13.081 0.000
3 16  124.000 -12.000 6.000 122.058 -13.081 0.000 122.000 -12.000 0.000
3 16  124.047 -11.135 6.000 124.000 -12.000 6.000 122.000 -12.000 0.000
3 16  122.058 -10.919 0.000 124.047 -11.135 6.000 122.000 -12.000 0.000
3 16  139.953 -11.135 6.000 141.942 -10.919 12.000 139.813 -10.280 6.000
3 16  141.942 -10.919 12.000 141.766 -9.850 12.000 139.813 -10.280 6.000
3 16  139.813 -10.280 6.000 141.766 -9.850 12.000 139.581 -9.446 6.000
3 16  141.766 -9.850 12.000 141.477 -8.807 12.000 139.581 -9.446 6.000
3 16  139.581 -9.446 6.000 141.477 -8.807 12.000 139.261 -8.641 6.000
3 16  141.477 -8.807 12.000 141.076 -7.801 12.000 139.261 -8.641 6.000
3 16  139.261 -8.641 6.000 141.076 -7.801 12.000 138.855 -7.876 6.000
3 16  141.076 -7.801 12.000 140.569 -6.844 12.000 138.855 -7.876 6.000
3 16  138.855 -7.876 6.000 140.569 -6.844 12.000 138.369 -7.159 6.000
3 16  140.569 -6.844 12.000 139.961 -5.948 12.000 138.369 -7.159 6.000
3 16  138.369 -7.159 6.000 139.961 -5.948 12.000 137.808 -6.498 6.000
3 16  139.961 -5.948 12.000 139.260 -5.123 12.000 137.808 -6.498 6.000
3 16  137.808 -6.498 6.000 139.260 -5.123 12.000 137.179 -5.903 6.000
3 16  139.260 -5.123 12.000 138.474 -4.378 12.000 137.179 -5.903 6.000
3 16  137.179 -5.903 6.000 138.474 -4.378 12.000 136.489 -5.379 6.000
3 16  138.474 -4.378 12.000 137.612 -3.723 12.000 136.489 -5.379 6.000
3 16  136.489 -5.379 6.000 137.612 -3.723 12.000 135.747 -4.932 6.000
3 16  137.612 -3.723 12.000 136.684 -3.165 12.000 135.747 -4.932 6.000
3 16  135.747 -4.932 6.000 136.684 -3.165 12.000 134.961 -4.568 6.000
3 16  136.684 -3.165 12.000 135.702 -2.710 12.000 134.961 -4.568 6.000
3 16  134.961 -4.568 6.000 135.702 -2.710 12.000 134.140 -4.292 6.000
3 16  135.702 -2.710 12.000 134.675 -2.365 12.000 134.140 -4.292 6.000
3 16  134.140 -4.292 6.000 134.675 -2.365 12.000 133.294 -4.105 6.000
3 16  134.675 -2.365 12.000 133.618 -2.132 12.000 133.294 -4.105 6.000
3 16  133.294 -4.105 6.000 133.618 -2.132 12.000 132.433 -4.012 6.000
3 16  133.618 -2.132 12.000 132.541 -2.015 12.000 132.433 -4.012 6.000
3 16  131.567 -4.012 6.000 132.541 -2.015 12.000 131.458 -2.015 12.000
3 16  132.541 -2.015 12.000 131.567 -4.012 6.000 132.433 -4.012 6.000
3 16  131.567 -4.012 6.000 131.458 -2.015 12.000 130.706 -4.105 6.000
3 16  130.706 -4.105 6.000 131.458 -2.015 12.000 130.382 -2.132 12.000
3 16  130.706 -4.105 6.000 130.382 -2.132 12.000 129.860 -4.292 6.000
3 16  129.860 -4.292 6.000 130.382 -2.132 12.000 129.325 -2.365 12.000
3 16  129.860 -4.292 6.000 129.325 -2.365 12.000 129.039 -4.568 6.000
3 16  129.039 -4.568 6.000 129.325 -2.365 12.000 128.298 -2.710 12.000
3 16  129.039 -4.568 6.000 128.298 -2.710 12.000 128.253 -4.932 6.000
3 16  128.253 -4.932 6.000 128.298 -2.710 12.000 127.316 -3.165 12.000
3 16  127.510 -5.379 6.000 128.253 -4.932 6.000 127.316 -3.165 12.000
3 16  127.510 -5.379 6.000 127.316 -3.165 12.000 126.388 -3.723 12.000
3 16  126.821 -5.903 6.000 127.510 -5.379 6.000 126.388 -3.723 12.000
3 16  126.821 -5.903 6.000 126.388 -3.723 12.000 125.526 -4.378 12.000
3 16  126.192 -6.498 6.000 126.821 -5.903 6.000 125.526 -4.378 12.000
3 16  126.192 -6.498 6.000 125.526 -4.378 12.000 124.740 -5.123 12.000
3 16  125.631 -7.159 6.000 126.192 -6.498 6.000 124.740 -5.123 12.000
3 16  125.631 -7.159 6.000 124.740 -5.123 12.000 124.039 -5.948 12.000
3 16  125.145 -7.876 6.000 125.631 -7.159 6.000 124.039 -5.948 12.000
3 16  125.145 -7.876 6.000 124.039 -5.948 12.000 123.431 -6.844 12.000
3 16  124.740 -8.641 6.000 125.145 -7.876 6.000 123.431 -6.844 12.000
3 16  124.740 -8.641 6.000 123.431 -6.844 12.000 122.924 -7.801 12.000
3 16  124.419 -9.446 6.000 124.740 -8.641 6.000 122.924 -7.801 12.000
3 16  124.419 -9.446 6.000 122.924 -7.801 12.000 122.523 -8.807 12.000
3 16  124.187 -10.280 6.000 124.419 -9.446 6.000 122.523 -8.807 12.000
3 16  124.187 -10.280 6.000 122.523 -8.807 12.000 122.234 -9.850 12.000
3 16  124.047 -11.135 6.000 124.187 -10.280 6.000 122.234 -9.850 12.000
3 16  124.047 -11.135 6.000 122.234 -9.850 12.000 122.058 -10.919 12.000
3 16  124.000 -12.000 6.000 124.047 -11.135 6.000 122.058 -10.919 12.000
3 16  124.000 -12.000 6.000 122.058 -10.919 12.000 122.000 -12.000 12.000
3 16  124.047 -12.865 6.000 124.000 -12.000 6.000 122.000 -12.000 12.000
3 16  122.058 -13.081 12.000 124.047 -12.865 6.000 122.000 -12.000 12.000
3 16  124.187 -13.720 6.000 124.047 -12.865 6.000 122.058 -13.081 12.000
3 16  122.234 -14.150 12.000 124.187 -13.720 6.000 122.058 -13.081 12.000
3 16  124.419 -14.554 6.000 124.187 -13.720 6.000 122.234 -14.150 12.000
3 16  122.523 -15.193 12.000 124.419 -14.554 6.000 122.234 -14.150 12.000
3 16  124.740 -15.359 6.000 124.419 -14.554 6.000 122.523 -15.193 12.000
3 16  122.924 -16.199 12.000 124.740 -15.359 6.000 122.523 -15.193 12.000
3 16  125.145 -16.124 6.000 124.740 -15.359 6.000 122.924 -16.199 12.000
3 16  123.431 -17.156 12.000 125.145 -16.124 6.000 122.924 -16.199 12.000
3 16  125.631 -16.841 6.000 125.145 -16.124 6.000 123.431 -17.156 12.000
3 16  124.039 -18.052 12.000 125.631 -16.841 6.000 123.431 -17.156 12.000
3 16  126.192 -17.502 6.000 125.631 -16.841 6.000 124.039 -18.052 12.000
3 16  124.740 -18.877 12.000 126.192 -17.502 6.000 124.039 -18.052 12.000
3 16  126.821 -18.097 6.000 126.192 -17.502 6.000 124.740 -18.877 12.000
3 16  125.526 -19.622 12.000 126.821 -18.097 6.000 124.740 -18.877 12.000
3 16  127.510 -18.622 6.000 126.821 -18.097 6.000 125.526 -19.622 12.000
3 16  126.388 -20.277 12.000 127.510 -18.622 6.000 125.526 -19.622 12.000
3 16  128.253 -19.068 6.000 127.510 -18.622 6.000 126.388 -20.277 12.000
3 16  127.316 -20.835 12.000 128.253 -19.068 6.000 126.388 -20.277 12.000
3 16  129.039 -19.432 6.000 128.253 -19.068 6.000 127.316 -20.835 12.000
3 16  128.298 -21.290 12.000 129.039 -19.432 6.000 127.316 -20.835 12.000
3 16  129.860 -19.708 6.000 129.039 -19.432 6.000 128.298 -21.290 12.000
3 16  129.325 -21.636 12.000 129.860 -19.708 6.000 128.298 -21.290 12.000
3 16  130.706 -19.895 6.000 129.860 -19.708 6.000 129.325 -21.636 12.000
3 16  130.382 -21.868 12.000 130.706 -19.895 6.000 129.325 -21.636 12.000
3 16  131.567 -19.988 6.000 130.706 -19.895 6.000 130.382 -21.868 12.000
3 16  131.458 -21.985 12.000 131.567 -19.988 6.000 130.382 -21.868 12.000
3 16  132.433 -19.988 6.000 131.458 -21.985 12.000 132.541 -21.985 12.000
3 16  131.458 -21.985 12.000 132.433 -19.988 6.000 131.567 -19.988 6.000
3 16  132.541 -21.985 12.000 133.294 -19.895 6.000 132.433 -19.988 6.000
3 16  133.618 -21.868 12.000 133.294 -19.895 6.000 132.541 -21.985 12.000
3 16  133.618 -21.868 12.000 134.140 -19.708 6.000 133.294 -19.895 6.000
3 16  134.675 -21.636 12.000 134.140 -19.708 6.000 133.618 -21.868 12.000
3 16  134.675 -21.636 12.000 134.961 -19.432 6.000 134.140 -19.708 6.000
3 16  135.702 -21.290 12.000 134.961 -19.432 6.000 134.675 -21.636 12.000
3 16  135.702 -21.290 12.000 135.747 -19.068 6.000 134.961 -19.432 6.000
3 16  136.684 -20.835 12.000 135.747 -19.068 6.000 135.702 -21.290 12.000
3 16  136.684 -20.835 12.000 136.489 -18.622 6.000 135.747 -19.068 6.000
3 16  136.684 -20.835 12.000 137.612 -20.277 12.000 136.489 -18.622 6.000
3 16  137.612 -20.277 12.000 137.179 -18.097 6.000 136.489 -18.622 6.000
3 16  137.612 -20.277 12.000 138.474 -19.622 12.000 137.179 -18.097 6.000
3 16  138.474 -19.622 12.000 137.808 -17.502 6.000 137.179 -18.097 6.000
3 16  138.474 -19.622 12.000 139.260 -18.877 12.000 137.808 -17.502 6.000
3 16  139.260 -18.877 12.000 138.369 -16.841 6.000 137.808 -17.502 6.000
3 16  139.260 -18.877 12.000 139.961 -18.052 12.000 138.369 -16.841 6.000
3 16  139.961 -18.052 12.000 138.855 -16.124 6.000 138.369 -16.841 6.000
3 16  139.961 -18.052 12.000 140.569 -17.156 12.000 138.855 -16.124 6.000
3 16  140.569 -17.156 12.000 139.261 -15.359 6.000 138.855 -16.124 6.000
3 16  140.569 -17.156 12.000 141.076 -16.199 12.000 139.261 -15.359 6.000
3 16  141.076 -16.199 12.000 139.581 -14.554 6.000 139.261 -15.359 6.000
3 16  141.076 -16.199 12.000 141.477 -15.193 12.000 139.581 -14.554 6.000
3 16  141.477 -15.193 12.000 139.813 -13.720 6.000 139.581 -14.554 6.000
3 16  141.477 -15.193 12.000 141.766 -14.150 12.000 139.813 -13.720 6.000
3 16  141.766 -14.150 12.000 139.953 -12.865 6.000 139.813 -13.720 6.000
3 16  141.766 -14.150 12.000 141.942 -13.081 12.000 139.953 -12.865 6.000
3 16  141.942 -13.081 12.000 140.000 -12.000 6.000 139.953 -12.865 6.000
3 16  141.942 -13.081 12.000 142.000 -12.000 12.000 140.000 -12.000 6.000
3 16  140.000 -12.000 6.000 142.000 -12.000 12.000 139.953 -11.135 6.000
3 16  142.000 -12.000 12.000 141.942 -10.919 12.000 139.953 -11.135 6.000
3 16  144.000 -72.000 12.000 144.000 0.000 0.000 144.000 0.000 12.000
3 16  144.000 0.000 0.000 144.000 -72.000 12.000 144.000 -72.000 0.000
3 16  144.000 0.000 0.000 0.000 0.000 12.000 144.000 0.000 12.000
3 16  0.000 0.000 12.000 144.000 0.000 0.000 0.000 0.000 0.000
3 16  124.187 -34.280 6.000 124.047 -35.135 6.000 122.058 -34.919 0.000
3 16  122.234 -33.850 0.000 124.187 -34.280 6.000 122.058 -34.919 0.000
3 16  124.419 -33.445 6.000 124.187 -34.280 6.000 122.234 -33.850 0.000
3 16  122.523 -32.807 0.000 124.419 -33.445 6.000 122.234 -33.850 0.000
3 16  124.740 -32.641 6.000 124.419 -33.445 6.000 122.523 -32.807 0.000
3 16  122.924 -31.801 0.000 124.740 -32.641 6.000 122.523 -32.807 0.000
3 16  125.145 -31.875 6.000 124.740 -32.641 6.000 122.924 -31.801 0.000
3 16  123.431 -30.845 0.000 125.145 -31.875 6.000 122.924 -31.801 0.000
3 16  125.631 -31.159 6.000 125.145 -31.875 6.000 123.431 -30.845 0.000
3 16  124.039 -29.948 0.000 125.631 -31.159 6.000 123.431 -30.845 0.000
3 16  126.192 -30.498 6.000 125.631 -31.159 6.000 124.039 -29.948 0.000
3 16  124.740 -29.123 0.000 126.192 -30.498 6.000 124.039 -29.948 0.000
3 16  126.821 -29.903 6.000 126.192 -30.498 6.000 124.740 -29.123 0.000
3 16  125.526 -28.378 0.000 126.821 -29.903 6.000 124.740 -29.123 0.000
3 16  127.510 -29.379 6.000 126.821 -29.903 6.000 125.526 -28.378 0.000
3 16  126.388 -27.723 0.000 127.510 -29.379 6.000 125.526 -28.378 0.000
3 16  128.253 -28.932 6.000 127.510 -29.379 6.000 126.388 -27.723 0.000
3 16  127.316 -27.165 0.000 128.253 -28.932 6.000 126.388 -27.723 0.000
3 16  129.039 -28.568 6.000 128.253 -28.932 6.000 127.316 -27.165 0.000
3 16  128.298 -26.710 0.000 129.039 -28.568 6.000 127.316 -27.165 0.000
3 16  129.860 -28.291 6.000 129.039 -28.568 6.000 128.298 -26.710 0.000
3 16  129.325 -26.364 0.000 129.860 -28.291 6.000 128.298 -26.710 0.000
3 16  130.706 -28.105 6.000 129.860 -28.291 6.000 129.325 -26.364 0.000
3 16  130.382 -26.132 0.000 130.706 -28.105 6.000 129.325 -26.364 0.000
3 16  131.567 -28.012 6.000 130.706 -28.105 6.000 130.382 -26.132 0.000
3 16  131.458 -26.015 0.000 131.567 -28.012 6.000 130.382 -26.132 0.000
3 16  131.458 -26.015 0.000 132.433 -28.012 6.000 131.567 -28.012 6.000
3 16  132.433 -28.012 6.000 131.458 -26.015 0.000 132.541 -26.015 0.000
3 16  132.541 -26.015 0.000 133.294 -28.105 6.000 132.433 -28.012 6.000
3 16  133.618 -26.132 0.000 133.294 -28.105 6.000 132.541 -26.015 0.000
3 16  133.618 -26.132 0.000 134.140 -28.291 6.000 133.294 -28.105 6.000
3 16  134.675 -26.364 0.000 134.140 -28.291 6.000 133.618 -26.132 0.000
3 16  134.675 -26.364 0.000 134.961 -28.568 6.000 134.140 -28.291 6.000
3 16  135.702 -26.710 0.000 134.961 -28.568 6.000 134.675 -26.364 0.000
3 16  135.702 -26.710 0.000 135.747 -28.932 6.000 134.961 -28.568 6.000
3 16  136.684 -27.165 0.000 135.747 -28.932 6.000 135.702 -26.710 0.000
3 16  136.684 -27.165 0.000 136.489 -29.379 6.000 135.747 -28.932 6.000
3 16  136.684 -27.165 0.000 137.612 -27.723 0.000 136.489 -29.379 6.000
3 16  137.612 -27.723 0.000 137.179 -29.903 6.000 136.489 -29.379 6.000
3 16  137.612 -27.723 0.000 138.474 -28.378 0.000 137.179 -29.903 6.000
3 16  138.474 -28.378 0.000 137.808 -30.498 6.000 137.179 -29.903 6.000
3 16  138.474 -28.378 0.000 139.260 -29.123 0.000 137.808 -30.498 6.000
3 16  139.260 -29.123 0.000 138.369 -31.159 6.000 137.808 -30.498 6.000
3 16  139.260 -29.123 0.000 139.961 -29.948 0.000 138.369 -31.159 6.000
3 16  139.961 -29.948 0.000 138.855 -31.875 6.000 138.369 -31.159 6.000
3 16  139.961 -29.948 0.000 140.569 -30.845 0.000 138.855 -31.875 6.000
3 16  140.569 -30.845 0.000 139.261 -32.641 6.000 138.855 -31.875 6.000
3 16  140.569 -30.845 0.000 141.076 -31.801 0.000 139.261 -32.641 6.000
3 16  141.076 -31.801 0.000 139.581 -33.445 6.000 139.261 -32.641 6.000
3 16  141.076 -31.801 0.000 141.477 -32.807 0.000 139.581 -33.445 6.000
3 16  141.477 -32.807 0.000 139.813 -34.280 6.000 139.581 -33.445 6.000
3 16  141.477 -32.807 0.000 141.766 -33.850 0.000 139.813 -34.280 6.000
3 16  141.766 -33.850 0.000 139.953 -35.135 6.000 139.813 -34.280 6.000
3 16  141.766 -33.850 0.000 141.942 -34.919 0.000 139.953 -35.135 6.000
3 16  141.942 -34.919 0.000 140.000 -36.000 6.000 139.953 -35.135 6.000
3 16  141.942 -34.919 0.000 142.000 -36.000 0.000 140.000 -36.000 6.000
3 16  140.000 -36.000 6.000 142.000 -36.000 0.000 139.953 -36.865 6.000
3 16  142.000 -36.000 0.000 141.942 -37.081 0.000 139.953 -36.865 6.000
3 16  139.953 -36.865 6.000 141.942 -37.081 0.000 139.813 -37.720 6.000
3 16  141.942 -37.081 0.000 141.766 -38.150 0.000 139.813 -37.720 6.000
3 16  139.813 -37.720 6.000 141.766 -38.150 0.000 139.581 -38.554 6.000
3 16  141.766 -38.150 0.000 141.477 -39.193 0.000 139.581 -38.554 6.000
3 16  139.581 -38.554 6.000 141.477 -39.193 0.000 139.261 -39.359 6.000
3 16  141.477 -39.193 0.000 141.076 -40.199 0.000 139.261 -39.359 6.000
3 16  139.261 -39.359 6.000 141.076 -40.199 0.000 138.855 -40.125 6.000
3 16  141.076 -40.199 0.000 140.569 -41.155 0.000 138.855 -40.125 6.000
3 16  138.855 -40.125 6.000 140.569 -41.155 0.000 138.369 -40.842 6.000
3 16  140.569 -41.155 0.000 139.961 -42.052 0.000 138.369 -40.842 6.000
3 16  138.369 -40.842 6.000 139.961 -42.052 0.000 137.808 -41.502 6.000
3 16  139.961 -42.052 0.000 139.260 -42.877 0.000 137.808 -41.502 6.000
3 16  137.808 -41.502 6.000 139.260 -42.877 0.000 137.179 -42.097 6.000
3 16  139.260 -42.877 0.000 138.474 -43.621 0.000 137.179 -42.097 6.000
3 16  137.179 -42.097 6.000 138.474 -43.621 0.000 136.489 -42.621 6.000
3 16  138.474 -43.621 0.000 137.612 -44.277 0.000 136.489 -42.621 6.000
3 16  136.489 -42.621 6.000 137.612 -44.277 0.000 135.747 -43.068 6.000
3 16  137.612 -44.277 0.000 136.684 -44.835 0.000 135.747 -43.068 6.000
3 16  135.747 -43.068 6.000 136.684 -44.835 0.000 134.961 -43.432 6.000
3 16  136.684 -44.835 0.000 135.702 -45.290 0.000 134.961 -43.432 6.000
3 16  134.961 -43.432 6.000 135.702 -45.290 0.000 134.140 -43.709 6.000
3 16  135.702 -45.290 0.000 134.675 -45.636 0.000 134.140 -43.709 6.000
3 16  134.140 -43.709 6.000 134.675 -45.636 0.000 133.294 -43.895 6.000
3 16  134.675 -45.636 0.000 133.618 -45.868 0.000 133.294 -43.895 6.000
3 16  133.294 -43.895 6.000 133.618 -45.868 0.000 132.433 -43.988 6.000
3 16  133.618 -45.868 0.000 132.541 -45.985 0.000 132.433 -43.988 6.000
3 16  132.541 -45.985 0.000 131.567 -43.988 6.000 132.433 -43.988 6.000
3 16  131.567 -43.988 6.000 132.541 -45.985 0.000 131.458 -45.985 0.000
3 16  131.567 -43.988 6.000 131.458 -45.985 0.000 130.706 -43.895 6.000
3 16  130.706 -43.895 6.000 131.458 -45.985 0.000 130.382 -45.868 0.000
3 16  130.706 -43.895 6.000 130.382 -45.868 0.000 129.860 -43.709 6.000
3 16  129.860 -43.709 6.000 130.382 -45.868 0.000 129.325 -45.636 0.000
3 16  129.860 -43.709 6.000 129.325 -45.636 0.000 129.039 -43.432 6.000
3 16  129.039 -43.432 6.000 129.325 -45.636 0.000 128.298 -45.290 0.000
3 16  129.039 -43.432 6.000 128.298 -45.290 0.000 128.253 -43.068 6.000
3 16  128.253 -43.068 6.000 128.298 -45.290 0.000 127.316 -44.835 0.000
3 16  127.510 -42.621 6.000 128.253 -43.068 6.000 127.316 -44.835 0.000
3 16  127.510 -42.621 6.000 127.316 -44.835 0.000 126.388 -44.277 0.000
3 16  126.821 -42.097 6.000 127.510 -42.621 6.000 126.388 -44.277 0.000
3 16  126.821 -42.097 6.000 126.388 -44.277 0.000 125.526 -43.621 0.000
3 16  126.192 -41.502 6.000 126.821 -42.097 6.000 125.526 -43.621 0.000
3 16  126.192 -41.502 6.000 125.526 -43.621 0.000 124.740 -42.877 0.000
3 16  125.631 -40.842 6.000 126.192 -41.502 6.000 124.740 -42.877 0.000
3 16  125.631 -40.842 6.000 124.740 -42.877 0.000 124.039 -42.052 0.000
3 16  125.145 -40.125 6.000 125.631 -40.842 6.000 124.039 -42.052 0.000
3 16  125.145 -40.125 6.000 124.039 -42.052 0.000 123.431 -41.155 0.000
3 16  124.740 -39.359 6.000 125.145 -40.125 6.000 123.431 -41.155 0.000
3 16  124.740 -39.359 6.000 123.431 -41.155 0.000 122.924 -40.199 0.000
3 16  124.419 -38.554 6.000 124.740 -39.359 6.000 122.924 -40.199 0.000
3 16  124.419 -38.554 6.000 122.924 -40.199 0.000 122.523 -39.193 0.000
3 16  124.187 -37.720 6.000 124.419 -38.554 6.000 122.523 -39.193 0.000
3 16  124.187 -37.720 6.000 122.523 -39.193 0.000 122.234 -38.150 0.000
3 16  124.047 -36.865 6.000 124.187 -37.720 6.000 122.234 -38.150 0.000
3 16  124.047 -36.865 6.000 122.234 -38.150 0.000 122.058 -37.081 0.000
3 16  124.000 -36.000 6.000 124.047 -36.865 6.000 122.058 -37.081 0.000
3 16  124.000 -36.000 6.000 122.058 -37.081 0.000 122.000 -36.000 0.000
3 16  124.047 -35.135 6.000 124.000 -36.000 6.000 122.000 -36.000 0.000
3 16  122.058 -34.919 0.000 124.047 -35.135 6.000 122.000 -36.000 0.000
3 16  139.953 -35.135 6.000 141.942 -34.919 12.000 139.813 -34.280 6.000
3 16  141.942 -34.919 12.000 141.766 -33.850 12.000 139.813 -34.280 6.000
3 16  139.813 -34.280 6.000 141.766 -33.850 12.000 139.581 -33.445 6.000
3 16  141.766 -33.850 12.000 141.477 -32.807 12.000 139.581 -33.445 6.000
3 16  139.581 -33.445 6.000 141.477 -32.807 12.000 139.261 -32.641 6.000
3 16  141.477 -32.807 12.000 141.076 -31.801 12.000 139.261 -32.641 6.000
3 16  139.261 -32.641 6.000 141.076 -31.801 12.000 138.855 -31.875 6.000
3 16  141.076 -31.801 12.000 140.569 -30.845 12.000 138.855 -31.875 6.000
3 16  138.855 -31.875 6.000 140.569 -30.845 12.000 138.369 -31.159 6.000
3 16  140.569 -30.845 12.000 139.961 -29.948 12.000 138.369 -31.159 6.000
3 16  138.369 -31.159 6.000 139.961 -29.948 12.000 137.808 -30.498 6.000
3 16  139.961 -29.948 12.000 139.260 -29.123 12.000 137.808 -30.498 6.000
3 16  137.808 -30.498 6.000 139.260 -29.123 12.000 137.179 -29.903 6.000
3 16  139.260 -29.123 12.000 138.474 -28.378 12.000 137.179 -29.903 6.000
3 16  137.179 -29.903 6.000 138.474 -28.378 12.000 136.489 -29.379 6.000
3 16  138.474 -28.378 12.000 137.612 -27.723 12.000 136.489 -29.379 6.000
3 16  136.489 -29.379 6.000 137.612 -27.723 12.000 135.747 -28.932 6.000
3 16  137.612 -27.723 12.000 136.684 -27.165 12.000 135.747 -28.932 6.000
3 16  135.747 -28.932 6.000 136.684 -27.165 12.000 134.961 -28.568 6.000
3 16  136.684 -27.165 12.000 135.702 -26.710 12.000 134.961 -28.568 6.000
3 16  134.961 -28.568 6.000 135.702 -26.710 12.000 134.140 -28.291 6.000
3 16  135.702 -26.710 12.000 134.675 -26.364 12.000 134.140 -28.291 6.000
3 16  134.140 -28.291 6.000 134.675 -26.364 12.000 133.294 -28.105 6.000
3 16  134.675 -26.364 12.000 133.618 -26.132 12.000 133.294 -28.105 6.000
3 16  133.294 -28.105 6.000 133.618 -26.132 12.000 132.433 -28.012 6.000
3 16  133.618 -26.132 12.000 132.541 -26.015 12.000 132.433 -28.012 6.000
3 16  131.567 -28.012 6.000 132.541 -26.015 12.000 131.458 -26.015 12.000
3 16  132.541 -26.015 12.000 131.567 -28.012 6.000 132.433 -28.012 6.000
3 16  131.567 -28.012 6.000 131.458 -26.015 12.000 130.706 -28.105 6.000
3 16  130.706 -28.105 6.000 131.458 -26.015 12.000 130.382 -26.132 12.000
3 16  130.706 -28.105 6.000 130.382 -26.132 12.000 129.860 -28.291 6.000
3 16  129.860 -28.291 6.000 130.382 -26.132 12.000 129.325 -26.364 12.000
3 16  129.860 -28.291 6.000 129.325 -26.364 12.000 129.039 -28.568 6.000
3 16  129.039 -28.568 6.000 129.325 -26.364 12.000 128.298 -26.710 12.000
3 16  129.039 -28.568 6.000 128.298 -26.710 12.000 128.253 -28.932 6.000
3 16  128.253 -28.932 6.000 128.298 -26.710 12.000 127.316 -27.165 12.000
3 16  127.510 -29.379 6.000 128.253 -28.932 6.000 127.316 -27.165 12.000
3 16  127.510 -29.379 6.000 127.316 -27.165 12.000 126.388 -27.723 12.000
3 16  126.821 -29.903 6.000 127.510 -29.379 6.000 126.388 -27.723 12.000
3 16  126.821 -29.903 6.000 126.388 -27.723 12.000 125.526 -28.378 12.000
3 16  126.192 -30.498 6.000 126.821 -29.903 6.000 125.526 -28.378 12.000
3 16  126.192 -30.498 6.000 125.526 -28.378 12.000 124.740 -29.123 12.000
3 16  125.631 -31.159 6.000 126.192 -30.498 6.000 124.740 -29.123 12.000
3 16  125.631 -31.159 6.000 124.740 -29.123 12.000 124.039 -29.948 12.000
3 16  125.145 -31.875 6.000 125.631 -31.159 6.000 124.039 -29.948 12.000
3 16  125.145 -31.875 6.000 124.039 -29.948 12.000 123.431 -30.845 12.000
3 16  124.740 -32.641 6.000 125.145 -31.875 6.000 123.431 -30.845 12.000
3 16  124.740 -32.641 6.000 123.431 -30.845 12.000 122.924 -31.801 12.000
3 16  124.419 -33.445 6.000 124.740 -32.641 6.000 122.924 -31.801 12.000
3 16  124.419 -33.445 6.000 122.924 -31.801 12.000 122.523 -32.807 12.000
3 16  124.187 -34.280 6.000 124.419 -33.445 6.000 122.523 -32.807 12.000
3 16  124.187 -34.280 6.000 122.523 -32.807 12.000 122.234 -33.850 12.000
3 16  124.047 -35.135 6.000 124.187 -34.280 6.000 122.234 -33.850 12.000
3 16  124.047 -35.135 6.000 122.234 -33.850 12.000 122.058 -34.919 12.000
3 16  124.000 -36.000 6.000 124.047 -35.135 6.000 122.058 -34.919 12.000
3 16  124.000 -36.000 6.000 122.058 -34.919 12.000 122.000 -36.000 12.000
3 16  124.047 -36.865 6.000 124.000 -36.000 6.000 122.000 -36.000 12.000
3 16  122.058 -37.081 12.000 124.047 -36.865 6.000 122.000 -36.000 12.000
3 16  124.187 -37.720 6.000 124.047 -36.865 6.000 122.058 -37.081 12.000
3 16  122.234 -38.150 12.000 124.187 -37.720 6.000 122.058 -37.081 12.000
3 16  124.419 -38.554 6.000 124.187 -37.720 6.000 122.234 -38.150 12.000
3 16  122.523 -39.193 12.000 124.419 -38.554 6.000 122.234 -38.150 12.000
3 16  124.740 -39.359 6.000 124.419 -38.554 6.000 122.523 -39.193 12.000
3 16  122.924 -40.199 12.000 124.740 -39.359 6.000 122.523 -39.193 12.000
3 16  125.145 -40.125 6.000 124.740 -39.359 6.000 122.924 -40.199 12.000
3 16  123.431 -41.155 12.000 125.145 -40.125 6.000 122.924 -40.199 12.000
3 16  125.631 -40.842 6.000 125.145 -40.125 6.000 123.431 -41.155 12.000
3 16  124.039 -42.052 12.000 125.631 -40.842 6.000 123.431 -41.155 12.000
3 16  126.192 -41.502 6.000 125.631 -40.842 6.000 124.039 -42.052 12.000
3 16  124.740 -42.877 12.000 126.192 -41.502 6.000 124.039 -42.052 12.000
3 16  126.821 -42.097 6.000 126.192 -41.502 6.000 124.740 -42.877 12.000
3 16  125.526 -43.621 12.000 126.821 -42.097 6.000 124.740 -42.877 12.000
3 16  127.510 -42.621 6.000 126.821 -42.097 6.000 125.526 -43.621 12.000
3 16  126.388 -44.277 12.000 127.510 -42.621 6.000 125.526 -43.621 12.000
3 16  128.253 -43.068 6.000 127.510 -42.621 6.000 126.388 -44.277 12.000
3 16  127.316 -44.835 12.000 128.253 -43.068 6.000 126.388 -44.277 12.000
3 16  129.039 -43.432 6.000 128.253 -43.068 6.000 127.316 -44.835 12.000
3 16  128.298 -45.290 12.000 129.039 -43.432 6.000 127.316 -44.835 12.000
3 16  129.860 -43.709 6.000 129.039 -43.432 6.000 128.298 -45.290 12.000
3 16  129.325 -45.636 12.000 129.860 -43.709 6.000 128.298 -45.290 12.000
3 16  130.706 -43.895 6.000 129.860 -43.709 6.000 129.325 -45.636 12.000
3 16  130.382 -45.868 12.000 130.706 -43.895 6.000 129.325 -45.636 12.000
3 16  131.567 -43.988 6.000 130.706 -43.895 6.000 130.382 -45.868 12.000
3 16  131.458 -45.985 12.000 131.567 -43.988 6.000 130.382 -45.868 12.000
3 16  132.433 -43.988 6.000 131.458 -45.985 12.000 132.541 -45.985 12.000
3 16  131.458 -45.985 12.000 132.433 -43.988 6.000 131.567 -43.988 6.000
3 16  132.541 -45.985 12.000 133.294 -43.895 6.000 132.433 -43.988 6.000
3 16  133.618 -45.868 12.000 133.294 -43.895 6.000 132.541 -45.985 12.000
3 16  133.618 -45.868 12.000 134.140 -43.709 6.000 133.294 -43.895 6.000
3 16  134.675 -45.636 12.000 134.140 -43.709 6.000 133.618 -45.868 12.000
3 16  134.675 -45.636 12.000 134.961 -43.432 6.000 134.140 -43.709 6.000
3 16  135.702 -45.290 12.000 134.961 -43.432 6.000 134.675 -45.636 12.000
3 16  135.702 -45.290 12.000 135.747 -43.068 6.000 134.961 -43.432 6.000
3 16  136.684 -44.835 12.000 135.747 -43.068 6.000 135.702 -45.290 12.000
3 16  136.684 -44.835 12.000 136.489 -42.621 6.000 135.747 -43.068 6.000
3 16  136.684 -44.835 12.000 137.612 -44.277 12.000 136.489 -42.621 6.000
3 16  137.612 -44.277 12.000 137.179 -42.097 6.000 136.489 -42.621 6.000
3 16  137.612 -44.277 12.000 138.474 -43.621 12.000 137.179 -42.097 6.000
3 16  138.474 -43.621 12.000 137.808 -41.502 6.000 137.179 -42.097 6.000
3 16  138.474 -43.621 12.000 139.260 -42.877 12.000 137.808 -41.502 6.000
3 16  139.260 -42.877 12.000 138.369 -40.842 6.000 137.808 -41.502 6.000
3 16  139.260 -42.877 12.000 139.961 -42.052 12.000 138.369 -40.842 6.000
3 16  139.961 -42.052 12.000 138.855 -40.125 6.000 138.369 -40.842 6.000
3 16  139.961 -42.052 12.000 140.569 -41.155 12.000 138.855 -40.125 6.000
3 16  140.569 -41.155 12.000 139.261 -39.359 6.000 138.855 -40.125 6.000
3 16  140.569 -41.155 12.000 141.076 -40.199 12.000 139.261 -39.359 6.000
3 16  141.076 -40.199 12.000 139.581 -38.554 6.000 139.261 -39.359 6.000
3 16  141.076 -40.199 12.000 141.477 -39.193 12.000 139.581 -38.554 6.000
3 16  141.477 -39.193 12.000 139.813 -37.720 6.000 139.581 -38.554 6.000
3 16  141.477 -39.193 12.000 141.766 -38.150 12.000 139.813 -37.720 6.000
3 16  141.766 -38.150 12.000 139.953 -36.865 6.000 139.813 -37.720 6.000
3 16  141.766 -38.150 12.000 141.942 -37.081 12.000 139.953 -36.865 6.000
3 16  141.942 -37.081 12.000 140.000 -36.000 6.000 139.953 -36.865 6.000
3 16  141.942 -37.081 12.000 142.000 -36.000 12.000 140.000 -36.000 6.000
3 16  140.000 -36.000 6.000 142.000 -36.000 12.000 139.953 -35.135 6.000
3 16  142.000 -36.000 12.000 141.942 -34.919 12.000 139.953 -35.135 6.000
3 16  120.000 -72.000 0.000 144.000 -72.000 12.000 120.000 -72.000 12.000
3 16  144.000 -72.000 12.000 120.000 -72.000 0.000 144.000 -72.000 0.000
3 16  124.187 -58.280 6.000 124.047 -59.135 6.000 122.058 -58.919 0.000
3 16  122.234 -57.850 0.000 124.187 -58.280 6.000 122.058 -58.919 0.000
3 16  124.419 -57.446 6.000 124.187 -58.280 6.000 122.234 -57.850 0.000
3 16  122.523 -56.807 0.000 124.419 -57.446 6.000 122.234 -57.850 0.000
3 16  124.740 -56.641 6.000 124.419 -57.446 6.000 122.523 -56.807 0.000
3 16  122.924 -55.801 0.000 124.740 -56.641 6.000 122.523 -56.807 0.000
3 16  125.145 -55.876 6.000 124.740 -56.641 6.000 122.924 -55.801 0.000
3 16  123.431 -54.844 0.000 125.145 -55.876 6.000 122.924 -55.801 0.000
3 16  125.631 -55.159 6.000 125.145 -55.876 6.000 123.431 -54.844 0.000
3 16  124.039 -53.948 0.000 125.631 -55.159 6.000 123.431 -54.844 0.000
3 16  126.192 -54.498 6.000 125.631 -55.159 6.000 124.039 -53.948 0.000
3 16  124.740 -53.123 0.000 126.192 -54.498 6.000 124.039 -53.948 0.000
3 16  126.821 -53.903 6.000 126.192 -54.498 6.000 124.740 -53.123 0.000
3 16  125.526 -52.379 0.000 126.821 -53.903 6.000 124.740 -53.123 0.000
3 16  127.510 -53.379 6.000 126.821 -53.903 6.000 125.526 -52.379 0.000
3 16  126.388 -51.723 0.000 127.510 -53.379 6.000 125.526 -52.379 0.000
3 16  128.253 -52.932 6.000 127.510 -53.379 6.000 126.388 -51.723 0.000
3 16  127.316 -51.165 0.000 128.253 -52.932 6.000 126.388 -51.723 0.000
3 16  129.039 -52.568 6.000 128.253 -52.932 6.000 127.316 -51.165 0.000
3 16  128.298 -50.710 0.000 129.039 -52.568 6.000 127.316 -51.165 0.000
3 16  129.860 -52.291 6.000 129.039 -52.568 6.000 128.298 -50.710 0.000
3 16  129.325 -50.365 0.000 129.860 -52.291 6.000 128.298 -50.710 0.000
3 16  130.706 -52.105 6.000 129.860 -52.291 6.000 129.325 -50.365 0.000
3 16  130.382 -50.132 0.000 130.706 -52.105 6.000 129.325 -50.365 0.000
3 16  131.567 -52.012 6.000 130.706 -52.105 6.000 130.382 -50.132 0.000
3 16  131.458 -50.015 0.000 131.567 -52.012 6.000 130.382 -50.132 0.000
3 16  131.458 -50.015 0.000 132.433 -52.012 6.000 131.567 -52.012 6.000
3 16  132.433 -52.012 6.000 131.458 -50.015 0.000 132.541 -50.015 0.000
3 16  132.541 -50.015 0.000 133.294 -52.105 6.000 132.433 -52.012 6.000
3 16  133.618 -50.132 0.000 133.294 -52.105 6.000 132.541 -50.015 0.000
3 16  133.618 -50.132 0.000 134.140 -52.291 6.000 133.294 -52.105 6.000
3 16  134.675 -50.365 0.000 134.140 -52.291 6.000 133.618 -50.132 0.000
3 16  134.675 -50.365 0.000 134.961 -52.568 6.000 134.140 -52.291 6.000
3 16  135.702 -50.710 0.000 134.961 -52.568 6.000 134.675 -50.365 0.000
3 16  135.702 -50.710 0.000 135.747 -52.932 6.000 134.961 -52.568 6.000
3 16  136.684 -51.165 0.000 135.747 -52.932 6.000 135.702 -50.710 0.000
3 16  136.684 -51.165 0.000 136.489 -53.379 6.000 135.747 -52.932 6.000
3 16  136.684 -51.165 0.000 137.612 -51.723 0.000 136.489 -53.379 6.000
3 16  137.612 -51.723 0.000 137.179 -53.903 6.000 136.489 -53.379 6.000
3 16  137.612 -51.723 0.000 138.474 -52.379 0.000 137.179 -53.903 6.000
3 16  138.474 -52.379 0.000 137.808 -54.498 6.000 137.179 -53.903 6.000
3 16  138.474 -52.379 0.000 139.260 -53.123 0.000 137.808 -54.498 6.000
3 16  139.260 -53.123 0.000 138.369 -55.159 6.000 137.808 -54.498 6.000
3 16  139.260 -53.123 0.000 139.961 -53.948 0.000 138.369 -55.159 6.000
3 16  139.961 -53.948 0.000 138.855 -55.876 6.000 138.369 -55.159 6.000
3 16  139.961 -53.948 0.000 140.569 -54.844 0.000 138.855 -55.876 6.000
3 16  140.569 -54.844 0.000 139.261 -56.641 6.000 138.855 -55.876 6.000
3 16  140.569 -54.844 0.000 141.076 -55.801 0.000 139.261 -56.641 6.000
3 16  141.076 -55.801 0.000 139.581 -57.446 6.000 139.261 -56.641 6.000
3 16  141.076 -55.801 0.000 141.477 -56.807 0.000 139.581 -57.446 6.000
3 16  141.477 -56.807 0.000 139.813 -58.280 6.000 139.581 -57.446 6.000
3 16  141.477 -56.807 0.000 141.766 -57.850 0.000 139.813 -58.280 6.000
3 16  141.766 -57.850 0.000 139.953 -59.135 6.000 139.813 -58.280 6.000
3 16  141.766 -57.850 0.000 141.942 -58.919 0.000 139.953 -59.135 6.000
3 16  141.942 -58.919 0.000 140.000 -60.000 6.000 139.953 -59.135 6.000
3 16  141.942 -58.919 0.000 142.000 -60.000 0.000 140.000 -60.000 6.000
3 16  140.000 -60.000 6.000 142.000 -60.000 0.000 139.953 -60.865 6.000
3 16  142.000 -60.000 0.000 141.942 -61.081 0.000 139.953 -60.865 6.000
3 16  139.953 -60.865 6.000 141.942 -61.081 0.000 139.813 -61.720 6.000
3 16  141.942 -61.081 0.000 141.766 -62.150 0.000 139.813 -61.720 6.000
3 16  139.813 -61.720 6.000 141.766 -62.150 0.000 139.581 -62.554 6.000
3 16  141.766 -62.150 0.000 141.477 -63.193 0.000 139.581 -62.554 6.000
3 16  139.581 -62.554 6.000 141.477 -63.193 0.000 139.261 -63.359 6.000
3 16  141.477 -63.193 0.000 141.076 -64.199 0.000 139.261 -63.359 6.000
3 16  139.261 -63.359 6.000 141.076 -64.199 0.000 138.855 -64.124 6.000
3 16  141.076 -64.199 0.000 140.569 -65.156 0.000 138.855 -64.124 6.000
3 16  138.855 -64.124 6.000 140.569 -65.156 0.000 138.369 -64.841 6.000
3 16  140.569 -65.156 0.000 139.961 -66.052 0.000 138.369 -64.841 6.000
3 16  138.369 -64.841 6.000 139.961 -66.052 0.000 137.808 -65.502 6.000
3 16  139.961 -66.052 0.000 139.260 -66.877 0.000 137.808 -65.502 6.000
3 16  137.808 -65.502 6.000 139.260 -66.877 0.000 137.179 -66.097 6.000
3 16  139.260 -66.877 0.000 138.474 -67.621 0.000 137.179 -66.097 6.000
3 16  137.179 -66.097 6.000 138.474 -67.621 0.000 136.489 -66.621 6.000
3 16  138.474 -67.621 0.000 137.612 -68.277 0.000 136.489 -66.621 6.000
3 16  136.489 -66.621 6.000 137.612 -68.277 0.000 135.747 -67.068 6.000
3 16  137.612 -68.277 0.000 136.684 -68.835 0.000 135.747 -67.068 6.000
3 16  135.747 -67.068 6.000 136.684 -68.835 0.000 134.961 -67.432 6.000
3 16  136.684 -68.835 0.000 135.702 -69.290 0.000 134.961 -67.432 6.000
3 16  134.961 -67.432 6.000 135.702 -69.290 0.000 134.140 -67.709 6.000
3 16  135.702 -69.290 0.000 134.675 -69.635 0.000 134.140 -67.709 6.000
3 16  134.140 -67.709 6.000 134.675 -69.635 0.000 133.294 -67.895 6.000
3 16  134.675 -69.635 0.000 133.618 -69.868 0.000 133.294 -67.895 6.000
3 16  133.294 -67.895 6.000 133.618 -69.868 0.000 132.433 -67.988 6.000
3 16  133.618 -69.868 0.000 132.541 -69.985 0.000 132.433 -67.988 6.000
3 16  132.541 -69.985 0.000 131.567 -67.988 6.000 132.433 -67.988 6.000
3 16  131.567 -67.988 6.000 132.541 -69.985 0.000 131.458 -69.985 0.000
3 16  131.567 -67.988 6.000 131.458 -69.985 0.000 130.706 -67.895 6.000
3 16  130.706 -67.895 6.000 131.458 -69.985 0.000 130.382 -69.868 0.000
3 16  130.706 -67.895 6.000 130.382 -69.868 0.000 129.860 -67.709 6.000
3 16  129.860 -67.709 6.000 130.382 -69.868 0.000 129.325 -69.635 0.000
3 16  129.860 -67.709 6.000 129.325 -69.635 0.000 129.039 -67.432 6.000
3 16  129.039 -67.432 6.000 129.325 -69.635 0.000 128.298 -69.290 0.000
3 16  129.039 -67.432 6.000 128.298 -69.290 0.000 128.253 -67.068 6.000
3 16  128.253 -67.068 6.000 128.298 -69.290 0.000 127.316 -68.835 0.000
3 16  127.510 -66.621 6.000 128.253 -67.068 6.000 127.316 -68.835 0.000
3 16  127.510 -66.621 6.000 127.316 -68.835 0.000 126.388 -68.277 0.000
3 16  126.821 -66.097 6.000 127.510 -66.621 6.000 126.388 -68.277 0.000
3 16  126.821 -66.097 6.000 126.388 -68.277 0.000 125.526 -67.621 0.000
3 16  126.192 -65.502 6.000 126.821 -66.097 6.000 125.526 -67.621 0.000
3 16  126.192 -65.502 6.000 125.526 -67.621 0.000 124.740 -66.877 0.000
3 16  125.631 -64.841 6.000 126.192 -65.502 6.000 124.740 -66.877 0.000
3 16  125.631 -64.841 6.000 124.740 -66.877 0.000 124.039 -66.052 0.000
3 16  125.145 -64.124 6.000 125.631 -64.841 6.000 124.039 -66.052 0.000
3 16  125.145 -64.124 6.000 124.039 -66.052 0.000 123.431 -65.156 0.000
3 16  124.740 -63.359 6.000 125.145 -64.124 6.000 123.431 -65.156 0.000
3 16  124.740 -63.359 6.000 123.431 -65.156 0.000 122.924 -64.199 0.000
3 16  124.419 -62.554 6.000 124.740 -63.359 6.000 122.924 -64.199 0.000
3 16  124.419 -62.554 6.000 122.924 -64.199 0.000 122.523 -63.193 0.000
3 16  124.187 -61.720 6.000 124.419 -62.554 6.000 122.523 -63.193 0.000
3 16  124.187 -61.720 6.000 122.523 -63.193 0.000 122.234 -62.150 0.000
3 16  124.047 -60.865 6.000 124.187 -61.720 6.000 122.234 -62.150 0.000
3 16  124.047 -60.865 6.000 122.234 -62.150 0.000 122.058 -61.081 0.000
3 16  124.000 -60.000 6.000 124.047 -60.865 6.000 122.058 -61.081 0.000
3 16  124.000 -60.000 6.000 122.058 -61.081 0.000 122.000 -60.000 0.000
3 16  124.047 -59.135 6.000 124.000 -60.000 6.000 122.000 -60.000 0.000
3 16  122.058 -58.919 0.000 124.047 -59.135 6.000 122.000 -60.000 0.000
3 16  139.953 -59.135 6.000 141.942 -58.919 12.000 139.813 -58.280 6.000
3 16  141.942 -58.919 12.000 141.766 -57.850 12.000 139.813 -58.280 6.000
3 16  139.813 -58.280 6.000 141.766 -57.850 12.000 139.581 -57.446 6.000
3 16  141.766 -57.850 12.000 141.477 -56.807 12.000 139.581 -57.446 6.000
3 16  139.581 -57.446 6.000 141.477 -56.807 12.000 139.261 -56.641 6.000
3 16  141.477 -56.807 12.000 141.076 -55.801 12.000 139.261 -56.641 6.000
3 16  139.261 -56.641 6.000 141.076 -55.801 12.000 138.855 -55.876 6.000
3 16  141.076 -55.801 12.000 140.569 -54.844 12.000 138.855 -55.876 6.000
3 16  138.855 -55.876 6.000 140.569 -54.844 12.000 138.369 -55.159 6.000
3 16  140.569 -54.844 12.000 139.961 -53.948 12.000 138.369 -55.159 6.000
3 16  138.369 -55.159 6.000 139.961 -53.948 12.000 137.808 -54.498 6.000
3 16  139.961 -53.948 12.000 139.260 -53.123 12.000 137.808 -54.498 6.000
3 16  137.808 -54.498 6.000 139.260 -53.123 12.000 137.179 -53.903 6.000
3 16  139.260 -53.123 12.000 138.474 -52.379 12.000 137.179 -53.903 6.000
3 16  137.179 -53.903 6.000 138.474 -52.379 12.000 136.489 -53.379 6.000
3 16  138.474 -52.379 12.000 137.612 -51.723 12.000 136.489 -53.379 6.000
3 16  136.489 -53.379 6.000 137.612 -51.723 12.000 135.747 -52.932 6.000
3 16  137.612 -51.723 12.000 136.684 -51.165 12.000 135.747 -52.932 6.000
3 16  135.747 -52.932 6.000 136.684 -51.165 12.000 134.961 -52.568 6.000
3 16  136.684 -51.165 12.000 135.702 -50.710 12.000 134.961 -52.568 6.000
3 16  134.961 -52.568 6.000 135.702 -50.710 12.000 134.140 -52.291 6.000
3 16  135.702 -50.710 12.000 134.675 -50.365 12.000 134.140 -52.291 6.000
3 16  134.140 -52.291 6.000 134.675 -50.365 12.000 133.294 -52.105 6.000
3 16  134.675 -50.365 12.000 133.618 -50.132 12.000 133.294 -52.105 6.000
3 16  133.294 -52.105 6.000 133.618 -50.132 12.000 132.433 -52.012 6.000
3 16  133.618 -50.132 12.000 132.541 -50.015 12.000 132.433 -52.012 6.000
3 16  131.567 -52.012 6.000 132.541 -50.015 12.000 131.458 -50.015 12.000
3 16  132.541 -50.015 12.000 131.567 -52.012 6.000 132.433 -52.012 6.000
3 16  131.567 -52.012 6.000 131.458 -50.015 12.000 130.706 -52.105 6.000
3 16  130.706 -52.105 6.000 131.458 -50.015 12.000 130.382 -50.132 12.000
3 16  130.706 -52.105 6.000 130.382 -50.132 12.000 129.860 -52.291 6.000
3 16  129.860 -52.291 6.000 130.382 -50.132 12.000 129.325 -50.365 12.000
3 16  129.860 -52.291 6.000 129.325 -50.365 12.000 129.039 -52.568 6.000
3 16  129.039 -52.568 6.000 129.325 -50.365 12.000 128.298 -50.710 12.000
3 16  129.039 -52.568 6.000 128.298 -50.710 12.000 128.253 -52.932 6.000
3 16  128.253 -52.932 6.000 128.298 -50.710 12.000 127.316 -51.165 12.000
3 16  127.510 -53.379 6.000 128.253 -52.932 6.000 127.316 -51.165 12.000
3 16  127.510 -53.379 6.000 127.316 -51.165 12.000 126.388 -51.723 12.000
3 16  126.821 -53.903 6.000 127.510 -53.379 6.000 126.388 -51.723 12.000
3 16  126.821 -53.903 6.000 126.388 -51.723 12.000 125.526 -52.379 12.000
3 16  126.192 -54.498 6.000 126.821 -53.903 6.000 125.526 -52.379 12.000
3 16  126.192 -54.498 6.000 125.526 -52.379 12.000 124.740 -53.123 12.000
3 16  125.631 -55.159 6.000 126.192 -54.498 6.000 124.740 -53.123 12.000
3 16  125.631 -55.159 6.000 124.740 -53.123 12.000 124.039 -53.948 12.000
3 16  125.145 -55.876 6.000 125.631 -55.159 6.000 124.039 -53.948 12.000
3 16  125.145 -55.876 6.000 124.039 -53.948 12.000 123.431 -54.844 12.000
3 16  124.740 -56.641 6.000 125.145 -55.876 6.000 123.431 -54.844 12.000
3 16  124.740 -56.641 6.000 123.431 -54.844 12.000 122.924 -55.801 12.000
3 16  124.419 -57.446 6.000 124.740 -56.641 6.000 122.924 -55.801 12.000
3 16  124.419 -57.446 6.000 122.924 -55.801 12.000 122.523 -56.807 12.000
3 16  124.187 -58.280 6.000 124.419 -57.446 6.000 122.523 -56.807 12.000
3 16  124.187 -58.280 6.000 122.523 -56.807 12.000 122.234 -57.850 12.000
3 16  124.047 -59.135 6.000 124.187 -58.280 6.000 122.234 -57.850 12.000
3 16  124.047 -59.135 6.000 122.234 -57.850 12.000 122.058 -58.919 12.000
3 16  124.000 -60.000 6.000 124.047 -59.135 6.000 122.058 -58.919 12.000
3 16  124.000 -60.000 6.000 122.058 -58.919 12.000 122.000 -60.000 12.000
3 16  124.047 -60.865 6.000 124.000 -60.000 6.000 122.000 -60.000 12.000
3 16  122.058 -61.081 12.000 124.047 -60.865 6.000 122.000 -60.000 12.000
3 16  124.187 -61.720 6.000 124.047 -60.865 6.000 122.058 -61.081 12.000
3 16  122.234 -62.150 12.000 124.187 -61.720 6.000 122.058 -61.081 12.000
3 16  124.419 -62.554 6.000 124.187 -61.720 6.000 122.234 -62.150 12.000
3 16  122.523 -63.193 12.000 124.419 -62.554 6.000 122.234 -62.150 12.000
3 16  124.740 -63.359 6.000 124.419 -62.554 6.000 122.523 -63.193 12.000
3 16  122.924 -64.199 12.000 124.740 -63.359 6.000 122.523 -63.193 12.000
3 16  125.145 -64.124 6.000 124.740 -63.359 6.000 122.924 -64.199 12.000
3 16  123.431 -65.156 12.000 125.145 -64.124 6.000 122.924 -64.199 12.000
3 16  125.631 -64.841 6.000 125.145 -64.124 6.000 123.431 -65.156 12.000
3 16  124.039 -66.052 12.000 125.631 -64.841 6.000 123.431 -65.156 12.000
3 16  126.192 -65.502 6.000 125.631 -64.841 6.000 124.039 -66.052 12.000
3 16  124.740 -66.877 12.000 126.192 -65.502 6.000 124.039 -66.052 12.000
3 16  126.821 -66.097 6.000 126.192 -65.502 6.000 124.740 -66.877 12.000
3 16  125.526 -67.621 12.000 126.821 -66.097 6.000 124.740 -66.877 12.000
3 16  127.510 -66.621 6.000 126.821 -66.097 6.000 125.526 -67.621 12.000
3 16  126.388 -68.277 12.000 127.510 -66.621 6.000 125.526 -67.621 12.000
3 16  128.253 -67.068 6.000 127.510 -66.621 6.000 126.388 -68.277 12.000
3 16  127.316 -68.835 12.000 128.253 -67.068 6.000 126.388 -68.277 12.000
3 16  129.039 -67.432 6.000 128.253 -67.068 6.000 127.316 -68.835 12.000
3 16  128.298 -69.290 12.000 129.039 -67.432 6.000 127.316 -68.835 12.000
3 16  129.860 -67.709 6.000 129.039 -67.432 6.000 128.298 -69.290 12.000
3 16  129.325 -69.635 12.000 129.860 -67.709 6.000 128.298 -69.290 12.000
3 16  130.706 -67.895 6.000 129.860 -67.709 6.000 129.325 -69.635 12.000
3 16  130.382 -69.868 12.000 130.706 -67.895 6.000 129.325 -69.635 12.000
3 16  131.567 -67.988 6.000 130.706 -67.895 6.000 130.382 -69.868 12.000
3 16  131.458 -69.985 12.000 131.567 -67.988 6.000 130.382 -69.868 12.000
3 16  132.433 -67.988 6.000 131.458 -69.985 12.000 132.541 -69.985 12.000
3 16  131.458 -69.985 12.000 132.433 -67.988 6.000 131.567 -67.988 6.000
3 16  132.541 -69.985 12.000 133.294 -67.895 6.000 132.433 -67.988 6.000
3 16  133.618 -69.868 12.000 133.294 -67.895 6.000 132.541 -69.985 12.000
3 16  133.618 -69.868 12.000 134.140 -67.709 6.000 133.294 -67.895 6.000
3 16  134.675 -69.635 12.000 134.140 -67.709 6.000 133.618 -69.868 12.000
3 16  134.675 -69.635 12.000 134.961 -67.432 6.000 134.140 -67.709 6.000
3 16  135.702 -69.290 12.000 134.961 -67.432 6.000 134.675 -69.635 12.000
3 16  135.702 -69.290 12.000 135.747 -67.068 6.000 134.961 -67.432 6.000
3 16  136.684 -68.835 12.000 135.747 -67.068 6.000 135.702 -69.290 12.000
3 16  136.684 -68.835 12.000 136.489 -66.621 6.000 135.747 -67.068 6.000
3 16  136.684 -68.835 12.000 137.612 -68.277 12.000 136.489 -66.621 6.000
3 16  137.612 -68.277 12.000 137.179 -66.097 6.000 136.489 -66.621 6.000
3 16  137.612 -68.277 12.000 138.474 -67.621 12.000 137.179 -66.097 6.000
3 16  138.474 -67.621 12.000 137.808 -65.502 6.000 137.179 -66.097 6.000
3 16  138.474 -67.621 12.000 139.260 -66.877 12.000 137.808 -65.502 6.000
3 16  139.260 -66.877 12.000 138.369 -64.841 6.000 137.808 -65.502 6.000
3 16  139.260 -66.877 12.000 139.961 -66.052 12.000 138.369 -64.841 6.000
3 16  139.961 -66.052 12.000 138.855 -64.124 6.000 138.369 -64.841 6.000
3 16  139.961 -66.052 12.000 140.569 -65.156 12.000 138.855 -64.124 6.000
3 16  140.569 -65.156 12.000 139.261 -63.359 6.000 138.855 -64.124 6.000
3 16  140.569 -65.156 12.000 141.076 -64.199 12.000 139.261 -63.359 6.000
3 16  141.076 -64.199 12.000 139.581 -62.554 6.000 139.261 -63.359 6.000
3 16  141.076 -64.199 12.000 141.477 -63.193 12.000 139.581 -62.554 6.000
3 16  141.477 -63.193 12.000 139.813 -61.720 6.000 139.581 -62.554 6.000
3 16  141.477 -63.193 12.000 141.766 -62.150 12.000 139.813 -61.720 6.000
3 16  141.766 -62.150 12.000 139.953 -60.865 6.000 139.813 -61.720 6.000
3 16  141.766 -62.150 12.000 141.942 -61.081 12.000 139.953 -60.865 6.000
3 16  141.942 -61.081 12.000 140.000 -60.000 6.000 139.953 -60.865 6.000
3 16  141.942 -61.081 12.000 142.000 -60.000 12.000 140.000 -60.000 6.000
3 16  140.000 -60.000 6.000 142.000 -60.000 12.000 139.953 -59.135 6.000
3 16  142.000 -60.000 12.000 141.942 -58.919 12.000 139.953 -59.135 6.000
3 16  0.000 -21.000 0.000 0.000 0.000 12.000 0.000 0.000 0.000
3 16  0.000 0.000 12.000 0.000 -21.000 0.000 0.000 -21.000 12.000
3 16  0.000 -72.000 0.000 120.000 -72.000 12.000 0.000 -72.000 12.000
3 16  120.000 -72.000 12.000 0.000 -72.000 0.000 120.000 -72.000 0.000
3 16  0.000 -72.000 0.000 0.000 -51.000 12.000 0.000 -51.000 0.000
3 16  0.000 -51.000 12.000 0.000 -72.000 0.000 0.000 -72.000 12.000
3 16  17.500 -51.000 0.000 0.000 -51.000 12.000 17.500 -51.000 12.000
3 16  0.000 -51.000 12.000 17.500 -51.000 0.000 0.000 -51.000 0.000
3 16  17.500 -21.000 12.000 17.500 -16.000 0.000 17.500 -16.000 12.000
3 16  17.500 -16.000 0.000 17.500 -21.000 12.000 17.500 -21.000 0.000
3 16  0.000 -21.000 0.000 17.500 -21.000 12.000 0.000 -21.000 12.000
3 16  17.500 -21.000 12.000 0.000 -21.000 0.000 17.500 -21.000 0.000
3 16  17.500 -16.000 0.000 100.000 -16.000 12.000 17.500 -16.000 12.000
3 16  100.000 -16.000 12.000 17.500 -16.000 0.000 100.000 -16.000 0.000
3 16  100.000 -56.000 0.000 100.000 -16.000 12.000 100.000 -16.000 0.000
3 16  100.000 -16.000 12.000 100.000 -56.000 0.000 100.000 -56.000 12.000
3 16  100.000 -56.000 0.000 17.500 -56.000 12.000 100.000 -56.000 12.000
3 16  17.500 -56.000 12.000 100.000 -56.000 0.000 17.500 -56.000 0.000
3 16  17.500 -56.000 12.000 17.500 -51.000 0.000 17.500 -51.000 12.000
3 16  17.500 -51.000 0.000 17.500 -56.000 12.000 17.500 -56.000 0.000
