0 ./dat/parts/wire-3H.dat
0 !LDRAW Unofficial_part
0 BFC CERTIFY CCW
3 16  0.000 24.000 1.750 -24.000 24.000 6.000 0.000 24.000 6.000
3 16  -24.000 24.000 0.000 0.000 24.000 1.750 0.000 24.000 0.000
3 16  0.000 24.000 1.750 -24.000 24.000 0.000 -24.000 24.000 6.000
3 16  0.000 24.000 6.000 -4.000 12.000 6.000 0.000 0.000 6.000
3 16  0.000 24.000 6.000 -4.047 12.865 6.000 -4.000 12.000 6.000
3 16  0.000 24.000 6.000 -4.187 13.720 6.000 -4.047 12.865 6.000
3 16  0.000 24.000 6.000 -4.419 14.554 6.000 -4.187 13.720 6.000
3 16  0.000 24.000 6.000 -4.739 15.359 6.000 -4.419 14.554 6.000
3 16  0.000 24.000 6.000 -5.145 16.124 6.000 -4.739 15.359 6.000
3 16  0.000 24.000 6.000 -5.631 16.841 6.000 -5.145 16.124 6.000
3 16  0.000 24.000 6.000 -6.192 17.502 6.000 -5.631 16.841 6.000
3 16  0.000 24.000 6.000 -6.821 18.097 6.000 -6.192 17.502 6.000
3 16  0.000 24.000 6.000 -7.511 18.622 6.000 -6.821 18.097 6.000
3 16  0.000 24.000 6.000 -8.253 19.068 6.000 -7.511 18.622 6.000
3 16  0.000 24.000 6.000 -9.039 19.432 6.000 -8.253 19.068 6.000
3 16  0.000 24.000 6.000 -9.860 19.708 6.000 -9.039 19.432 6.000
3 16  0.000 24.000 6.000 -10.706 19.895 6.000 -9.860 19.708 6.000
3 16  0.000 24.000 6.000 -11.567 19.988 6.000 -10.706 19.895 6.000
3 16  0.000 24.000 6.000 -12.433 19.988 6.000 -11.567 19.988 6.000
3 16  -24.000 24.000 6.000 -12.433 19.988 6.000 0.000 24.000 6.000
3 16  -12.433 19.988 6.000 -24.000 24.000 6.000 -13.294 19.895 6.000
3 16  -19.953 12.865 6.000 -24.000 24.000 6.000 -20.000 12.000 6.000
3 16  -19.813 13.720 6.000 -24.000 24.000 6.000 -19.953 12.865 6.000
3 16  -19.581 14.554 6.000 -24.000 24.000 6.000 -19.813 13.720 6.000
3 16  -19.261 15.359 6.000 -24.000 24.000 6.000 -19.581 14.554 6.000
3 16  -18.855 16.124 6.000 -24.000 24.000 6.000 -19.261 15.359 6.000
3 16  -18.369 16.841 6.000 -24.000 24.000 6.000 -18.855 16.124 6.000
3 16  -17.808 17.502 6.000 -24.000 24.000 6.000 -18.369 16.841 6.000
3 16  -17.179 18.097 6.000 -24.000 24.000 6.000 -17.808 17.502 6.000
3 16  -16.489 18.622 6.000 -24.000 24.000 6.000 -17.179 18.097 6.000
3 16  -15.747 19.068 6.000 -24.000 24.000 6.000 -16.489 18.622 6.000
3 16  -14.961 19.432 6.000 -24.000 24.000 6.000 -15.747 19.068 6.000
3 16  -14.140 19.708 6.000 -24.000 24.000 6.000 -14.961 19.432 6.000
3 16  -13.294 19.895 6.000 -24.000 24.000 6.000 -14.140 19.708 6.000
3 16  -4.047 11.135 6.000 0.000 0.000 6.000 -4.000 12.000 6.000
3 16  -4.187 10.280 6.000 0.000 0.000 6.000 -4.047 11.135 6.000
3 16  -4.419 9.446 6.000 0.000 0.000 6.000 -4.187 10.280 6.000
3 16  -4.739 8.641 6.000 0.000 0.000 6.000 -4.419 9.446 6.000
3 16  -5.145 7.876 6.000 0.000 0.000 6.000 -4.739 8.641 6.000
3 16  -5.631 7.159 6.000 0.000 0.000 6.000 -5.145 7.876 6.000
3 16  -6.192 6.498 6.000 0.000 0.000 6.000 -5.631 7.159 6.000
3 16  -6.821 5.903 6.000 0.000 0.000 6.000 -6.192 6.498 6.000
3 16  -7.511 5.378 6.000 0.000 0.000 6.000 -6.821 5.903 6.000
3 16  -8.253 4.932 6.000 0.000 0.000 6.000 -7.511 5.378 6.000
3 16  -9.039 4.568 6.000 0.000 0.000 6.000 -8.253 4.932 6.000
3 16  -9.860 4.292 6.000 0.000 0.000 6.000 -9.039 4.568 6.000
3 16  -10.706 4.105 6.000 0.000 0.000 6.000 -9.860 4.292 6.000
3 16  -11.567 4.012 6.000 0.000 0.000 6.000 -10.706 4.105 6.000
3 16  -12.433 4.012 6.000 0.000 0.000 6.000 -11.567 4.012 6.000
3 16  -24.000 0.000 6.000 -12.433 4.012 6.000 -13.294 4.105 6.000
3 16  -24.000 0.000 6.000 -13.294 4.105 6.000 -14.140 4.292 6.000
3 16  -24.000 0.000 6.000 -20.000 12.000 6.000 -24.000 24.000 6.000
3 16  -20.000 12.000 6.000 -24.000 0.000 6.000 -19.953 11.135 6.000
3 16  -19.953 11.135 6.000 -24.000 0.000 6.000 -19.813 10.280 6.000
3 16  -12.433 4.012 6.000 -24.000 0.000 6.000 0.000 0.000 6.000
3 16  -14.961 4.568 6.000 -24.000 0.000 6.000 -14.140 4.292 6.000
3 16  -15.747 4.932 6.000 -24.000 0.000 6.000 -14.961 4.568 6.000
3 16  -16.489 5.378 6.000 -24.000 0.000 6.000 -15.747 4.932 6.000
3 16  -17.179 5.903 6.000 -24.000 0.000 6.000 -16.489 5.378 6.000
3 16  -17.808 6.498 6.000 -24.000 0.000 6.000 -17.179 5.903 6.000
3 16  -18.369 7.159 6.000 -24.000 0.000 6.000 -17.808 6.498 6.000
3 16  -18.855 7.876 6.000 -24.000 0.000 6.000 -18.369 7.159 6.000
3 16  -19.261 8.641 6.000 -24.000 0.000 6.000 -18.855 7.876 6.000
3 16  -19.581 9.446 6.000 -24.000 0.000 6.000 -19.261 8.641 6.000
3 16  -19.813 10.280 6.000 -24.000 0.000 6.000 -19.581 9.446 6.000
3 16  -24.000 0.000 0.000 -24.000 24.000 6.000 -24.000 24.000 0.000
3 16  -24.000 24.000 6.000 -24.000 0.000 0.000 -24.000 0.000 6.000
3 16  96.000 0.000 0.000 94.000 12.000 0.000 96.000 24.000 0.000
3 16  96.000 0.000 0.000 93.941 10.919 0.000 94.000 12.000 0.000
3 16  96.000 0.000 0.000 93.766 9.850 0.000 93.941 10.919 0.000
3 16  96.000 0.000 0.000 93.477 8.807 0.000 93.766 9.850 0.000
3 16  96.000 0.000 0.000 93.076 7.801 0.000 93.477 8.807 0.000
3 16  96.000 0.000 0.000 92.569 6.844 0.000 93.076 7.801 0.000
3 16  96.000 0.000 0.000 91.961 5.948 0.000 92.569 6.844 0.000
3 16  96.000 0.000 0.000 91.260 5.123 0.000 91.961 5.948 0.000
3 16  96.000 0.000 0.000 90.474 4.378 0.000 91.260 5.123 0.000
3 16  96.000 0.000 0.000 89.612 3.723 0.000 90.474 4.378 0.000
3 16  96.000 0.000 0.000 88.684 3.165 0.000 89.612 3.723 0.000
3 16  96.000 0.000 0.000 87.701 2.710 0.000 88.684 3.165 0.000
3 16  96.000 0.000 0.000 86.675 2.364 0.000 87.701 2.710 0.000
3 16  96.000 0.000 0.000 85.618 2.132 0.000 86.675 2.364 0.000
3 16  96.000 0.000 0.000 84.541 2.015 0.000 85.618 2.132 0.000
3 16  96.000 0.000 0.000 83.459 2.015 0.000 84.541 2.015 0.000
3 16  96.000 0.000 0.000 82.382 2.132 0.000 83.459 2.015 0.000
3 16  -2.000 12.000 0.000 74.000 12.000 0.000 74.058 10.919 0.000
3 16  74.000 12.000 0.000 0.000 24.000 0.000 72.000 24.000 0.000
3 16  -2.059 10.919 0.000 74.058 10.919 0.000 74.234 9.850 0.000
3 16  -2.234 9.850 0.000 74.234 9.850 0.000 74.523 8.807 0.000
3 16  -2.523 8.807 0.000 74.523 8.807 0.000 74.924 7.801 0.000
3 16  -2.924 7.801 0.000 74.924 7.801 0.000 75.431 6.844 0.000
3 16  -3.431 6.844 0.000 75.431 6.844 0.000 76.039 5.948 0.000
3 16  -4.039 5.948 0.000 76.039 5.948 0.000 76.740 5.123 0.000
3 16  -4.740 5.123 0.000 76.740 5.123 0.000 77.526 4.378 0.000
3 16  -5.526 4.378 0.000 77.526 4.378 0.000 78.388 3.723 0.000
3 16  -6.388 3.723 0.000 78.388 3.723 0.000 79.316 3.165 0.000
3 16  -7.316 3.165 0.000 79.316 3.165 0.000 80.298 2.710 0.000
3 16  -8.299 2.710 0.000 80.298 2.710 0.000 81.325 2.364 0.000
3 16  74.000 12.000 0.000 -2.000 12.000 0.000 0.000 24.000 0.000
3 16  -9.325 2.364 0.000 81.325 2.364 0.000 82.382 2.132 0.000
3 16  -10.382 2.132 0.000 82.382 2.132 0.000 96.000 0.000 0.000
3 16  74.058 10.919 0.000 -2.059 10.919 0.000 -2.000 12.000 0.000
3 16  74.234 9.850 0.000 -2.234 9.850 0.000 -2.059 10.919 0.000
3 16  74.523 8.807 0.000 -2.523 8.807 0.000 -2.234 9.850 0.000
3 16  74.924 7.801 0.000 -2.924 7.801 0.000 -2.523 8.807 0.000
3 16  75.431 6.844 0.000 -3.431 6.844 0.000 -2.924 7.801 0.000
3 16  76.039 5.948 0.000 -4.039 5.948 0.000 -3.431 6.844 0.000
3 16  76.740 5.123 0.000 -4.740 5.123 0.000 -4.039 5.948 0.000
3 16  77.526 4.378 0.000 -5.526 4.378 0.000 -4.740 5.123 0.000
3 16  78.388 3.723 0.000 -6.388 3.723 0.000 -5.526 4.378 0.000
3 16  79.316 3.165 0.000 -7.316 3.165 0.000 -6.388 3.723 0.000
3 16  80.298 2.710 0.000 -8.299 2.710 0.000 -7.316 3.165 0.000
3 16  81.325 2.364 0.000 -9.325 2.364 0.000 -8.299 2.710 0.000
3 16  82.382 2.132 0.000 -10.382 2.132 0.000 -9.325 2.364 0.000
3 16  -24.000 0.000 0.000 -10.382 2.132 0.000 96.000 0.000 0.000
3 16  -10.382 2.132 0.000 -24.000 0.000 0.000 -11.459 2.015 0.000
3 16  -21.941 10.919 0.000 -24.000 0.000 0.000 -22.000 12.000 0.000
3 16  -21.766 9.850 0.000 -24.000 0.000 0.000 -21.941 10.919 0.000
3 16  -21.477 8.807 0.000 -24.000 0.000 0.000 -21.766 9.850 0.000
3 16  -21.076 7.801 0.000 -24.000 0.000 0.000 -21.477 8.807 0.000
3 16  -20.569 6.844 0.000 -24.000 0.000 0.000 -21.076 7.801 0.000
3 16  -19.961 5.948 0.000 -24.000 0.000 0.000 -20.569 6.844 0.000
3 16  -19.260 5.123 0.000 -24.000 0.000 0.000 -19.961 5.948 0.000
3 16  -18.474 4.378 0.000 -24.000 0.000 0.000 -19.260 5.123 0.000
3 16  -17.612 3.723 0.000 -24.000 0.000 0.000 -18.474 4.378 0.000
3 16  -16.684 3.165 0.000 -24.000 0.000 0.000 -17.612 3.723 0.000
3 16  -15.701 2.710 0.000 -24.000 0.000 0.000 -16.684 3.165 0.000
3 16  -14.675 2.364 0.000 -24.000 0.000 0.000 -15.701 2.710 0.000
3 16  -13.618 2.132 0.000 -24.000 0.000 0.000 -14.675 2.364 0.000
3 16  -12.541 2.015 0.000 -24.000 0.000 0.000 -13.618 2.132 0.000
3 16  -11.459 2.015 0.000 -24.000 0.000 0.000 -12.541 2.015 0.000
3 16  93.941 13.081 0.000 96.000 24.000 0.000 94.000 12.000 0.000
3 16  93.766 14.150 0.000 96.000 24.000 0.000 93.941 13.081 0.000
3 16  93.477 15.193 0.000 96.000 24.000 0.000 93.766 14.150 0.000
3 16  93.076 16.199 0.000 96.000 24.000 0.000 93.477 15.193 0.000
3 16  92.569 17.156 0.000 96.000 24.000 0.000 93.076 16.199 0.000
3 16  91.961 18.052 0.000 96.000 24.000 0.000 92.569 17.156 0.000
3 16  91.260 18.877 0.000 96.000 24.000 0.000 91.961 18.052 0.000
3 16  90.474 19.622 0.000 96.000 24.000 0.000 91.260 18.877 0.000
3 16  89.612 20.277 0.000 96.000 24.000 0.000 90.474 19.622 0.000
3 16  88.684 20.835 0.000 96.000 24.000 0.000 89.612 20.277 0.000
3 16  87.701 21.290 0.000 96.000 24.000 0.000 88.684 20.835 0.000
3 16  86.675 21.636 0.000 96.000 24.000 0.000 87.701 21.290 0.000
3 16  85.618 21.868 0.000 96.000 24.000 0.000 86.675 21.636 0.000
3 16  84.541 21.985 0.000 96.000 24.000 0.000 85.618 21.868 0.000
3 16  83.459 21.985 0.000 96.000 24.000 0.000 84.541 21.985 0.000
3 16  72.000 24.000 0.000 83.459 21.985 0.000 82.382 21.868 0.000
3 16  83.459 21.985 0.000 72.000 24.000 0.000 96.000 24.000 0.000
3 16  81.325 21.636 0.000 72.000 24.000 0.000 82.382 21.868 0.000
3 16  80.298 21.290 0.000 72.000 24.000 0.000 81.325 21.636 0.000
3 16  79.316 20.835 0.000 72.000 24.000 0.000 80.298 21.290 0.000
3 16  78.388 20.277 0.000 72.000 24.000 0.000 79.316 20.835 0.000
3 16  77.526 19.622 0.000 72.000 24.000 0.000 78.388 20.277 0.000
3 16  76.740 18.877 0.000 72.000 24.000 0.000 77.526 19.622 0.000
3 16  76.039 18.052 0.000 72.000 24.000 0.000 76.740 18.877 0.000
3 16  75.431 17.156 0.000 72.000 24.000 0.000 76.039 18.052 0.000
3 16  74.924 16.199 0.000 72.000 24.000 0.000 75.431 17.156 0.000
3 16  74.523 15.193 0.000 72.000 24.000 0.000 74.924 16.199 0.000
3 16  74.234 14.150 0.000 72.000 24.000 0.000 74.523 15.193 0.000
3 16  74.058 13.081 0.000 72.000 24.000 0.000 74.234 14.150 0.000
3 16  72.000 24.000 0.000 74.058 13.081 0.000 74.000 12.000 0.000
3 16  -2.059 13.081 0.000 0.000 24.000 0.000 -2.000 12.000 0.000
3 16  -2.234 14.150 0.000 0.000 24.000 0.000 -2.059 13.081 0.000
3 16  -2.523 15.193 0.000 0.000 24.000 0.000 -2.234 14.150 0.000
3 16  -2.924 16.199 0.000 0.000 24.000 0.000 -2.523 15.193 0.000
3 16  -3.431 17.156 0.000 0.000 24.000 0.000 -2.924 16.199 0.000
3 16  -4.039 18.052 0.000 0.000 24.000 0.000 -3.431 17.156 0.000
3 16  -4.740 18.877 0.000 0.000 24.000 0.000 -4.039 18.052 0.000
3 16  -5.526 19.622 0.000 0.000 24.000 0.000 -4.740 18.877 0.000
3 16  -6.388 20.277 0.000 0.000 24.000 0.000 -5.526 19.622 0.000
3 16  -7.316 20.835 0.000 0.000 24.000 0.000 -6.388 20.277 0.000
3 16  -8.299 21.290 0.000 0.000 24.000 0.000 -7.316 20.835 0.000
3 16  -9.325 21.636 0.000 0.000 24.000 0.000 -8.299 21.290 0.000
3 16  -10.382 21.868 0.000 0.000 24.000 0.000 -9.325 21.636 0.000
3 16  -11.459 21.985 0.000 0.000 24.000 0.000 -10.382 21.868 0.000
3 16  -12.541 21.985 0.000 0.000 24.000 0.000 -11.459 21.985 0.000
3 16  -24.000 24.000 0.000 -12.541 21.985 0.000 -13.618 21.868 0.000
3 16  -24.000 24.000 0.000 -22.000 12.000 0.000 -24.000 0.000 0.000
3 16  -12.541 21.985 0.000 -24.000 24.000 0.000 0.000 24.000 0.000
3 16  -14.675 21.636 0.000 -24.000 24.000 0.000 -13.618 21.868 0.000
3 16  -15.701 21.290 0.000 -24.000 24.000 0.000 -14.675 21.636 0.000
3 16  -16.684 20.835 0.000 -24.000 24.000 0.000 -15.701 21.290 0.000
3 16  -17.612 20.277 0.000 -24.000 24.000 0.000 -16.684 20.835 0.000
3 16  -18.474 19.622 0.000 -24.000 24.000 0.000 -17.612 20.277 0.000
3 16  -19.260 18.877 0.000 -24.000 24.000 0.000 -18.474 19.622 0.000
3 16  -19.961 18.052 0.000 -24.000 24.000 0.000 -19.260 18.877 0.000
3 16  -20.569 17.156 0.000 -24.000 24.000 0.000 -19.961 18.052 0.000
3 16  -21.076 16.199 0.000 -24.000 24.000 0.000 -20.569 17.156 0.000
3 16  -21.477 15.193 0.000 -24.000 24.000 0.000 -21.076 16.199 0.000
3 16  -21.766 14.150 0.000 -24.000 24.000 0.000 -21.477 15.193 0.000
3 16  -21.941 13.081 0.000 -24.000 24.000 0.000 -21.766 14.150 0.000
3 16  -22.000 12.000 0.000 -24.000 24.000 0.000 -21.941 13.081 0.000
3 16  -4.047 11.135 6.000 -2.059 10.919 0.000 -4.187 10.280 6.000
3 16  -2.059 10.919 0.000 -2.234 9.850 0.000 -4.187 10.280 6.000
3 16  -4.187 10.280 6.000 -2.234 9.850 0.000 -4.419 9.446 6.000
3 16  -2.234 9.850 0.000 -2.523 8.807 0.000 -4.419 9.446 6.000
3 16  -4.419 9.446 6.000 -2.523 8.807 0.000 -4.739 8.641 6.000
3 16  -2.523 8.807 0.000 -2.924 7.801 0.000 -4.739 8.641 6.000
3 16  -4.739 8.641 6.000 -2.924 7.801 0.000 -5.145 7.876 6.000
3 16  -2.924 7.801 0.000 -3.431 6.844 0.000 -5.145 7.876 6.000
3 16  -5.145 7.876 6.000 -3.431 6.844 0.000 -5.631 7.159 6.000
3 16  -3.431 6.844 0.000 -4.039 5.948 0.000 -5.631 7.159 6.000
3 16  -5.631 7.159 6.000 -4.039 5.948 0.000 -6.192 6.498 6.000
3 16  -4.039 5.948 0.000 -4.740 5.123 0.000 -6.192 6.498 6.000
3 16  -6.192 6.498 6.000 -4.740 5.123 0.000 -6.821 5.903 6.000
3 16  -4.740 5.123 0.000 -5.526 4.378 0.000 -6.821 5.903 6.000
3 16  -6.821 5.903 6.000 -5.526 4.378 0.000 -7.511 5.378 6.000
3 16  -5.526 4.378 0.000 -6.388 3.723 0.000 -7.511 5.378 6.000
3 16  -7.511 5.378 6.000 -6.388 3.723 0.000 -8.253 4.932 6.000
3 16  -6.388 3.723 0.000 -7.316 3.165 0.000 -8.253 4.932 6.000
3 16  -8.253 4.932 6.000 -7.316 3.165 0.000 -9.039 4.568 6.000
3 16  -7.316 3.165 0.000 -8.299 2.710 0.000 -9.039 4.568 6.000
3 16  -9.039 4.568 6.000 -8.299 2.710 0.000 -9.860 4.292 6.000
3 16  -8.299 2.710 0.000 -9.325 2.364 0.000 -9.860 4.292 6.000
3 16  -9.860 4.292 6.000 -9.325 2.364 0.000 -10.706 4.105 6.000
3 16  -9.325 2.364 0.000 -10.382 2.132 0.000 -10.706 4.105 6.000
3 16  -10.706 4.105 6.000 -10.382 2.132 0.000 -11.567 4.012 6.000
3 16  -10.382 2.132 0.000 -11.459 2.015 0.000 -11.567 4.012 6.000
3 16  -11.459 2.015 0.000 -12.433 4.012 6.000 -11.567 4.012 6.000
3 16  -12.433 4.012 6.000 -11.459 2.015 0.000 -12.541 2.015 0.000
3 16  -12.433 4.012 6.000 -12.541 2.015 0.000 -13.294 4.105 6.000
3 16  -13.294 4.105 6.000 -12.541 2.015 0.000 -13.618 2.132 0.000
3 16  -13.294 4.105 6.000 -13.618 2.132 0.000 -14.140 4.292 6.000
3 16  -14.140 4.292 6.000 -13.618 2.132 0.000 -14.675 2.364 0.000
3 16  -14.140 4.292 6.000 -14.675 2.364 0.000 -14.961 4.568 6.000
3 16  -14.961 4.568 6.000 -14.675 2.364 0.000 -15.701 2.710 0.000
3 16  -14.961 4.568 6.000 -15.701 2.710 0.000 -15.747 4.932 6.000
3 16  -15.747 4.932 6.000 -15.701 2.710 0.000 -16.684 3.165 0.000
3 16  -16.489 5.378 6.000 -15.747 4.932 6.000 -16.684 3.165 0.000
3 16  -16.489 5.378 6.000 -16.684 3.165 0.000 -17.612 3.723 0.000
3 16  -17.179 5.903 6.000 -16.489 5.378 6.000 -17.612 3.723 0.000
3 16  -17.179 5.903 6.000 -17.612 3.723 0.000 -18.474 4.378 0.000
3 16  -17.808 6.498 6.000 -17.179 5.903 6.000 -18.474 4.378 0.000
3 16  -17.808 6.498 6.000 -18.474 4.378 0.000 -19.260 5.123 0.000
3 16  -18.369 7.159 6.000 -17.808 6.498 6.000 -19.260 5.123 0.000
3 16  -18.369 7.159 6.000 -19.260 5.123 0.000 -19.961 5.948 0.000
3 16  -18.855 7.876 6.000 -18.369 7.159 6.000 -19.961 5.948 0.000
3 16  -18.855 7.876 6.000 -19.961 5.948 0.000 -20.569 6.844 0.000
3 16  -19.261 8.641 6.000 -18.855 7.876 6.000 -20.569 6.844 0.000
3 16  -19.261 8.641 6.000 -20.569 6.844 0.000 -21.076 7.801 0.000
3 16  -19.581 9.446 6.000 -19.261 8.641 6.000 -21.076 7.801 0.000
3 16  -19.581 9.446 6.000 -21.076 7.801 0.000 -21.477 8.807 0.000
3 16  -19.813 10.280 6.000 -19.581 9.446 6.000 -21.477 8.807 0.000
3 16  -19.813 10.280 6.000 -21.477 8.807 0.000 -21.766 9.850 0.000
3 16  -19.953 11.135 6.000 -19.813 10.280 6.000 -21.766 9.850 0.000
3 16  -19.953 11.135 6.000 -21.766 9.850 0.000 -21.941 10.919 0.000
3 16  -20.000 12.000 6.000 -19.953 11.135 6.000 -21.941 10.919 0.000
3 16  -20.000 12.000 6.000 -21.941 10.919 0.000 -22.000 12.000 0.000
3 16  -19.953 12.865 6.000 -20.000 12.000 6.000 -22.000 12.000 0.000
3 16  -21.941 13.081 0.000 -19.953 12.865 6.000 -22.000 12.000 0.000
3 16  -19.813 13.720 6.000 -19.953 12.865 6.000 -21.941 13.081 0.000
3 16  -21.766 14.150 0.000 -19.813 13.720 6.000 -21.941 13.081 0.000
3 16  -19.581 14.554 6.000 -19.813 13.720 6.000 -21.766 14.150 0.000
3 16  -21.477 15.193 0.000 -19.581 14.554 6.000 -21.766 14.150 0.000
3 16  -19.261 15.359 6.000 -19.581 14.554 6.000 -21.477 15.193 0.000
3 16  -21.076 16.199 0.000 -19.261 15.359 6.000 -21.477 15.193 0.000
3 16  -18.855 16.124 6.000 -19.261 15.359 6.000 -21.076 16.199 0.000
3 16  -20.569 17.156 0.000 -18.855 16.124 6.000 -21.076 16.199 0.000
3 16  -18.369 16.841 6.000 -18.855 16.124 6.000 -20.569 17.156 0.000
3 16  -19.961 18.052 0.000 -18.369 16.841 6.000 -20.569 17.156 0.000
3 16  -17.808 17.502 6.000 -18.369 16.841 6.000 -19.961 18.052 0.000
3 16  -19.260 18.877 0.000 -17.808 17.502 6.000 -19.961 18.052 0.000
3 16  -17.179 18.097 6.000 -17.808 17.502 6.000 -19.260 18.877 0.000
3 16  -18.474 19.622 0.000 -17.179 18.097 6.000 -19.260 18.877 0.000
3 16  -16.489 18.622 6.000 -17.179 18.097 6.000 -18.474 19.622 0.000
3 16  -17.612 20.277 0.000 -16.489 18.622 6.000 -18.474 19.622 0.000
3 16  -15.747 19.068 6.000 -16.489 18.622 6.000 -17.612 20.277 0.000
3 16  -16.684 20.835 0.000 -15.747 19.068 6.000 -17.612 20.277 0.000
3 16  -14.961 19.432 6.000 -15.747 19.068 6.000 -16.684 20.835 0.000
3 16  -15.701 21.290 0.000 -14.961 19.432 6.000 -16.684 20.835 0.000
3 16  -14.140 19.708 6.000 -14.961 19.432 6.000 -15.701 21.290 0.000
3 16  -14.675 21.636 0.000 -14.140 19.708 6.000 -15.701 21.290 0.000
3 16  -13.294 19.895 6.000 -14.140 19.708 6.000 -14.675 21.636 0.000
3 16  -13.618 21.868 0.000 -13.294 19.895 6.000 -14.675 21.636 0.000
3 16  -12.433 19.988 6.000 -13.294 19.895 6.000 -13.618 21.868 0.000
3 16  -12.541 21.985 0.000 -12.433 19.988 6.000 -13.618 21.868 0.000
3 16  -12.541 21.985 0.000 -11.567 19.988 6.000 -12.433 19.988 6.000
3 16  -11.567 19.988 6.000 -12.541 21.985 0.000 -11.459 21.985 0.000
3 16  -11.459 21.985 0.000 -10.706 19.895 6.000 -11.567 19.988 6.000
3 16  -10.382 21.868 0.000 -10.706 19.895 6.000 -11.459 21.985 0.000
3 16  -10.382 21.868 0.000 -9.860 19.708 6.000 -10.706 19.895 6.000
3 16  -9.325 21.636 0.000 -9.860 19.708 6.000 -10.382 21.868 0.000
3 16  -9.325 21.636 0.000 -9.039 19.432 6.000 -9.860 19.708 6.000
3 16  -8.299 21.290 0.000 -9.039 19.432 6.000 -9.325 21.636 0.000
3 16  -8.299 21.290 0.000 -8.253 19.068 6.000 -9.039 19.432 6.000
3 16  -7.316 20.835 0.000 -8.253 19.068 6.000 -8.299 21.290 0.000
3 16  -7.316 20.835 0.000 -7.511 18.622 6.000 -8.253 19.068 6.000
3 16  -7.316 20.835 0.000 -6.388 20.277 0.000 -7.511 18.622 6.000
3 16  -6.388 20.277 0.000 -6.821 18.097 6.000 -7.511 18.622 6.000
3 16  -6.388 20.277 0.000 -5.526 19.622 0.000 -6.821 18.097 6.000
3 16  -5.526 19.622 0.000 -6.192 17.502 6.000 -6.821 18.097 6.000
3 16  -5.526 19.622 0.000 -4.740 18.877 0.000 -6.192 17.502 6.000
3 16  -4.740 18.877 0.000 -5.631 16.841 6.000 -6.192 17.502 6.000
3 16  -4.740 18.877 0.000 -4.039 18.052 0.000 -5.631 16.841 6.000
3 16  -4.039 18.052 0.000 -5.145 16.124 6.000 -5.631 16.841 6.000
3 16  -4.039 18.052 0.000 -3.431 17.156 0.000 -5.145 16.124 6.000
3 16  -3.431 17.156 0.000 -4.739 15.359 6.000 -5.145 16.124 6.000
3 16  -3.431 17.156 0.000 -2.924 16.199 0.000 -4.739 15.359 6.000
3 16  -2.924 16.199 0.000 -4.419 14.554 6.000 -4.739 15.359 6.000
3 16  -2.924 16.199 0.000 -2.523 15.193 0.000 -4.419 14.554 6.000
3 16  -2.523 15.193 0.000 -4.187 13.720 6.000 -4.419 14.554 6.000
3 16  -2.523 15.193 0.000 -2.234 14.150 0.000 -4.187 13.720 6.000
3 16  -2.234 14.150 0.000 -4.047 12.865 6.000 -4.187 13.720 6.000
3 16  -2.234 14.150 0.000 -2.059 13.081 0.000 -4.047 12.865 6.000
3 16  -2.059 13.081 0.000 -4.000 12.000 6.000 -4.047 12.865 6.000
3 16  -2.059 13.081 0.000 -2.000 12.000 0.000 -4.000 12.000 6.000
3 16  -4.000 12.000 6.000 -2.000 12.000 0.000 -4.047 11.135 6.000
3 16  -2.000 12.000 0.000 -2.059 10.919 0.000 -4.047 11.135 6.000
3 16  -24.000 0.000 6.000 0.000 0.000 4.125 0.000 0.000 6.000
3 16  0.000 0.000 4.125 -24.000 0.000 0.000 72.000 0.000 4.125
3 16  -24.000 0.000 0.000 0.000 0.000 4.125 -24.000 0.000 6.000
3 16  72.000 0.000 4.125 96.000 0.000 6.000 72.000 0.000 6.000
3 16  72.000 0.000 4.125 96.000 0.000 0.000 96.000 0.000 6.000
3 16  96.000 0.000 0.000 72.000 0.000 4.125 -24.000 0.000 0.000
3 16  0.000 24.000 6.000 0.000 2.500 4.125 0.000 24.000 1.750
3 16  0.000 0.000 6.000 0.000 2.500 4.125 0.000 24.000 6.000
3 16  0.000 2.500 4.125 0.000 0.000 6.000 0.000 0.000 4.125
3 16  0.000 24.000 1.750 0.000 2.500 4.125 0.000 2.500 1.750
3 16  96.000 24.000 6.000 72.000 24.000 1.750 72.000 24.000 6.000
3 16  96.000 24.000 0.000 72.000 24.000 1.750 96.000 24.000 6.000
3 16  72.000 24.000 1.750 96.000 24.000 0.000 72.000 24.000 0.000
3 16  96.000 24.000 6.000 92.000 12.000 6.000 96.000 0.000 6.000
3 16  96.000 24.000 6.000 91.953 12.865 6.000 92.000 12.000 6.000
3 16  96.000 24.000 6.000 91.813 13.720 6.000 91.953 12.865 6.000
3 16  96.000 24.000 6.000 91.581 14.554 6.000 91.813 13.720 6.000
3 16  96.000 24.000 6.000 91.260 15.359 6.000 91.581 14.554 6.000
3 16  96.000 24.000 6.000 90.855 16.124 6.000 91.260 15.359 6.000
3 16  96.000 24.000 6.000 90.369 16.841 6.000 90.855 16.124 6.000
3 16  96.000 24.000 6.000 89.808 17.502 6.000 90.369 16.841 6.000
3 16  96.000 24.000 6.000 89.179 18.097 6.000 89.808 17.502 6.000
3 16  96.000 24.000 6.000 88.490 18.622 6.000 89.179 18.097 6.000
3 16  96.000 24.000 6.000 87.747 19.068 6.000 88.490 18.622 6.000
3 16  96.000 24.000 6.000 86.961 19.432 6.000 87.747 19.068 6.000
3 16  96.000 24.000 6.000 86.140 19.708 6.000 86.961 19.432 6.000
3 16  96.000 24.000 6.000 85.294 19.895 6.000 86.140 19.708 6.000
3 16  96.000 24.000 6.000 84.433 19.988 6.000 85.294 19.895 6.000
3 16  96.000 24.000 6.000 83.567 19.988 6.000 84.433 19.988 6.000
3 16  72.000 24.000 6.000 83.567 19.988 6.000 96.000 24.000 6.000
3 16  83.567 19.988 6.000 72.000 24.000 6.000 82.706 19.895 6.000
3 16  76.047 12.865 6.000 72.000 24.000 6.000 76.000 12.000 6.000
3 16  76.187 13.720 6.000 72.000 24.000 6.000 76.047 12.865 6.000
3 16  76.419 14.554 6.000 72.000 24.000 6.000 76.187 13.720 6.000
3 16  76.739 15.359 6.000 72.000 24.000 6.000 76.419 14.554 6.000
3 16  77.145 16.124 6.000 72.000 24.000 6.000 76.739 15.359 6.000
3 16  77.631 16.841 6.000 72.000 24.000 6.000 77.145 16.124 6.000
3 16  78.192 17.502 6.000 72.000 24.000 6.000 77.631 16.841 6.000
3 16  78.821 18.097 6.000 72.000 24.000 6.000 78.192 17.502 6.000
3 16  79.511 18.622 6.000 72.000 24.000 6.000 78.821 18.097 6.000
3 16  80.253 19.068 6.000 72.000 24.000 6.000 79.511 18.622 6.000
3 16  81.039 19.432 6.000 72.000 24.000 6.000 80.253 19.068 6.000
3 16  81.860 19.708 6.000 72.000 24.000 6.000 81.039 19.432 6.000
3 16  82.706 19.895 6.000 72.000 24.000 6.000 81.860 19.708 6.000
3 16  91.953 11.135 6.000 96.000 0.000 6.000 92.000 12.000 6.000
3 16  91.813 10.280 6.000 96.000 0.000 6.000 91.953 11.135 6.000
3 16  91.581 9.446 6.000 96.000 0.000 6.000 91.813 10.280 6.000
3 16  91.260 8.641 6.000 96.000 0.000 6.000 91.581 9.446 6.000
3 16  90.855 7.876 6.000 96.000 0.000 6.000 91.260 8.641 6.000
3 16  90.369 7.159 6.000 96.000 0.000 6.000 90.855 7.876 6.000
3 16  89.808 6.498 6.000 96.000 0.000 6.000 90.369 7.159 6.000
3 16  89.179 5.903 6.000 96.000 0.000 6.000 89.808 6.498 6.000
3 16  88.490 5.378 6.000 96.000 0.000 6.000 89.179 5.903 6.000
3 16  87.747 4.932 6.000 96.000 0.000 6.000 88.490 5.378 6.000
3 16  86.961 4.568 6.000 96.000 0.000 6.000 87.747 4.932 6.000
3 16  86.140 4.292 6.000 96.000 0.000 6.000 86.961 4.568 6.000
3 16  85.294 4.105 6.000 96.000 0.000 6.000 86.140 4.292 6.000
3 16  84.433 4.012 6.000 96.000 0.000 6.000 85.294 4.105 6.000
3 16  83.567 4.012 6.000 96.000 0.000 6.000 84.433 4.012 6.000
3 16  72.000 0.000 6.000 83.567 4.012 6.000 82.706 4.105 6.000
3 16  72.000 0.000 6.000 82.706 4.105 6.000 81.860 4.292 6.000
3 16  72.000 0.000 6.000 76.000 12.000 6.000 72.000 24.000 6.000
3 16  76.000 12.000 6.000 72.000 0.000 6.000 76.047 11.135 6.000
3 16  76.047 11.135 6.000 72.000 0.000 6.000 76.187 10.280 6.000
3 16  83.567 4.012 6.000 72.000 0.000 6.000 96.000 0.000 6.000
3 16  81.039 4.568 6.000 72.000 0.000 6.000 81.860 4.292 6.000
3 16  80.253 4.932 6.000 72.000 0.000 6.000 81.039 4.568 6.000
3 16  79.511 5.378 6.000 72.000 0.000 6.000 80.253 4.932 6.000
3 16  78.821 5.903 6.000 72.000 0.000 6.000 79.511 5.378 6.000
3 16  78.192 6.498 6.000 72.000 0.000 6.000 78.821 5.903 6.000
3 16  77.631 7.159 6.000 72.000 0.000 6.000 78.192 6.498 6.000
3 16  77.145 7.876 6.000 72.000 0.000 6.000 77.631 7.159 6.000
3 16  76.739 8.641 6.000 72.000 0.000 6.000 77.145 7.876 6.000
3 16  76.419 9.446 6.000 72.000 0.000 6.000 76.739 8.641 6.000
3 16  76.187 10.280 6.000 72.000 0.000 6.000 76.419 9.446 6.000
3 16  72.000 2.500 4.125 72.000 24.000 1.750 72.000 2.500 1.750
3 16  72.000 24.000 1.750 72.000 2.500 4.125 72.000 24.000 6.000
3 16  72.000 0.000 6.000 72.000 2.500 4.125 72.000 0.000 4.125
3 16  72.000 2.500 4.125 72.000 0.000 6.000 72.000 24.000 6.000
3 16  91.953 11.135 6.000 93.941 10.919 0.000 91.813 10.280 6.000
3 16  93.941 10.919 0.000 93.766 9.850 0.000 91.813 10.280 6.000
3 16  91.813 10.280 6.000 93.766 9.850 0.000 91.581 9.446 6.000
3 16  93.766 9.850 0.000 93.477 8.807 0.000 91.581 9.446 6.000
3 16  91.581 9.446 6.000 93.477 8.807 0.000 91.260 8.641 6.000
3 16  93.477 8.807 0.000 93.076 7.801 0.000 91.260 8.641 6.000
3 16  91.260 8.641 6.000 93.076 7.801 0.000 90.855 7.876 6.000
3 16  93.076 7.801 0.000 92.569 6.844 0.000 90.855 7.876 6.000
3 16  90.855 7.876 6.000 92.569 6.844 0.000 90.369 7.159 6.000
3 16  92.569 6.844 0.000 91.961 5.948 0.000 90.369 7.159 6.000
3 16  90.369 7.159 6.000 91.961 5.948 0.000 89.808 6.498 6.000
3 16  91.961 5.948 0.000 91.260 5.123 0.000 89.808 6.498 6.000
3 16  89.808 6.498 6.000 91.260 5.123 0.000 89.179 5.903 6.000
3 16  91.260 5.123 0.000 90.474 4.378 0.000 89.179 5.903 6.000
3 16  89.179 5.903 6.000 90.474 4.378 0.000 88.490 5.378 6.000
3 16  90.474 4.378 0.000 89.612 3.723 0.000 88.490 5.378 6.000
3 16  88.490 5.378 6.000 89.612 3.723 0.000 87.747 4.932 6.000
3 16  89.612 3.723 0.000 88.684 3.165 0.000 87.747 4.932 6.000
3 16  87.747 4.932 6.000 88.684 3.165 0.000 86.961 4.568 6.000
3 16  88.684 3.165 0.000 87.701 2.710 0.000 86.961 4.568 6.000
3 16  86.961 4.568 6.000 87.701 2.710 0.000 86.140 4.292 6.000
3 16  87.701 2.710 0.000 86.675 2.364 0.000 86.140 4.292 6.000
3 16  86.140 4.292 6.000 86.675 2.364 0.000 85.294 4.105 6.000
3 16  86.675 2.364 0.000 85.618 2.132 0.000 85.294 4.105 6.000
3 16  85.294 4.105 6.000 85.618 2.132 0.000 84.433 4.012 6.000
3 16  85.618 2.132 0.000 84.541 2.015 0.000 84.433 4.012 6.000
3 16  84.541 2.015 0.000 83.567 4.012 6.000 84.433 4.012 6.000
3 16  83.567 4.012 6.000 84.541 2.015 0.000 83.459 2.015 0.000
3 16  83.567 4.012 6.000 83.459 2.015 0.000 82.706 4.105 6.000
3 16  82.706 4.105 6.000 83.459 2.015 0.000 82.382 2.132 0.000
3 16  82.706 4.105 6.000 82.382 2.132 0.000 81.860 4.292 6.000
3 16  81.860 4.292 6.000 82.382 2.132 0.000 81.325 2.364 0.000
3 16  81.860 4.292 6.000 81.325 2.364 0.000 81.039 4.568 6.000
3 16  81.039 4.568 6.000 81.325 2.364 0.000 80.298 2.710 0.000
3 16  81.039 4.568 6.000 80.298 2.710 0.000 80.253 4.932 6.000
3 16  80.253 4.932 6.000 80.298 2.710 0.000 79.316 3.165 0.000
3 16  79.511 5.378 6.000 80.253 4.932 6.000 79.316 3.165 0.000
3 16  79.511 5.378 6.000 79.316 3.165 0.000 78.388 3.723 0.000
3 16  78.821 5.903 6.000 79.511 5.378 6.000 78.388 3.723 0.000
3 16  78.821 5.903 6.000 78.388 3.723 0.000 77.526 4.378 0.000
3 16  78.192 6.498 6.000 78.821 5.903 6.000 77.526 4.378 0.000
3 16  78.192 6.498 6.000 77.526 4.378 0.000 76.740 5.123 0.000
3 16  77.631 7.159 6.000 78.192 6.498 6.000 76.740 5.123 0.000
3 16  77.631 7.159 6.000 76.740 5.123 0.000 76.039 5.948 0.000
3 16  77.145 7.876 6.000 77.631 7.159 6.000 76.039 5.948 0.000
3 16  77.145 7.876 6.000 76.039 5.948 0.000 75.431 6.844 0.000
3 16  76.739 8.641 6.000 77.145 7.876 6.000 75.431 6.844 0.000
3 16  76.739 8.641 6.000 75.431 6.844 0.000 74.924 7.801 0.000
3 16  76.419 9.446 6.000 76.739 8.641 6.000 74.924 7.801 0.000
3 16  76.419 9.446 6.000 74.924 7.801 0.000 74.523 8.807 0.000
3 16  76.187 10.280 6.000 76.419 9.446 6.000 74.523 8.807 0.000
3 16  76.187 10.280 6.000 74.523 8.807 0.000 74.234 9.850 0.000
3 16  76.047 11.135 6.000 76.187 10.280 6.000 74.234 9.850 0.000
3 16  76.047 11.135 6.000 74.234 9.850 0.000 74.058 10.919 0.000
3 16  76.000 12.000 6.000 76.047 11.135 6.000 74.058 10.919 0.000
3 16  76.000 12.000 6.000 74.058 10.919 0.000 74.000 12.000 0.000
3 16  76.047 12.865 6.000 76.000 12.000 6.000 74.000 12.000 0.000
3 16  74.058 13.081 0.000 76.047 12.865 6.000 74.000 12.000 0.000
3 16  76.187 13.720 6.000 76.047 12.865 6.000 74.058 13.081 0.000
3 16  74.234 14.150 0.000 76.187 13.720 6.000 74.058 13.081 0.000
3 16  76.419 14.554 6.000 76.187 13.720 6.000 74.234 14.150 0.000
3 16  74.523 15.193 0.000 76.419 14.554 6.000 74.234 14.150 0.000
3 16  76.739 15.359 6.000 76.419 14.554 6.000 74.523 15.193 0.000
3 16  74.924 16.199 0.000 76.739 15.359 6.000 74.523 15.193 0.000
3 16  77.145 16.124 6.000 76.739 15.359 6.000 74.924 16.199 0.000
3 16  75.431 17.156 0.000 77.145 16.124 6.000 74.924 16.199 0.000
3 16  77.631 16.841 6.000 77.145 16.124 6.000 75.431 17.156 0.000
3 16  76.039 18.052 0.000 77.631 16.841 6.000 75.431 17.156 0.000
3 16  78.192 17.502 6.000 77.631 16.841 6.000 76.039 18.052 0.000
3 16  76.740 18.877 0.000 78.192 17.502 6.000 76.039 18.052 0.000
3 16  78.821 18.097 6.000 78.192 17.502 6.000 76.740 18.877 0.000
3 16  77.526 19.622 0.000 78.821 18.097 6.000 76.740 18.877 0.000
3 16  79.511 18.622 6.000 78.821 18.097 6.000 77.526 19.622 0.000
3 16  78.388 20.277 0.000 79.511 18.622 6.000 77.526 19.622 0.000
3 16  80.253 19.068 6.000 79.511 18.622 6.000 78.388 20.277 0.000
3 16  79.316 20.835 0.000 80.253 19.068 6.000 78.388 20.277 0.000
3 16  81.039 19.432 6.000 80.253 19.068 6.000 79.316 20.835 0.000
3 16  80.298 21.290 0.000 81.039 19.432 6.000 79.316 20.835 0.000
3 16  81.860 19.708 6.000 81.039 19.432 6.000 80.298 21.290 0.000
3 16  81.325 21.636 0.000 81.860 19.708 6.000 80.298 21.290 0.000
3 16  82.706 19.895 6.000 81.860 19.708 6.000 81.325 21.636 0.000
3 16  82.382 21.868 0.000 82.706 19.895 6.000 81.325 21.636 0.000
3 16  83.567 19.988 6.000 82.706 19.895 6.000 82.382 21.868 0.000
3 16  83.459 21.985 0.000 83.567 19.988 6.000 82.382 21.868 0.000
3 16  83.459 21.985 0.000 84.433 19.988 6.000 83.567 19.988 6.000
3 16  84.433 19.988 6.000 83.459 21.985 0.000 84.541 21.985 0.000
3 16  84.541 21.985 0.000 85.294 19.895 6.000 84.433 19.988 6.000
3 16  85.618 21.868 0.000 85.294 19.895 6.000 84.541 21.985 0.000
3 16  85.618 21.868 0.000 86.140 19.708 6.000 85.294 19.895 6.000
3 16  86.675 21.636 0.000 86.140 19.708 6.000 85.618 21.868 0.000
3 16  86.675 21.636 0.000 86.961 19.432 6.000 86.140 19.708 6.000
3 16  87.701 21.290 0.000 86.961 19.432 6.000 86.675 21.636 0.000
3 16  87.701 21.290 0.000 87.747 19.068 6.000 86.961 19.432 6.000
3 16  88.684 20.835 0.000 87.747 19.068 6.000 87.701 21.290 0.000
3 16  88.684 20.835 0.000 88.490 18.622 6.000 87.747 19.068 6.000
3 16  88.684 20.835 0.000 89.612 20.277 0.000 88.490 18.622 6.000
3 16  89.612 20.277 0.000 89.179 18.097 6.000 88.490 18.622 6.000
3 16  89.612 20.277 0.000 90.474 19.622 0.000 89.179 18.097 6.000
3 16  90.474 19.622 0.000 89.808 17.502 6.000 89.179 18.097 6.000
3 16  90.474 19.622 0.000 91.260 18.877 0.000 89.808 17.502 6.000
3 16  91.961 18.052 0.000 89.808 17.502 6.000 91.260 18.877 0.000
3 16  89.808 17.502 6.000 91.961 18.052 0.000 90.369 16.841 6.000
3 16  91.961 18.052 0.000 90.855 16.124 6.000 90.369 16.841 6.000
3 16  91.961 18.052 0.000 92.569 17.156 0.000 90.855 16.124 6.000
3 16  92.569 17.156 0.000 91.260 15.359 6.000 90.855 16.124 6.000
3 16  92.569 17.156 0.000 93.076 16.199 0.000 91.260 15.359 6.000
3 16  93.076 16.199 0.000 91.581 14.554 6.000 91.260 15.359 6.000
3 16  93.076 16.199 0.000 93.477 15.193 0.000 91.581 14.554 6.000
3 16  93.477 15.193 0.000 91.813 13.720 6.000 91.581 14.554 6.000
3 16  93.477 15.193 0.000 93.766 14.150 0.000 91.813 13.720 6.000
3 16  93.766 14.150 0.000 91.953 12.865 6.000 91.813 13.720 6.000
3 16  93.766 14.150 0.000 93.941 13.081 0.000 91.953 12.865 6.000
3 16  93.941 13.081 0.000 92.000 12.000 6.000 91.953 12.865 6.000
3 16  93.941 13.081 0.000 94.000 12.000 0.000 92.000 12.000 6.000
3 16  92.000 12.000 6.000 94.000 12.000 0.000 91.953 11.135 6.000
3 16  94.000 12.000 0.000 93.941 10.919 0.000 91.953 11.135 6.000
3 16  96.000 0.000 6.000 96.000 24.000 0.000 96.000 24.000 6.000
3 16  96.000 24.000 0.000 96.000 0.000 6.000 96.000 0.000 0.000
3 16  0.000 2.500 4.125 72.000 0.000 4.125 72.000 2.500 4.125
3 16  72.000 0.000 4.125 0.000 2.500 4.125 0.000 0.000 4.125
3 16  72.000 24.000 0.000 0.000 24.000 1.750 72.000 24.000 1.750
3 16  0.000 24.000 1.750 72.000 24.000 0.000 0.000 24.000 0.000
3 16  72.000 2.500 1.750 0.000 2.500 4.125 72.000 2.500 4.125
3 16  0.000 2.500 4.125 72.000 2.500 1.750 0.000 2.500 1.750
3 16  72.000 24.000 1.750 0.000 24.000 1.750 72.000 2.500 1.750
3 16  72.000 2.500 1.750 0.000 24.000 1.750 0.000 2.500 1.750
