0 ./parts/wire-3.dat
0 !LDRAW Unofficial_part
0 BFC CERTIFY CCW
3 16  14.000 0.585 3.536 14.047 0.517 3.625 14.000 0.548 3.625
3 16  17.771 0.002 0.000 15.804 0.000 3.625 15.678 0.002 3.625
3 16  15.804 0.000 3.625 17.771 0.002 0.000 17.897 0.000 0.000
3 16  17.646 0.010 0.000 15.678 0.002 3.625 15.553 0.010 3.625
3 16  15.678 0.002 3.625 17.646 0.010 0.000 17.771 0.002 0.000
3 16  17.646 0.010 0.000 15.553 0.010 3.625 15.427 0.021 3.625
3 16  17.520 0.021 0.000 17.646 0.010 0.000 15.427 0.021 3.625
3 16  17.520 0.021 0.000 15.427 0.021 3.625 15.303 0.038 3.625
3 16  17.396 0.038 0.000 17.520 0.021 0.000 15.303 0.038 3.625
3 16  17.272 0.059 0.000 15.303 0.038 3.625 15.179 0.059 3.625
3 16  15.303 0.038 3.625 17.272 0.059 0.000 17.396 0.038 0.000
3 16  17.150 0.085 0.000 15.179 0.059 3.625 15.057 0.085 3.625
3 16  15.179 0.059 3.625 17.150 0.085 0.000 17.272 0.059 0.000
3 16  17.029 0.116 0.000 15.057 0.085 3.625 14.936 0.116 3.625
3 16  15.057 0.085 3.625 17.029 0.116 0.000 17.150 0.085 0.000
3 16  16.910 0.151 0.000 14.936 0.116 3.625 14.817 0.151 3.625
3 16  14.936 0.116 3.625 16.910 0.151 0.000 17.029 0.116 0.000
3 16  16.792 0.190 0.000 14.817 0.151 3.625 14.700 0.190 3.625
3 16  14.817 0.151 3.625 16.792 0.190 0.000 16.910 0.151 0.000
3 16  16.792 0.190 0.000 14.700 0.190 3.625 14.584 0.234 3.625
3 16  16.677 0.234 0.000 16.792 0.190 0.000 14.584 0.234 3.625
3 16  16.564 0.282 0.000 14.584 0.234 3.625 14.471 0.282 3.625
3 16  14.584 0.234 3.625 16.564 0.282 0.000 16.677 0.234 0.000
3 16  16.564 0.282 0.000 14.471 0.282 3.625 14.361 0.335 3.625
3 16  16.454 0.335 0.000 16.564 0.282 0.000 14.361 0.335 3.625
3 16  16.346 0.392 0.000 14.361 0.335 3.625 14.253 0.392 3.625
3 16  14.361 0.335 3.625 16.346 0.392 0.000 16.454 0.335 0.000
3 16  16.241 0.452 0.000 14.253 0.392 3.625 14.148 0.452 3.625
3 16  14.253 0.392 3.625 16.241 0.452 0.000 16.346 0.392 0.000
3 16  16.241 0.452 0.000 14.148 0.452 3.625 14.047 0.517 3.625
3 16  16.140 0.517 0.000 16.241 0.452 0.000 14.047 0.517 3.625
3 16  16.140 0.517 0.000 14.047 0.517 3.625 14.000 0.585 3.536
3 16  16.042 0.585 0.000 16.140 0.517 0.000 14.000 0.585 3.536
3 16  14.000 0.657 3.372 16.042 0.585 0.000 14.000 0.585 3.536
3 16  15.947 0.657 0.000 16.042 0.585 0.000 14.000 0.657 3.372
3 16  14.000 0.732 3.214 15.947 0.657 0.000 14.000 0.657 3.372
3 16  15.856 0.732 0.000 15.947 0.657 0.000 14.000 0.732 3.214
3 16  14.000 0.811 3.064 15.856 0.732 0.000 14.000 0.732 3.214
3 16  15.769 0.811 0.000 15.856 0.732 0.000 14.000 0.811 3.064
3 16  14.000 0.893 2.920 15.686 0.893 0.000 14.000 0.811 3.064
3 16  15.686 0.893 0.000 15.727 0.852 0.000 14.000 0.811 3.064
3 16  15.727 0.852 0.000 15.769 0.811 0.000 14.000 0.811 3.064
3 16  15.532 1.066 0.000 15.569 1.022 0.000 14.000 0.978 2.783
3 16  15.569 1.022 0.000 15.607 0.978 0.000 14.000 0.978 2.783
3 16  14.000 0.978 2.783 15.607 0.978 0.000 14.000 0.893 2.920
3 16  15.607 0.978 0.000 15.646 0.935 0.000 14.000 0.893 2.920
3 16  15.646 0.935 0.000 15.686 0.893 0.000 14.000 0.893 2.920
3 16  14.000 1.066 2.654 15.532 1.066 0.000 14.000 0.978 2.783
3 16  14.000 1.111 2.593 15.532 1.066 0.000 14.000 1.066 2.654
3 16  15.497 1.111 0.000 15.532 1.066 0.000 14.000 1.111 2.593
3 16  15.462 1.157 0.000 15.497 1.111 0.000 14.000 1.111 2.593
3 16  14.000 1.157 2.533 15.462 1.157 0.000 14.000 1.111 2.593
3 16  14.000 1.203 2.475 15.462 1.157 0.000 14.000 1.157 2.533
3 16  15.429 1.203 0.000 15.462 1.157 0.000 14.000 1.203 2.475
3 16  15.397 1.250 0.000 15.429 1.203 0.000 14.000 1.203 2.475
3 16  14.000 1.250 2.420 15.397 1.250 0.000 14.000 1.203 2.475
3 16  14.000 1.298 2.366 15.397 1.250 0.000 14.000 1.250 2.420
3 16  15.366 1.298 0.000 15.397 1.250 0.000 14.000 1.298 2.366
3 16  15.337 1.346 0.000 15.366 1.298 0.000 14.000 1.298 2.366
3 16  14.000 1.346 2.315 15.337 1.346 0.000 14.000 1.298 2.366
3 16  14.000 1.394 2.266 15.337 1.346 0.000 14.000 1.346 2.315
3 16  15.308 1.394 0.000 15.337 1.346 0.000 14.000 1.394 2.266
3 16  15.281 1.443 0.000 15.308 1.394 0.000 14.000 1.394 2.266
3 16  14.000 1.443 2.218 15.281 1.443 0.000 14.000 1.394 2.266
3 16  14.000 1.493 2.173 15.281 1.443 0.000 14.000 1.443 2.218
3 16  15.255 1.493 0.000 15.281 1.443 0.000 14.000 1.493 2.173
3 16  15.230 1.543 0.000 15.255 1.493 0.000 14.000 1.493 2.173
3 16  14.000 1.543 2.131 15.230 1.543 0.000 14.000 1.493 2.173
3 16  14.000 1.594 2.090 15.230 1.543 0.000 14.000 1.543 2.131
3 16  15.207 1.594 0.000 15.230 1.543 0.000 14.000 1.594 2.090
3 16  15.184 1.645 0.000 15.207 1.594 0.000 14.000 1.594 2.090
3 16  14.000 1.645 2.052 15.184 1.645 0.000 14.000 1.594 2.090
3 16  14.000 1.696 2.015 15.184 1.645 0.000 14.000 1.645 2.052
3 16  15.164 1.696 0.000 15.184 1.645 0.000 14.000 1.696 2.015
3 16  15.144 1.748 0.000 15.164 1.696 0.000 14.000 1.696 2.015
3 16  14.000 1.748 1.981 15.144 1.748 0.000 14.000 1.696 2.015
3 16  14.000 1.800 1.950 15.144 1.748 0.000 14.000 1.748 1.981
3 16  15.126 1.800 0.000 15.144 1.748 0.000 14.000 1.800 1.950
3 16  15.109 1.853 0.000 15.126 1.800 0.000 14.000 1.800 1.950
3 16  14.000 1.853 1.920 15.109 1.853 0.000 14.000 1.800 1.950
3 16  14.000 1.906 1.893 15.109 1.853 0.000 14.000 1.853 1.920
3 16  15.093 1.906 0.000 15.109 1.853 0.000 14.000 1.906 1.893
3 16  15.079 1.959 0.000 15.093 1.906 0.000 14.000 1.906 1.893
3 16  14.000 1.959 1.869 15.079 1.959 0.000 14.000 1.906 1.893
3 16  14.000 2.012 1.846 15.079 1.959 0.000 14.000 1.959 1.869
3 16  15.066 2.012 0.000 15.079 1.959 0.000 14.000 2.012 1.846
3 16  15.054 2.066 0.000 15.066 2.012 0.000 14.000 2.012 1.846
3 16  14.000 2.066 1.826 15.054 2.066 0.000 14.000 2.012 1.846
3 16  14.000 2.120 1.808 15.054 2.066 0.000 14.000 2.066 1.826
3 16  15.044 2.120 0.000 15.054 2.066 0.000 14.000 2.120 1.808
3 16  15.035 2.174 0.000 15.044 2.120 0.000 14.000 2.120 1.808
3 16  14.000 2.174 1.793 15.035 2.174 0.000 14.000 2.120 1.808
3 16  14.000 2.228 1.780 15.035 2.174 0.000 14.000 2.174 1.793
3 16  15.028 2.228 0.000 15.035 2.174 0.000 14.000 2.228 1.780
3 16  15.021 2.282 0.000 15.028 2.228 0.000 14.000 2.228 1.780
3 16  14.000 2.282 1.769 15.021 2.282 0.000 14.000 2.228 1.780
3 16  14.000 2.336 1.761 15.021 2.282 0.000 14.000 2.282 1.769
3 16  15.017 2.336 0.000 15.021 2.282 0.000 14.000 2.336 1.761
3 16  15.013 2.391 0.000 15.017 2.336 0.000 14.000 2.336 1.761
3 16  14.000 2.500 1.750 15.010 2.500 0.000 14.000 2.445 1.751
3 16  14.000 2.391 1.755 15.013 2.391 0.000 14.000 2.336 1.761
3 16  14.000 2.445 1.751 15.013 2.391 0.000 14.000 2.391 1.755
3 16  15.011 2.445 0.000 15.013 2.391 0.000 14.000 2.445 1.751
3 16  15.010 2.500 0.000 15.011 2.445 0.000 14.000 2.445 1.751
3 16  10.000 0.585 3.536 10.000 0.548 3.625 9.953 0.517 3.625
3 16  7.958 0.585 0.000 10.000 0.585 3.536 7.860 0.517 0.000
3 16  8.053 0.657 0.000 10.000 0.585 3.536 7.958 0.585 0.000
3 16  10.000 0.657 3.372 10.000 0.585 3.536 8.053 0.657 0.000
3 16  8.144 0.732 0.000 10.000 0.657 3.372 8.053 0.657 0.000
3 16  10.000 0.732 3.214 10.000 0.657 3.372 8.144 0.732 0.000
3 16  8.231 0.811 0.000 10.000 0.732 3.214 8.144 0.732 0.000
3 16  10.000 0.811 3.064 10.000 0.732 3.214 8.231 0.811 0.000
3 16  8.273 0.852 0.000 10.000 0.811 3.064 8.231 0.811 0.000
3 16  10.000 0.893 2.920 10.000 0.811 3.064 8.273 0.852 0.000
3 16  8.314 0.893 0.000 10.000 0.893 2.920 8.273 0.852 0.000
3 16  8.354 0.935 0.000 10.000 0.893 2.920 8.314 0.893 0.000
3 16  10.000 0.978 2.783 10.000 0.893 2.920 8.354 0.935 0.000
3 16  8.990 2.500 0.000 10.000 2.500 1.750 8.989 2.445 0.000
3 16  10.000 2.500 1.750 10.000 2.445 1.751 8.989 2.445 0.000
3 16  8.989 2.445 0.000 10.000 2.445 1.751 8.987 2.391 0.000
3 16  10.000 2.445 1.751 10.000 2.391 1.755 8.987 2.391 0.000
3 16  8.987 2.391 0.000 10.000 2.391 1.755 8.983 2.336 0.000
3 16  10.000 2.391 1.755 10.000 2.336 1.761 8.983 2.336 0.000
3 16  8.983 2.336 0.000 10.000 2.336 1.761 8.979 2.282 0.000
3 16  10.000 2.336 1.761 10.000 2.282 1.769 8.979 2.282 0.000
3 16  8.979 2.282 0.000 10.000 2.282 1.769 8.972 2.228 0.000
3 16  10.000 2.282 1.769 10.000 2.228 1.780 8.972 2.228 0.000
3 16  8.972 2.228 0.000 10.000 2.228 1.780 8.965 2.174 0.000
3 16  10.000 2.228 1.780 10.000 2.174 1.793 8.965 2.174 0.000
3 16  8.965 2.174 0.000 10.000 2.174 1.793 8.956 2.120 0.000
3 16  10.000 2.174 1.793 10.000 2.120 1.808 8.956 2.120 0.000
3 16  8.956 2.120 0.000 10.000 2.120 1.808 8.946 2.066 0.000
3 16  10.000 2.120 1.808 10.000 2.066 1.826 8.946 2.066 0.000
3 16  8.946 2.066 0.000 10.000 2.066 1.826 8.934 2.012 0.000
3 16  10.000 2.066 1.826 10.000 2.012 1.846 8.934 2.012 0.000
3 16  8.934 2.012 0.000 10.000 2.012 1.846 8.921 1.959 0.000
3 16  10.000 2.012 1.846 10.000 1.959 1.869 8.921 1.959 0.000
3 16  8.921 1.959 0.000 10.000 1.959 1.869 8.907 1.906 0.000
3 16  10.000 1.959 1.869 10.000 1.906 1.893 8.907 1.906 0.000
3 16  8.907 1.906 0.000 10.000 1.906 1.893 8.891 1.853 0.000
3 16  10.000 1.906 1.893 10.000 1.853 1.920 8.891 1.853 0.000
3 16  8.891 1.853 0.000 10.000 1.853 1.920 8.874 1.800 0.000
3 16  10.000 1.853 1.920 10.000 1.800 1.950 8.874 1.800 0.000
3 16  8.874 1.800 0.000 10.000 1.800 1.950 8.856 1.748 0.000
3 16  10.000 1.800 1.950 10.000 1.748 1.981 8.856 1.748 0.000
3 16  8.856 1.748 0.000 10.000 1.748 1.981 8.836 1.696 0.000
3 16  10.000 1.748 1.981 10.000 1.696 2.015 8.836 1.696 0.000
3 16  8.836 1.696 0.000 10.000 1.696 2.015 8.816 1.645 0.000
3 16  10.000 1.696 2.015 10.000 1.645 2.052 8.816 1.645 0.000
3 16  8.816 1.645 0.000 10.000 1.645 2.052 8.793 1.594 0.000
3 16  10.000 1.645 2.052 10.000 1.594 2.090 8.793 1.594 0.000
3 16  8.793 1.594 0.000 10.000 1.594 2.090 8.770 1.543 0.000
3 16  10.000 1.594 2.090 10.000 1.543 2.131 8.770 1.543 0.000
3 16  8.770 1.543 0.000 10.000 1.543 2.131 8.745 1.493 0.000
3 16  10.000 1.543 2.131 10.000 1.493 2.173 8.745 1.493 0.000
3 16  8.745 1.493 0.000 10.000 1.493 2.173 8.719 1.443 0.000
3 16  10.000 1.493 2.173 10.000 1.443 2.218 8.719 1.443 0.000
3 16  8.719 1.443 0.000 10.000 1.443 2.218 8.692 1.394 0.000
3 16  10.000 1.443 2.218 10.000 1.394 2.266 8.692 1.394 0.000
3 16  8.692 1.394 0.000 10.000 1.394 2.266 8.663 1.346 0.000
3 16  10.000 1.394 2.266 10.000 1.346 2.315 8.663 1.346 0.000
3 16  8.663 1.346 0.000 10.000 1.346 2.315 8.634 1.298 0.000
3 16  10.000 1.346 2.315 10.000 1.298 2.366 8.634 1.298 0.000
3 16  8.634 1.298 0.000 10.000 1.298 2.366 8.603 1.250 0.000
3 16  10.000 1.298 2.366 10.000 1.250 2.420 8.603 1.250 0.000
3 16  8.603 1.250 0.000 10.000 1.250 2.420 8.571 1.203 0.000
3 16  10.000 1.250 2.420 10.000 1.203 2.475 8.571 1.203 0.000
3 16  8.571 1.203 0.000 10.000 1.203 2.475 8.538 1.157 0.000
3 16  10.000 1.203 2.475 10.000 1.157 2.533 8.538 1.157 0.000
3 16  8.538 1.157 0.000 10.000 1.157 2.533 8.503 1.111 0.000
3 16  10.000 1.157 2.533 10.000 1.111 2.593 8.503 1.111 0.000
3 16  8.503 1.111 0.000 10.000 1.111 2.593 8.468 1.066 0.000
3 16  10.000 1.111 2.593 10.000 1.066 2.654 8.468 1.066 0.000
3 16  8.468 1.066 0.000 10.000 1.066 2.654 8.431 1.022 0.000
3 16  10.000 1.066 2.654 10.000 0.978 2.783 8.431 1.022 0.000
3 16  8.431 1.022 0.000 10.000 0.978 2.783 8.393 0.978 0.000
3 16  8.393 0.978 0.000 10.000 0.978 2.783 8.354 0.935 0.000
3 16  10.000 0.585 3.536 9.953 0.517 3.625 7.860 0.517 0.000
3 16  7.860 0.517 0.000 9.852 0.452 3.625 7.759 0.452 0.000
3 16  9.852 0.452 3.625 7.860 0.517 0.000 9.953 0.517 3.625
3 16  7.759 0.452 0.000 9.747 0.392 3.625 7.654 0.392 0.000
3 16  9.747 0.392 3.625 7.759 0.452 0.000 9.852 0.452 3.625
3 16  7.654 0.392 0.000 9.639 0.335 3.625 7.546 0.335 0.000
3 16  9.639 0.335 3.625 7.654 0.392 0.000 9.747 0.392 3.625
3 16  9.639 0.335 3.625 9.529 0.282 3.625 7.546 0.335 0.000
3 16  7.546 0.335 0.000 9.529 0.282 3.625 7.436 0.282 0.000
3 16  9.529 0.282 3.625 9.416 0.234 3.625 7.436 0.282 0.000
3 16  7.436 0.282 0.000 9.416 0.234 3.625 7.323 0.234 0.000
3 16  7.323 0.234 0.000 9.300 0.190 3.625 7.208 0.190 0.000
3 16  9.300 0.190 3.625 7.323 0.234 0.000 9.416 0.234 3.625
3 16  7.208 0.190 0.000 9.183 0.151 3.625 7.090 0.151 0.000
3 16  9.183 0.151 3.625 7.208 0.190 0.000 9.300 0.190 3.625
3 16  7.090 0.151 0.000 9.064 0.116 3.625 6.971 0.116 0.000
3 16  9.064 0.116 3.625 7.090 0.151 0.000 9.183 0.151 3.625
3 16  6.971 0.116 0.000 8.943 0.085 3.625 6.850 0.085 0.000
3 16  8.943 0.085 3.625 6.971 0.116 0.000 9.064 0.116 3.625
3 16  8.943 0.085 3.625 8.821 0.059 3.625 6.850 0.085 0.000
3 16  6.850 0.085 0.000 8.821 0.059 3.625 6.728 0.059 0.000
3 16  8.821 0.059 3.625 8.697 0.038 3.625 6.728 0.059 0.000
3 16  6.728 0.059 0.000 8.697 0.038 3.625 6.604 0.038 0.000
3 16  8.697 0.038 3.625 8.573 0.021 3.625 6.604 0.038 0.000
3 16  6.604 0.038 0.000 8.573 0.021 3.625 6.480 0.021 0.000
3 16  8.573 0.021 3.625 8.447 0.010 3.625 6.480 0.021 0.000
3 16  6.480 0.021 0.000 8.447 0.010 3.625 6.354 0.010 0.000
3 16  6.354 0.010 0.000 8.322 0.002 3.625 6.229 0.002 0.000
3 16  8.322 0.002 3.625 6.354 0.010 0.000 8.447 0.010 3.625
3 16  6.229 0.002 0.000 8.196 0.000 3.625 6.103 0.000 0.000
3 16  8.196 0.000 3.625 6.229 0.002 0.000 8.322 0.002 3.625
3 16  0.250 0.000 8.375 22.250 2.500 8.375 22.250 0.000 8.375
3 16  22.250 2.500 8.375 0.250 0.000 8.375 0.250 2.500 8.375
3 16  10.000 2.500 3.625 9.953 0.517 3.625 10.000 0.548 3.625
3 16  10.000 2.500 3.625 9.852 0.452 3.625 9.953 0.517 3.625
3 16  10.000 2.500 3.625 9.747 0.392 3.625 9.852 0.452 3.625
3 16  10.000 2.500 3.625 9.639 0.335 3.625 9.747 0.392 3.625
3 16  10.000 2.500 3.625 9.529 0.282 3.625 9.639 0.335 3.625
3 16  10.000 2.500 3.625 9.416 0.234 3.625 9.529 0.282 3.625
3 16  10.000 2.500 3.625 9.300 0.190 3.625 9.416 0.234 3.625
3 16  10.000 2.500 3.625 9.183 0.151 3.625 9.300 0.190 3.625
3 16  10.000 2.500 3.625 9.064 0.116 3.625 9.183 0.151 3.625
3 16  10.000 2.500 3.625 8.943 0.085 3.625 9.064 0.116 3.625
3 16  10.000 2.500 3.625 8.821 0.059 3.625 8.943 0.085 3.625
3 16  10.000 2.500 3.625 8.697 0.038 3.625 8.821 0.059 3.625
3 16  10.000 2.500 3.625 8.573 0.021 3.625 8.697 0.038 3.625
3 16  10.000 2.500 3.625 8.447 0.010 3.625 8.573 0.021 3.625
3 16  10.000 2.500 3.625 8.322 0.002 3.625 8.447 0.010 3.625
3 16  10.000 2.500 3.625 8.196 0.000 3.625 8.322 0.002 3.625
3 16  0.250 2.500 3.625 8.196 0.000 3.625 10.000 2.500 3.625
3 16  8.196 0.000 3.625 0.250 2.500 3.625 0.250 0.000 3.625
3 16  0.250 24.000 1.750 10.000 2.500 1.750 10.000 24.000 1.750
3 16  10.000 2.500 1.750 0.250 24.000 1.750 0.250 2.500 1.750
3 16  8.990 2.500 0.000 -2.059 10.919 0.000 -2.000 12.000 0.000
3 16  8.990 2.500 0.000 -2.234 9.850 0.000 -2.059 10.919 0.000
3 16  8.990 2.500 0.000 -2.523 8.807 0.000 -2.234 9.850 0.000
3 16  6.103 0.000 0.000 -2.924 7.801 0.000 -2.523 8.807 0.000
3 16  6.103 0.000 0.000 -3.431 6.844 0.000 -2.924 7.801 0.000
3 16  6.103 0.000 0.000 -4.039 5.948 0.000 -3.431 6.844 0.000
3 16  6.103 0.000 0.000 -4.740 5.123 0.000 -4.039 5.948 0.000
3 16  6.103 0.000 0.000 -5.526 4.378 0.000 -4.740 5.123 0.000
3 16  6.103 0.000 0.000 -6.388 3.723 0.000 -5.526 4.378 0.000
3 16  6.103 0.000 0.000 -7.316 3.165 0.000 -6.388 3.723 0.000
3 16  6.103 0.000 0.000 -8.299 2.710 0.000 -7.316 3.165 0.000
3 16  6.103 0.000 0.000 -9.325 2.364 0.000 -8.299 2.710 0.000
3 16  6.103 0.000 0.000 -10.382 2.132 0.000 -9.325 2.364 0.000
3 16  6.103 0.000 0.000 -11.459 2.015 0.000 -10.382 2.132 0.000
3 16  -24.000 0.000 0.000 -11.459 2.015 0.000 6.103 0.000 0.000
3 16  -21.941 10.919 0.000 -24.000 0.000 0.000 -22.000 12.000 0.000
3 16  -21.766 9.850 0.000 -24.000 0.000 0.000 -21.941 10.919 0.000
3 16  -21.477 8.807 0.000 -24.000 0.000 0.000 -21.766 9.850 0.000
3 16  -21.076 7.801 0.000 -24.000 0.000 0.000 -21.477 8.807 0.000
3 16  -20.569 6.844 0.000 -24.000 0.000 0.000 -21.076 7.801 0.000
3 16  -19.961 5.948 0.000 -24.000 0.000 0.000 -20.569 6.844 0.000
3 16  -19.260 5.123 0.000 -24.000 0.000 0.000 -19.961 5.948 0.000
3 16  -18.474 4.378 0.000 -24.000 0.000 0.000 -19.260 5.123 0.000
3 16  -17.612 3.723 0.000 -24.000 0.000 0.000 -18.474 4.378 0.000
3 16  -16.684 3.165 0.000 -24.000 0.000 0.000 -17.612 3.723 0.000
3 16  -15.701 2.710 0.000 -24.000 0.000 0.000 -16.684 3.165 0.000
3 16  -14.675 2.364 0.000 -24.000 0.000 0.000 -15.701 2.710 0.000
3 16  -13.618 2.132 0.000 -24.000 0.000 0.000 -14.675 2.364 0.000
3 16  -12.541 2.015 0.000 -24.000 0.000 0.000 -13.618 2.132 0.000
3 16  -11.459 2.015 0.000 -24.000 0.000 0.000 -12.541 2.015 0.000
3 16  6.103 0.000 0.000 8.990 2.500 0.000 8.989 2.445 0.000
3 16  6.103 0.000 0.000 8.989 2.445 0.000 8.987 2.391 0.000
3 16  6.103 0.000 0.000 8.987 2.391 0.000 8.983 2.336 0.000
3 16  6.103 0.000 0.000 8.983 2.336 0.000 8.979 2.282 0.000
3 16  6.103 0.000 0.000 8.979 2.282 0.000 8.972 2.228 0.000
3 16  6.103 0.000 0.000 8.972 2.228 0.000 8.965 2.174 0.000
3 16  6.103 0.000 0.000 8.965 2.174 0.000 8.956 2.120 0.000
3 16  6.103 0.000 0.000 8.956 2.120 0.000 8.946 2.066 0.000
3 16  6.103 0.000 0.000 8.946 2.066 0.000 8.934 2.012 0.000
3 16  6.103 0.000 0.000 8.934 2.012 0.000 8.921 1.959 0.000
3 16  6.103 0.000 0.000 8.921 1.959 0.000 8.907 1.906 0.000
3 16  6.103 0.000 0.000 8.907 1.906 0.000 8.891 1.853 0.000
3 16  6.103 0.000 0.000 8.891 1.853 0.000 8.874 1.800 0.000
3 16  6.103 0.000 0.000 8.874 1.800 0.000 8.856 1.748 0.000
3 16  6.103 0.000 0.000 8.856 1.748 0.000 8.836 1.696 0.000
3 16  6.103 0.000 0.000 8.836 1.696 0.000 8.816 1.645 0.000
3 16  6.103 0.000 0.000 8.816 1.645 0.000 8.793 1.594 0.000
3 16  6.103 0.000 0.000 8.793 1.594 0.000 8.770 1.543 0.000
3 16  6.103 0.000 0.000 8.770 1.543 0.000 8.745 1.493 0.000
3 16  6.103 0.000 0.000 8.745 1.493 0.000 8.719 1.443 0.000
3 16  6.103 0.000 0.000 8.719 1.443 0.000 8.692 1.394 0.000
3 16  6.103 0.000 0.000 8.692 1.394 0.000 8.663 1.346 0.000
3 16  6.103 0.000 0.000 8.663 1.346 0.000 8.634 1.298 0.000
3 16  6.103 0.000 0.000 8.634 1.298 0.000 8.603 1.250 0.000
3 16  6.103 0.000 0.000 8.603 1.250 0.000 8.571 1.203 0.000
3 16  6.103 0.000 0.000 8.571 1.203 0.000 8.538 1.157 0.000
3 16  6.103 0.000 0.000 8.538 1.157 0.000 8.503 1.111 0.000
3 16  6.103 0.000 0.000 8.503 1.111 0.000 8.468 1.066 0.000
3 16  6.103 0.000 0.000 8.468 1.066 0.000 8.431 1.022 0.000
3 16  6.103 0.000 0.000 8.431 1.022 0.000 8.393 0.978 0.000
3 16  6.103 0.000 0.000 8.393 0.978 0.000 8.354 0.935 0.000
3 16  6.103 0.000 0.000 8.354 0.935 0.000 8.314 0.893 0.000
3 16  6.103 0.000 0.000 8.314 0.893 0.000 8.273 0.852 0.000
3 16  6.103 0.000 0.000 8.273 0.852 0.000 8.231 0.811 0.000
3 16  6.103 0.000 0.000 8.231 0.811 0.000 8.144 0.732 0.000
3 16  6.103 0.000 0.000 8.144 0.732 0.000 8.053 0.657 0.000
3 16  6.103 0.000 0.000 8.053 0.657 0.000 7.958 0.585 0.000
3 16  6.103 0.000 0.000 7.958 0.585 0.000 7.860 0.517 0.000
3 16  6.103 0.000 0.000 7.860 0.517 0.000 7.759 0.452 0.000
3 16  6.103 0.000 0.000 7.759 0.452 0.000 7.654 0.392 0.000
3 16  6.103 0.000 0.000 7.654 0.392 0.000 7.546 0.335 0.000
3 16  6.103 0.000 0.000 7.546 0.335 0.000 7.436 0.282 0.000
3 16  6.103 0.000 0.000 7.436 0.282 0.000 7.323 0.234 0.000
3 16  6.103 0.000 0.000 7.323 0.234 0.000 7.208 0.190 0.000
3 16  6.103 0.000 0.000 7.208 0.190 0.000 7.090 0.151 0.000
3 16  6.103 0.000 0.000 7.090 0.151 0.000 6.971 0.116 0.000
3 16  6.103 0.000 0.000 6.971 0.116 0.000 6.850 0.085 0.000
3 16  6.103 0.000 0.000 6.850 0.085 0.000 6.728 0.059 0.000
3 16  6.103 0.000 0.000 6.728 0.059 0.000 6.604 0.038 0.000
3 16  6.103 0.000 0.000 6.604 0.038 0.000 6.480 0.021 0.000
3 16  6.103 0.000 0.000 6.480 0.021 0.000 6.354 0.010 0.000
3 16  6.103 0.000 0.000 6.354 0.010 0.000 6.229 0.002 0.000
3 16  -2.523 8.807 0.000 8.990 2.500 0.000 6.103 0.000 0.000
3 16  -2.059 13.081 0.000 8.990 2.500 0.000 -2.000 12.000 0.000
3 16  8.990 2.500 0.000 -2.059 13.081 0.000 8.990 24.000 0.000
3 16  -2.234 14.150 0.000 8.990 24.000 0.000 -2.059 13.081 0.000
3 16  -2.523 15.193 0.000 8.990 24.000 0.000 -2.234 14.150 0.000
3 16  -2.924 16.199 0.000 8.990 24.000 0.000 -2.523 15.193 0.000
3 16  -3.431 17.156 0.000 8.990 24.000 0.000 -2.924 16.199 0.000
3 16  -4.039 18.052 0.000 8.990 24.000 0.000 -3.431 17.156 0.000
3 16  -4.740 18.877 0.000 8.990 24.000 0.000 -4.039 18.052 0.000
3 16  -5.526 19.622 0.000 8.990 24.000 0.000 -4.740 18.877 0.000
3 16  -6.388 20.277 0.000 8.990 24.000 0.000 -5.526 19.622 0.000
3 16  -7.316 20.835 0.000 8.990 24.000 0.000 -6.388 20.277 0.000
3 16  -8.299 21.290 0.000 8.990 24.000 0.000 -7.316 20.835 0.000
3 16  -9.325 21.636 0.000 8.990 24.000 0.000 -8.299 21.290 0.000
3 16  -10.382 21.868 0.000 8.990 24.000 0.000 -9.325 21.636 0.000
3 16  -11.459 21.985 0.000 8.990 24.000 0.000 -10.382 21.868 0.000
3 16  -24.000 24.000 0.000 -11.459 21.985 0.000 -12.541 21.985 0.000
3 16  -24.000 24.000 0.000 -22.000 12.000 0.000 -24.000 0.000 0.000
3 16  -11.459 21.985 0.000 -24.000 24.000 0.000 8.990 24.000 0.000
3 16  -13.618 21.868 0.000 -24.000 24.000 0.000 -12.541 21.985 0.000
3 16  -14.675 21.636 0.000 -24.000 24.000 0.000 -13.618 21.868 0.000
3 16  -15.701 21.290 0.000 -24.000 24.000 0.000 -14.675 21.636 0.000
3 16  -16.684 20.835 0.000 -24.000 24.000 0.000 -15.701 21.290 0.000
3 16  -17.612 20.277 0.000 -24.000 24.000 0.000 -16.684 20.835 0.000
3 16  -18.474 19.622 0.000 -24.000 24.000 0.000 -17.612 20.277 0.000
3 16  -19.260 18.877 0.000 -24.000 24.000 0.000 -18.474 19.622 0.000
3 16  -19.961 18.052 0.000 -24.000 24.000 0.000 -19.260 18.877 0.000
3 16  -20.569 17.156 0.000 -24.000 24.000 0.000 -19.961 18.052 0.000
3 16  -21.076 16.199 0.000 -24.000 24.000 0.000 -20.569 17.156 0.000
3 16  -21.477 15.193 0.000 -24.000 24.000 0.000 -21.076 16.199 0.000
3 16  -21.766 14.150 0.000 -24.000 24.000 0.000 -21.477 15.193 0.000
3 16  -21.941 13.081 0.000 -24.000 24.000 0.000 -21.766 14.150 0.000
3 16  -22.000 12.000 0.000 -24.000 24.000 0.000 -21.941 13.081 0.000
3 16  10.000 2.500 1.750 8.990 24.000 0.000 10.000 24.000 1.750
3 16  8.990 24.000 0.000 10.000 2.500 1.750 8.990 2.500 0.000
3 16  22.250 0.000 3.625 22.250 2.500 8.375 22.250 2.500 3.625
3 16  22.250 2.500 8.375 22.250 0.000 3.625 22.250 0.000 8.375
3 16  22.250 2.500 3.625 22.250 24.000 1.750 22.250 2.500 1.750
3 16  22.250 24.000 1.750 22.250 2.500 3.625 22.250 24.000 10.250
3 16  22.250 2.500 8.375 22.250 24.000 10.250 22.250 2.500 3.625
3 16  22.250 24.000 10.250 22.250 2.500 8.375 22.250 2.500 10.250
3 16  15.010 2.500 0.000 24.000 0.000 0.000 17.897 0.000 0.000
3 16  15.010 2.500 0.000 17.897 0.000 0.000 17.771 0.002 0.000
3 16  15.010 2.500 0.000 17.771 0.002 0.000 17.646 0.010 0.000
3 16  15.010 2.500 0.000 17.646 0.010 0.000 17.520 0.021 0.000
3 16  15.010 2.500 0.000 17.520 0.021 0.000 17.396 0.038 0.000
3 16  15.010 2.500 0.000 17.396 0.038 0.000 17.272 0.059 0.000
3 16  15.010 2.500 0.000 17.272 0.059 0.000 17.150 0.085 0.000
3 16  15.010 2.500 0.000 17.150 0.085 0.000 17.029 0.116 0.000
3 16  15.010 2.500 0.000 17.029 0.116 0.000 16.910 0.151 0.000
3 16  15.010 2.500 0.000 16.910 0.151 0.000 16.792 0.190 0.000
3 16  15.010 2.500 0.000 16.792 0.190 0.000 16.677 0.234 0.000
3 16  15.010 2.500 0.000 16.677 0.234 0.000 16.564 0.282 0.000
3 16  15.010 2.500 0.000 16.564 0.282 0.000 16.454 0.335 0.000
3 16  15.010 2.500 0.000 16.454 0.335 0.000 16.346 0.392 0.000
3 16  15.010 2.500 0.000 16.346 0.392 0.000 16.241 0.452 0.000
3 16  15.010 2.500 0.000 16.241 0.452 0.000 16.140 0.517 0.000
3 16  15.010 2.500 0.000 16.140 0.517 0.000 16.042 0.585 0.000
3 16  15.010 2.500 0.000 16.042 0.585 0.000 15.947 0.657 0.000
3 16  15.010 2.500 0.000 15.947 0.657 0.000 15.856 0.732 0.000
3 16  15.010 2.500 0.000 15.856 0.732 0.000 15.769 0.811 0.000
3 16  15.010 2.500 0.000 15.769 0.811 0.000 15.727 0.852 0.000
3 16  15.010 2.500 0.000 15.727 0.852 0.000 15.686 0.893 0.000
3 16  15.010 2.500 0.000 15.686 0.893 0.000 15.646 0.935 0.000
3 16  15.010 2.500 0.000 15.646 0.935 0.000 15.607 0.978 0.000
3 16  15.010 2.500 0.000 15.607 0.978 0.000 15.569 1.022 0.000
3 16  15.010 2.500 0.000 15.569 1.022 0.000 15.532 1.066 0.000
3 16  15.010 2.500 0.000 15.532 1.066 0.000 15.497 1.111 0.000
3 16  15.010 2.500 0.000 15.497 1.111 0.000 15.462 1.157 0.000
3 16  15.010 2.500 0.000 15.462 1.157 0.000 15.429 1.203 0.000
3 16  15.010 2.500 0.000 15.429 1.203 0.000 15.397 1.250 0.000
3 16  15.010 2.500 0.000 15.397 1.250 0.000 15.366 1.298 0.000
3 16  15.010 2.500 0.000 15.366 1.298 0.000 15.337 1.346 0.000
3 16  15.010 2.500 0.000 15.337 1.346 0.000 15.308 1.394 0.000
3 16  15.010 2.500 0.000 15.308 1.394 0.000 15.281 1.443 0.000
3 16  15.010 2.500 0.000 15.281 1.443 0.000 15.255 1.493 0.000
3 16  15.010 2.500 0.000 15.255 1.493 0.000 15.230 1.543 0.000
3 16  15.010 2.500 0.000 15.230 1.543 0.000 15.207 1.594 0.000
3 16  15.010 2.500 0.000 15.207 1.594 0.000 15.184 1.645 0.000
3 16  15.010 2.500 0.000 15.184 1.645 0.000 15.164 1.696 0.000
3 16  15.010 2.500 0.000 15.164 1.696 0.000 15.144 1.748 0.000
3 16  15.010 2.500 0.000 15.144 1.748 0.000 15.126 1.800 0.000
3 16  15.010 2.500 0.000 15.126 1.800 0.000 15.109 1.853 0.000
3 16  15.010 2.500 0.000 15.109 1.853 0.000 15.093 1.906 0.000
3 16  15.010 2.500 0.000 15.093 1.906 0.000 15.079 1.959 0.000
3 16  15.010 2.500 0.000 15.079 1.959 0.000 15.066 2.012 0.000
3 16  15.010 2.500 0.000 15.066 2.012 0.000 15.054 2.066 0.000
3 16  15.010 2.500 0.000 15.054 2.066 0.000 15.044 2.120 0.000
3 16  15.010 2.500 0.000 15.044 2.120 0.000 15.035 2.174 0.000
3 16  15.010 2.500 0.000 15.035 2.174 0.000 15.028 2.228 0.000
3 16  15.010 2.500 0.000 15.028 2.228 0.000 15.021 2.282 0.000
3 16  15.010 2.500 0.000 15.021 2.282 0.000 15.017 2.336 0.000
3 16  15.010 2.500 0.000 15.017 2.336 0.000 15.013 2.391 0.000
3 16  15.010 2.500 0.000 15.013 2.391 0.000 15.011 2.445 0.000
3 16  24.000 0.000 0.000 15.010 2.500 0.000 24.000 24.000 0.000
3 16  24.000 24.000 0.000 15.010 2.500 0.000 15.010 24.000 0.000
3 16  14.000 24.000 1.750 22.250 2.500 1.750 22.250 24.000 1.750
3 16  22.250 2.500 1.750 14.000 24.000 1.750 14.000 2.500 1.750
3 16  15.010 2.500 0.000 14.000 24.000 1.750 15.010 24.000 0.000
3 16  14.000 24.000 1.750 15.010 2.500 0.000 14.000 2.500 1.750
3 16  22.250 2.500 8.375 0.250 2.500 10.250 22.250 2.500 10.250
3 16  0.250 2.500 10.250 22.250 2.500 8.375 0.250 2.500 8.375
3 16  10.000 24.000 1.750 8.990 24.000 0.000 0.250 24.000 1.750
3 16  0.250 24.000 10.250 24.000 24.000 12.000 22.250 24.000 10.250
3 16  24.000 24.000 12.000 22.250 24.000 1.750 22.250 24.000 10.250
3 16  24.000 24.000 0.000 22.250 24.000 1.750 24.000 24.000 12.000
3 16  15.010 24.000 0.000 22.250 24.000 1.750 24.000 24.000 0.000
3 16  22.250 24.000 1.750 15.010 24.000 0.000 14.000 24.000 1.750
3 16  24.000 24.000 12.000 0.250 24.000 10.250 -24.000 24.000 12.000
3 16  0.250 24.000 1.750 -24.000 24.000 12.000 0.250 24.000 10.250
3 16  0.250 24.000 1.750 -24.000 24.000 0.000 -24.000 24.000 12.000
3 16  -24.000 24.000 0.000 0.250 24.000 1.750 8.990 24.000 0.000
3 16  10.000 2.500 3.625 10.000 2.445 1.751 10.000 2.500 1.750
3 16  10.000 2.500 3.625 10.000 2.391 1.755 10.000 2.445 1.751
3 16  10.000 2.500 3.625 10.000 2.336 1.761 10.000 2.391 1.755
3 16  10.000 2.500 3.625 10.000 2.282 1.769 10.000 2.336 1.761
3 16  10.000 2.500 3.625 10.000 2.228 1.780 10.000 2.282 1.769
3 16  10.000 2.500 3.625 10.000 2.174 1.793 10.000 2.228 1.780
3 16  10.000 2.500 3.625 10.000 2.120 1.808 10.000 2.174 1.793
3 16  10.000 2.500 3.625 10.000 2.066 1.826 10.000 2.120 1.808
3 16  10.000 2.500 3.625 10.000 2.012 1.846 10.000 2.066 1.826
3 16  10.000 2.500 3.625 10.000 1.959 1.869 10.000 2.012 1.846
3 16  10.000 2.500 3.625 10.000 1.906 1.893 10.000 1.959 1.869
3 16  10.000 2.500 3.625 10.000 1.853 1.920 10.000 1.906 1.893
3 16  10.000 2.500 3.625 10.000 1.800 1.950 10.000 1.853 1.920
3 16  10.000 2.500 3.625 10.000 1.748 1.981 10.000 1.800 1.950
3 16  10.000 2.500 3.625 10.000 1.696 2.015 10.000 1.748 1.981
3 16  10.000 2.500 3.625 10.000 1.645 2.052 10.000 1.696 2.015
3 16  10.000 2.500 3.625 10.000 1.594 2.090 10.000 1.645 2.052
3 16  10.000 2.500 3.625 10.000 1.543 2.131 10.000 1.594 2.090
3 16  10.000 2.500 3.625 10.000 1.493 2.173 10.000 1.543 2.131
3 16  10.000 2.500 3.625 10.000 1.443 2.218 10.000 1.493 2.173
3 16  10.000 2.500 3.625 10.000 1.394 2.266 10.000 1.443 2.218
3 16  10.000 2.500 3.625 10.000 1.346 2.315 10.000 1.394 2.266
3 16  10.000 2.500 3.625 10.000 1.298 2.366 10.000 1.346 2.315
3 16  10.000 2.500 3.625 10.000 1.250 2.420 10.000 1.298 2.366
3 16  10.000 2.500 3.625 10.000 1.203 2.475 10.000 1.250 2.420
3 16  10.000 2.500 3.625 10.000 1.157 2.533 10.000 1.203 2.475
3 16  10.000 2.500 3.625 10.000 1.111 2.593 10.000 1.157 2.533
3 16  10.000 2.500 3.625 10.000 1.066 2.654 10.000 1.111 2.593
3 16  10.000 2.500 3.625 10.000 0.978 2.783 10.000 1.066 2.654
3 16  10.000 2.500 3.625 10.000 0.893 2.920 10.000 0.978 2.783
3 16  10.000 2.500 3.625 10.000 0.811 3.064 10.000 0.893 2.920
3 16  10.000 2.500 3.625 10.000 0.732 3.214 10.000 0.811 3.064
3 16  10.000 2.500 3.625 10.000 0.657 3.372 10.000 0.732 3.214
3 16  10.000 2.500 3.625 10.000 0.585 3.536 10.000 0.657 3.372
3 16  10.000 0.585 3.536 10.000 2.500 3.625 10.000 0.548 3.625
3 16  22.250 2.500 1.750 14.000 2.500 3.625 22.250 2.500 3.625
3 16  14.000 2.500 3.625 22.250 2.500 1.750 14.000 2.500 1.750
3 16  0.250 0.000 8.375 0.250 2.500 3.625 0.250 2.500 8.375
3 16  0.250 2.500 3.625 0.250 0.000 8.375 0.250 0.000 3.625
3 16  0.250 2.500 8.375 0.250 24.000 10.250 0.250 2.500 10.250
3 16  0.250 24.000 10.250 0.250 2.500 8.375 0.250 24.000 1.750
3 16  0.250 2.500 3.625 0.250 24.000 1.750 0.250 2.500 8.375
3 16  0.250 24.000 1.750 0.250 2.500 3.625 0.250 2.500 1.750
3 16  10.000 2.500 1.750 0.250 2.500 3.625 10.000 2.500 3.625
3 16  0.250 2.500 3.625 10.000 2.500 1.750 0.250 2.500 1.750
3 16  24.000 0.000 12.000 24.000 24.000 0.000 24.000 24.000 12.000
3 16  24.000 24.000 0.000 24.000 0.000 12.000 24.000 0.000 0.000
3 16  24.000 24.000 12.000 -2.000 12.000 12.000 24.000 0.000 12.000
3 16  24.000 24.000 12.000 -2.059 13.081 12.000 -2.000 12.000 12.000
3 16  24.000 24.000 12.000 -2.234 14.150 12.000 -2.059 13.081 12.000
3 16  24.000 24.000 12.000 -2.523 15.193 12.000 -2.234 14.150 12.000
3 16  24.000 24.000 12.000 -2.924 16.199 12.000 -2.523 15.193 12.000
3 16  24.000 24.000 12.000 -3.431 17.156 12.000 -2.924 16.199 12.000
3 16  24.000 24.000 12.000 -4.039 18.052 12.000 -3.431 17.156 12.000
3 16  24.000 24.000 12.000 -4.740 18.877 12.000 -4.039 18.052 12.000
3 16  24.000 24.000 12.000 -5.526 19.622 12.000 -4.740 18.877 12.000
3 16  24.000 24.000 12.000 -6.388 20.277 12.000 -5.526 19.622 12.000
3 16  24.000 24.000 12.000 -7.316 20.835 12.000 -6.388 20.277 12.000
3 16  24.000 24.000 12.000 -8.299 21.290 12.000 -7.316 20.835 12.000
3 16  24.000 24.000 12.000 -9.325 21.636 12.000 -8.299 21.290 12.000
3 16  24.000 24.000 12.000 -10.382 21.868 12.000 -9.325 21.636 12.000
3 16  24.000 24.000 12.000 -11.459 21.985 12.000 -10.382 21.868 12.000
3 16  -24.000 24.000 12.000 -11.459 21.985 12.000 24.000 24.000 12.000
3 16  -21.941 13.081 12.000 -24.000 24.000 12.000 -22.000 12.000 12.000
3 16  -21.766 14.150 12.000 -24.000 24.000 12.000 -21.941 13.081 12.000
3 16  -21.477 15.193 12.000 -24.000 24.000 12.000 -21.766 14.150 12.000
3 16  -21.076 16.199 12.000 -24.000 24.000 12.000 -21.477 15.193 12.000
3 16  -20.569 17.156 12.000 -24.000 24.000 12.000 -21.076 16.199 12.000
3 16  -19.961 18.052 12.000 -24.000 24.000 12.000 -20.569 17.156 12.000
3 16  -19.260 18.877 12.000 -24.000 24.000 12.000 -19.961 18.052 12.000
3 16  -18.474 19.622 12.000 -24.000 24.000 12.000 -19.260 18.877 12.000
3 16  -17.612 20.277 12.000 -24.000 24.000 12.000 -18.474 19.622 12.000
3 16  -16.684 20.835 12.000 -24.000 24.000 12.000 -17.612 20.277 12.000
3 16  -15.701 21.290 12.000 -24.000 24.000 12.000 -16.684 20.835 12.000
3 16  -14.675 21.636 12.000 -24.000 24.000 12.000 -15.701 21.290 12.000
3 16  -13.618 21.868 12.000 -24.000 24.000 12.000 -14.675 21.636 12.000
3 16  -12.541 21.985 12.000 -24.000 24.000 12.000 -13.618 21.868 12.000
3 16  -11.459 21.985 12.000 -24.000 24.000 12.000 -12.541 21.985 12.000
3 16  -2.059 10.919 12.000 24.000 0.000 12.000 -2.000 12.000 12.000
3 16  -2.234 9.850 12.000 24.000 0.000 12.000 -2.059 10.919 12.000
3 16  -2.523 8.807 12.000 24.000 0.000 12.000 -2.234 9.850 12.000
3 16  -2.924 7.801 12.000 24.000 0.000 12.000 -2.523 8.807 12.000
3 16  -3.431 6.844 12.000 24.000 0.000 12.000 -2.924 7.801 12.000
3 16  -4.039 5.948 12.000 24.000 0.000 12.000 -3.431 6.844 12.000
3 16  -4.740 5.123 12.000 24.000 0.000 12.000 -4.039 5.948 12.000
3 16  -5.526 4.378 12.000 24.000 0.000 12.000 -4.740 5.123 12.000
3 16  -6.388 3.723 12.000 24.000 0.000 12.000 -5.526 4.378 12.000
3 16  -7.316 3.165 12.000 24.000 0.000 12.000 -6.388 3.723 12.000
3 16  -8.299 2.710 12.000 24.000 0.000 12.000 -7.316 3.165 12.000
3 16  -9.325 2.364 12.000 24.000 0.000 12.000 -8.299 2.710 12.000
3 16  -10.382 2.132 12.000 24.000 0.000 12.000 -9.325 2.364 12.000
3 16  -11.459 2.015 12.000 24.000 0.000 12.000 -10.382 2.132 12.000
3 16  -24.000 0.000 12.000 -11.459 2.015 12.000 -12.541 2.015 12.000
3 16  -24.000 0.000 12.000 -22.000 12.000 12.000 -24.000 24.000 12.000
3 16  -11.459 2.015 12.000 -24.000 0.000 12.000 24.000 0.000 12.000
3 16  -13.618 2.132 12.000 -24.000 0.000 12.000 -12.541 2.015 12.000
3 16  -14.675 2.364 12.000 -24.000 0.000 12.000 -13.618 2.132 12.000
3 16  -15.701 2.710 12.000 -24.000 0.000 12.000 -14.675 2.364 12.000
3 16  -16.684 3.165 12.000 -24.000 0.000 12.000 -15.701 2.710 12.000
3 16  -17.612 3.723 12.000 -24.000 0.000 12.000 -16.684 3.165 12.000
3 16  -18.474 4.378 12.000 -24.000 0.000 12.000 -17.612 3.723 12.000
3 16  -19.260 5.123 12.000 -24.000 0.000 12.000 -18.474 4.378 12.000
3 16  -19.961 5.948 12.000 -24.000 0.000 12.000 -19.260 5.123 12.000
3 16  -20.569 6.844 12.000 -24.000 0.000 12.000 -19.961 5.948 12.000
3 16  -21.076 7.801 12.000 -24.000 0.000 12.000 -20.569 6.844 12.000
3 16  -21.477 8.807 12.000 -24.000 0.000 12.000 -21.076 7.801 12.000
3 16  -21.766 9.850 12.000 -24.000 0.000 12.000 -21.477 8.807 12.000
3 16  -21.941 10.919 12.000 -24.000 0.000 12.000 -21.766 9.850 12.000
3 16  -22.000 12.000 12.000 -24.000 0.000 12.000 -21.941 10.919 12.000
3 16  14.000 2.445 1.751 14.000 2.500 3.625 14.000 2.500 1.750
3 16  14.000 2.391 1.755 14.000 2.500 3.625 14.000 2.445 1.751
3 16  14.000 2.336 1.761 14.000 2.500 3.625 14.000 2.391 1.755
3 16  14.000 2.282 1.769 14.000 2.500 3.625 14.000 2.336 1.761
3 16  14.000 2.228 1.780 14.000 2.500 3.625 14.000 2.282 1.769
3 16  14.000 2.174 1.793 14.000 2.500 3.625 14.000 2.228 1.780
3 16  14.000 2.120 1.808 14.000 2.500 3.625 14.000 2.174 1.793
3 16  14.000 2.066 1.826 14.000 2.500 3.625 14.000 2.120 1.808
3 16  14.000 2.012 1.846 14.000 2.500 3.625 14.000 2.066 1.826
3 16  14.000 1.959 1.869 14.000 2.500 3.625 14.000 2.012 1.846
3 16  14.000 1.906 1.893 14.000 2.500 3.625 14.000 1.959 1.869
3 16  14.000 1.853 1.920 14.000 2.500 3.625 14.000 1.906 1.893
3 16  14.000 1.800 1.950 14.000 2.500 3.625 14.000 1.853 1.920
3 16  14.000 1.748 1.981 14.000 2.500 3.625 14.000 1.800 1.950
3 16  14.000 1.696 2.015 14.000 2.500 3.625 14.000 1.748 1.981
3 16  14.000 1.645 2.052 14.000 2.500 3.625 14.000 1.696 2.015
3 16  14.000 1.594 2.090 14.000 2.500 3.625 14.000 1.645 2.052
3 16  14.000 1.543 2.131 14.000 2.500 3.625 14.000 1.594 2.090
3 16  14.000 1.493 2.173 14.000 2.500 3.625 14.000 1.543 2.131
3 16  14.000 1.443 2.218 14.000 2.500 3.625 14.000 1.493 2.173
3 16  14.000 1.394 2.266 14.000 2.500 3.625 14.000 1.443 2.218
3 16  14.000 1.346 2.315 14.000 2.500 3.625 14.000 1.394 2.266
3 16  14.000 1.298 2.366 14.000 2.500 3.625 14.000 1.346 2.315
3 16  14.000 1.250 2.420 14.000 2.500 3.625 14.000 1.298 2.366
3 16  14.000 1.203 2.475 14.000 2.500 3.625 14.000 1.250 2.420
3 16  14.000 1.157 2.533 14.000 2.500 3.625 14.000 1.203 2.475
3 16  14.000 1.111 2.593 14.000 2.500 3.625 14.000 1.157 2.533
3 16  14.000 1.066 2.654 14.000 2.500 3.625 14.000 1.111 2.593
3 16  14.000 0.978 2.783 14.000 2.500 3.625 14.000 1.066 2.654
3 16  14.000 0.893 2.920 14.000 2.500 3.625 14.000 0.978 2.783
3 16  14.000 0.811 3.064 14.000 2.500 3.625 14.000 0.893 2.920
3 16  14.000 0.732 3.214 14.000 2.500 3.625 14.000 0.811 3.064
3 16  14.000 0.657 3.372 14.000 2.500 3.625 14.000 0.732 3.214
3 16  14.000 0.585 3.536 14.000 2.500 3.625 14.000 0.657 3.372
3 16  14.000 2.500 3.625 14.000 0.585 3.536 14.000 0.548 3.625
3 16  15.804 0.000 3.625 17.897 0.000 0.000 22.250 0.000 3.625
3 16  -24.000 0.000 12.000 0.250 0.000 8.375 24.000 0.000 12.000
3 16  -24.000 0.000 12.000 0.250 0.000 3.625 0.250 0.000 8.375
3 16  -24.000 0.000 0.000 0.250 0.000 3.625 -24.000 0.000 12.000
3 16  6.103 0.000 0.000 0.250 0.000 3.625 -24.000 0.000 0.000
3 16  0.250 0.000 3.625 6.103 0.000 0.000 8.196 0.000 3.625
3 16  22.250 0.000 8.375 24.000 0.000 12.000 0.250 0.000 8.375
3 16  22.250 0.000 3.625 24.000 0.000 12.000 22.250 0.000 8.375
3 16  22.250 0.000 3.625 24.000 0.000 0.000 24.000 0.000 12.000
3 16  24.000 0.000 0.000 22.250 0.000 3.625 17.897 0.000 0.000
3 16  0.250 2.500 10.250 22.250 24.000 10.250 22.250 2.500 10.250
3 16  22.250 24.000 10.250 0.250 2.500 10.250 0.250 24.000 10.250
3 16  22.250 2.500 3.625 15.804 0.000 3.625 22.250 0.000 3.625
3 16  14.000 2.500 3.625 15.804 0.000 3.625 22.250 2.500 3.625
3 16  15.804 0.000 3.625 14.000 2.500 3.625 15.678 0.002 3.625
3 16  15.678 0.002 3.625 14.000 2.500 3.625 15.553 0.010 3.625
3 16  15.553 0.010 3.625 14.000 2.500 3.625 15.427 0.021 3.625
3 16  15.427 0.021 3.625 14.000 2.500 3.625 15.303 0.038 3.625
3 16  15.303 0.038 3.625 14.000 2.500 3.625 15.179 0.059 3.625
3 16  15.179 0.059 3.625 14.000 2.500 3.625 15.057 0.085 3.625
3 16  15.057 0.085 3.625 14.000 2.500 3.625 14.936 0.116 3.625
3 16  14.936 0.116 3.625 14.000 2.500 3.625 14.817 0.151 3.625
3 16  14.817 0.151 3.625 14.000 2.500 3.625 14.700 0.190 3.625
3 16  14.700 0.190 3.625 14.000 2.500 3.625 14.584 0.234 3.625
3 16  14.584 0.234 3.625 14.000 2.500 3.625 14.471 0.282 3.625
3 16  14.471 0.282 3.625 14.000 2.500 3.625 14.361 0.335 3.625
3 16  14.361 0.335 3.625 14.000 2.500 3.625 14.253 0.392 3.625
3 16  14.253 0.392 3.625 14.000 2.500 3.625 14.148 0.452 3.625
3 16  14.148 0.452 3.625 14.000 2.500 3.625 14.047 0.517 3.625
3 16  14.047 0.517 3.625 14.000 2.500 3.625 14.000 0.548 3.625
3 16  -24.000 0.000 0.000 -24.000 24.000 12.000 -24.000 24.000 0.000
3 16  -24.000 24.000 12.000 -24.000 0.000 0.000 -24.000 0.000 12.000
3 16  -19.813 13.720 6.000 -19.953 12.865 6.000 -21.941 13.081 0.000
3 16  -21.766 14.150 0.000 -19.813 13.720 6.000 -21.941 13.081 0.000
3 16  -19.581 14.554 6.000 -19.813 13.720 6.000 -21.766 14.150 0.000
3 16  -21.477 15.193 0.000 -19.581 14.554 6.000 -21.766 14.150 0.000
3 16  -19.261 15.359 6.000 -19.581 14.554 6.000 -21.477 15.193 0.000
3 16  -21.076 16.199 0.000 -19.261 15.359 6.000 -21.477 15.193 0.000
3 16  -18.855 16.124 6.000 -19.261 15.359 6.000 -21.076 16.199 0.000
3 16  -20.569 17.156 0.000 -18.855 16.124 6.000 -21.076 16.199 0.000
3 16  -18.369 16.841 6.000 -18.855 16.124 6.000 -20.569 17.156 0.000
3 16  -19.961 18.052 0.000 -18.369 16.841 6.000 -20.569 17.156 0.000
3 16  -17.808 17.502 6.000 -18.369 16.841 6.000 -19.961 18.052 0.000
3 16  -19.260 18.877 0.000 -17.808 17.502 6.000 -19.961 18.052 0.000
3 16  -17.179 18.097 6.000 -17.808 17.502 6.000 -19.260 18.877 0.000
3 16  -18.474 19.622 0.000 -17.179 18.097 6.000 -19.260 18.877 0.000
3 16  -16.489 18.622 6.000 -17.179 18.097 6.000 -18.474 19.622 0.000
3 16  -17.612 20.277 0.000 -16.489 18.622 6.000 -18.474 19.622 0.000
3 16  -15.747 19.068 6.000 -16.489 18.622 6.000 -17.612 20.277 0.000
3 16  -16.684 20.835 0.000 -15.747 19.068 6.000 -17.612 20.277 0.000
3 16  -14.961 19.432 6.000 -15.747 19.068 6.000 -16.684 20.835 0.000
3 16  -15.701 21.290 0.000 -14.961 19.432 6.000 -16.684 20.835 0.000
3 16  -14.140 19.708 6.000 -14.961 19.432 6.000 -15.701 21.290 0.000
3 16  -14.675 21.636 0.000 -14.140 19.708 6.000 -15.701 21.290 0.000
3 16  -13.294 19.895 6.000 -14.140 19.708 6.000 -14.675 21.636 0.000
3 16  -13.618 21.868 0.000 -13.294 19.895 6.000 -14.675 21.636 0.000
3 16  -12.433 19.988 6.000 -13.294 19.895 6.000 -13.618 21.868 0.000
3 16  -12.541 21.985 0.000 -12.433 19.988 6.000 -13.618 21.868 0.000
3 16  -12.541 21.985 0.000 -11.567 19.988 6.000 -12.433 19.988 6.000
3 16  -11.567 19.988 6.000 -12.541 21.985 0.000 -11.459 21.985 0.000
3 16  -11.459 21.985 0.000 -10.706 19.895 6.000 -11.567 19.988 6.000
3 16  -10.382 21.868 0.000 -10.706 19.895 6.000 -11.459 21.985 0.000
3 16  -10.382 21.868 0.000 -9.860 19.708 6.000 -10.706 19.895 6.000
3 16  -9.325 21.636 0.000 -9.860 19.708 6.000 -10.382 21.868 0.000
3 16  -9.325 21.636 0.000 -9.039 19.432 6.000 -9.860 19.708 6.000
3 16  -8.299 21.290 0.000 -9.039 19.432 6.000 -9.325 21.636 0.000
3 16  -8.299 21.290 0.000 -8.253 19.068 6.000 -9.039 19.432 6.000
3 16  -7.316 20.835 0.000 -8.253 19.068 6.000 -8.299 21.290 0.000
3 16  -7.316 20.835 0.000 -7.511 18.622 6.000 -8.253 19.068 6.000
3 16  -7.316 20.835 0.000 -6.388 20.277 0.000 -7.511 18.622 6.000
3 16  -6.388 20.277 0.000 -6.821 18.097 6.000 -7.511 18.622 6.000
3 16  -6.388 20.277 0.000 -5.526 19.622 0.000 -6.821 18.097 6.000
3 16  -5.526 19.622 0.000 -6.192 17.502 6.000 -6.821 18.097 6.000
3 16  -5.526 19.622 0.000 -4.740 18.877 0.000 -6.192 17.502 6.000
3 16  -4.740 18.877 0.000 -5.631 16.841 6.000 -6.192 17.502 6.000
3 16  -4.740 18.877 0.000 -4.039 18.052 0.000 -5.631 16.841 6.000
3 16  -4.039 18.052 0.000 -5.145 16.124 6.000 -5.631 16.841 6.000
3 16  -4.039 18.052 0.000 -3.431 17.156 0.000 -5.145 16.124 6.000
3 16  -3.431 17.156 0.000 -4.739 15.359 6.000 -5.145 16.124 6.000
3 16  -3.431 17.156 0.000 -2.924 16.199 0.000 -4.739 15.359 6.000
3 16  -2.924 16.199 0.000 -4.419 14.554 6.000 -4.739 15.359 6.000
3 16  -2.924 16.199 0.000 -2.523 15.193 0.000 -4.419 14.554 6.000
3 16  -2.523 15.193 0.000 -4.187 13.720 6.000 -4.419 14.554 6.000
3 16  -2.523 15.193 0.000 -2.234 14.150 0.000 -4.187 13.720 6.000
3 16  -2.234 14.150 0.000 -4.047 12.865 6.000 -4.187 13.720 6.000
3 16  -2.234 14.150 0.000 -2.059 13.081 0.000 -4.047 12.865 6.000
3 16  -2.059 13.081 0.000 -4.000 12.000 6.000 -4.047 12.865 6.000
3 16  -2.059 13.081 0.000 -2.000 12.000 0.000 -4.000 12.000 6.000
3 16  -4.000 12.000 6.000 -2.000 12.000 0.000 -4.047 11.135 6.000
3 16  -2.000 12.000 0.000 -2.059 10.919 0.000 -4.047 11.135 6.000
3 16  -4.047 11.135 6.000 -2.059 10.919 0.000 -4.187 10.280 6.000
3 16  -2.059 10.919 0.000 -2.234 9.850 0.000 -4.187 10.280 6.000
3 16  -4.187 10.280 6.000 -2.234 9.850 0.000 -4.419 9.446 6.000
3 16  -2.234 9.850 0.000 -2.523 8.807 0.000 -4.419 9.446 6.000
3 16  -4.419 9.446 6.000 -2.523 8.807 0.000 -4.739 8.641 6.000
3 16  -2.523 8.807 0.000 -2.924 7.801 0.000 -4.739 8.641 6.000
3 16  -4.739 8.641 6.000 -2.924 7.801 0.000 -5.145 7.876 6.000
3 16  -2.924 7.801 0.000 -3.431 6.844 0.000 -5.145 7.876 6.000
3 16  -5.145 7.876 6.000 -3.431 6.844 0.000 -5.631 7.159 6.000
3 16  -3.431 6.844 0.000 -4.039 5.948 0.000 -5.631 7.159 6.000
3 16  -5.631 7.159 6.000 -4.039 5.948 0.000 -6.192 6.498 6.000
3 16  -4.039 5.948 0.000 -4.740 5.123 0.000 -6.192 6.498 6.000
3 16  -6.192 6.498 6.000 -4.740 5.123 0.000 -6.821 5.903 6.000
3 16  -4.740 5.123 0.000 -5.526 4.378 0.000 -6.821 5.903 6.000
3 16  -6.821 5.903 6.000 -5.526 4.378 0.000 -7.511 5.378 6.000
3 16  -5.526 4.378 0.000 -6.388 3.723 0.000 -7.511 5.378 6.000
3 16  -7.511 5.378 6.000 -6.388 3.723 0.000 -8.253 4.932 6.000
3 16  -6.388 3.723 0.000 -7.316 3.165 0.000 -8.253 4.932 6.000
3 16  -8.253 4.932 6.000 -7.316 3.165 0.000 -9.039 4.568 6.000
3 16  -7.316 3.165 0.000 -8.299 2.710 0.000 -9.039 4.568 6.000
3 16  -9.039 4.568 6.000 -8.299 2.710 0.000 -9.860 4.292 6.000
3 16  -8.299 2.710 0.000 -9.325 2.364 0.000 -9.860 4.292 6.000
3 16  -9.860 4.292 6.000 -9.325 2.364 0.000 -10.706 4.105 6.000
3 16  -9.325 2.364 0.000 -10.382 2.132 0.000 -10.706 4.105 6.000
3 16  -10.706 4.105 6.000 -10.382 2.132 0.000 -11.567 4.012 6.000
3 16  -10.382 2.132 0.000 -11.459 2.015 0.000 -11.567 4.012 6.000
3 16  -11.459 2.015 0.000 -12.433 4.012 6.000 -11.567 4.012 6.000
3 16  -12.433 4.012 6.000 -11.459 2.015 0.000 -12.541 2.015 0.000
3 16  -12.433 4.012 6.000 -12.541 2.015 0.000 -13.294 4.105 6.000
3 16  -13.294 4.105 6.000 -12.541 2.015 0.000 -13.618 2.132 0.000
3 16  -13.294 4.105 6.000 -13.618 2.132 0.000 -14.140 4.292 6.000
3 16  -14.140 4.292 6.000 -13.618 2.132 0.000 -14.675 2.364 0.000
3 16  -14.140 4.292 6.000 -14.675 2.364 0.000 -14.961 4.568 6.000
3 16  -14.961 4.568 6.000 -14.675 2.364 0.000 -15.701 2.710 0.000
3 16  -14.961 4.568 6.000 -15.701 2.710 0.000 -15.747 4.932 6.000
3 16  -15.747 4.932 6.000 -15.701 2.710 0.000 -16.684 3.165 0.000
3 16  -16.489 5.378 6.000 -15.747 4.932 6.000 -16.684 3.165 0.000
3 16  -16.489 5.378 6.000 -16.684 3.165 0.000 -17.612 3.723 0.000
3 16  -17.179 5.903 6.000 -16.489 5.378 6.000 -17.612 3.723 0.000
3 16  -17.179 5.903 6.000 -17.612 3.723 0.000 -18.474 4.378 0.000
3 16  -17.808 6.498 6.000 -17.179 5.903 6.000 -18.474 4.378 0.000
3 16  -17.808 6.498 6.000 -18.474 4.378 0.000 -19.260 5.123 0.000
3 16  -18.369 7.159 6.000 -17.808 6.498 6.000 -19.260 5.123 0.000
3 16  -18.369 7.159 6.000 -19.260 5.123 0.000 -19.961 5.948 0.000
3 16  -18.855 7.876 6.000 -18.369 7.159 6.000 -19.961 5.948 0.000
3 16  -18.855 7.876 6.000 -19.961 5.948 0.000 -20.569 6.844 0.000
3 16  -19.261 8.641 6.000 -18.855 7.876 6.000 -20.569 6.844 0.000
3 16  -19.261 8.641 6.000 -20.569 6.844 0.000 -21.076 7.801 0.000
3 16  -19.581 9.446 6.000 -19.261 8.641 6.000 -21.076 7.801 0.000
3 16  -19.581 9.446 6.000 -21.076 7.801 0.000 -21.477 8.807 0.000
3 16  -19.813 10.280 6.000 -19.581 9.446 6.000 -21.477 8.807 0.000
3 16  -19.813 10.280 6.000 -21.477 8.807 0.000 -21.766 9.850 0.000
3 16  -19.953 11.135 6.000 -19.813 10.280 6.000 -21.766 9.850 0.000
3 16  -19.953 11.135 6.000 -21.766 9.850 0.000 -21.941 10.919 0.000
3 16  -20.000 12.000 6.000 -19.953 11.135 6.000 -21.941 10.919 0.000
3 16  -20.000 12.000 6.000 -21.941 10.919 0.000 -22.000 12.000 0.000
3 16  -19.953 12.865 6.000 -20.000 12.000 6.000 -22.000 12.000 0.000
3 16  -21.941 13.081 0.000 -19.953 12.865 6.000 -22.000 12.000 0.000
3 16  -4.047 12.865 6.000 -2.059 13.081 12.000 -4.187 13.720 6.000
3 16  -2.059 13.081 12.000 -2.234 14.150 12.000 -4.187 13.720 6.000
3 16  -4.187 13.720 6.000 -2.234 14.150 12.000 -4.419 14.554 6.000
3 16  -2.234 14.150 12.000 -2.523 15.193 12.000 -4.419 14.554 6.000
3 16  -4.419 14.554 6.000 -2.523 15.193 12.000 -4.739 15.359 6.000
3 16  -2.523 15.193 12.000 -2.924 16.199 12.000 -4.739 15.359 6.000
3 16  -4.739 15.359 6.000 -2.924 16.199 12.000 -5.145 16.124 6.000
3 16  -2.924 16.199 12.000 -3.431 17.156 12.000 -5.145 16.124 6.000
3 16  -5.145 16.124 6.000 -3.431 17.156 12.000 -5.631 16.841 6.000
3 16  -3.431 17.156 12.000 -4.039 18.052 12.000 -5.631 16.841 6.000
3 16  -5.631 16.841 6.000 -4.039 18.052 12.000 -6.192 17.502 6.000
3 16  -4.039 18.052 12.000 -4.740 18.877 12.000 -6.192 17.502 6.000
3 16  -6.192 17.502 6.000 -4.740 18.877 12.000 -6.821 18.097 6.000
3 16  -4.740 18.877 12.000 -5.526 19.622 12.000 -6.821 18.097 6.000
3 16  -6.821 18.097 6.000 -5.526 19.622 12.000 -7.511 18.622 6.000
3 16  -5.526 19.622 12.000 -6.388 20.277 12.000 -7.511 18.622 6.000
3 16  -7.511 18.622 6.000 -6.388 20.277 12.000 -8.253 19.068 6.000
3 16  -6.388 20.277 12.000 -7.316 20.835 12.000 -8.253 19.068 6.000
3 16  -8.253 19.068 6.000 -7.316 20.835 12.000 -9.039 19.432 6.000
3 16  -7.316 20.835 12.000 -8.299 21.290 12.000 -9.039 19.432 6.000
3 16  -9.039 19.432 6.000 -8.299 21.290 12.000 -9.860 19.708 6.000
3 16  -8.299 21.290 12.000 -9.325 21.636 12.000 -9.860 19.708 6.000
3 16  -9.860 19.708 6.000 -9.325 21.636 12.000 -10.706 19.895 6.000
3 16  -9.325 21.636 12.000 -10.382 21.868 12.000 -10.706 19.895 6.000
3 16  -10.706 19.895 6.000 -10.382 21.868 12.000 -11.567 19.988 6.000
3 16  -10.382 21.868 12.000 -11.459 21.985 12.000 -11.567 19.988 6.000
3 16  -12.433 19.988 6.000 -11.459 21.985 12.000 -12.541 21.985 12.000
3 16  -11.459 21.985 12.000 -12.433 19.988 6.000 -11.567 19.988 6.000
3 16  -12.433 19.988 6.000 -12.541 21.985 12.000 -13.294 19.895 6.000
3 16  -13.294 19.895 6.000 -12.541 21.985 12.000 -13.618 21.868 12.000
3 16  -13.294 19.895 6.000 -13.618 21.868 12.000 -14.140 19.708 6.000
3 16  -14.140 19.708 6.000 -13.618 21.868 12.000 -14.675 21.636 12.000
3 16  -14.140 19.708 6.000 -14.675 21.636 12.000 -14.961 19.432 6.000
3 16  -14.961 19.432 6.000 -14.675 21.636 12.000 -15.701 21.290 12.000
3 16  -14.961 19.432 6.000 -15.701 21.290 12.000 -15.747 19.068 6.000
3 16  -15.747 19.068 6.000 -15.701 21.290 12.000 -16.684 20.835 12.000
3 16  -16.489 18.622 6.000 -15.747 19.068 6.000 -16.684 20.835 12.000
3 16  -16.489 18.622 6.000 -16.684 20.835 12.000 -17.612 20.277 12.000
3 16  -17.179 18.097 6.000 -16.489 18.622 6.000 -17.612 20.277 12.000
3 16  -17.179 18.097 6.000 -17.612 20.277 12.000 -18.474 19.622 12.000
3 16  -17.808 17.502 6.000 -17.179 18.097 6.000 -18.474 19.622 12.000
3 16  -17.808 17.502 6.000 -18.474 19.622 12.000 -19.260 18.877 12.000
3 16  -18.369 16.841 6.000 -17.808 17.502 6.000 -19.260 18.877 12.000
3 16  -18.369 16.841 6.000 -19.260 18.877 12.000 -19.961 18.052 12.000
3 16  -18.855 16.124 6.000 -18.369 16.841 6.000 -19.961 18.052 12.000
3 16  -18.855 16.124 6.000 -19.961 18.052 12.000 -20.569 17.156 12.000
3 16  -19.261 15.359 6.000 -18.855 16.124 6.000 -20.569 17.156 12.000
3 16  -19.261 15.359 6.000 -20.569 17.156 12.000 -21.076 16.199 12.000
3 16  -19.581 14.554 6.000 -19.261 15.359 6.000 -21.076 16.199 12.000
3 16  -19.581 14.554 6.000 -21.076 16.199 12.000 -21.477 15.193 12.000
3 16  -19.813 13.720 6.000 -19.581 14.554 6.000 -21.477 15.193 12.000
3 16  -19.813 13.720 6.000 -21.477 15.193 12.000 -21.766 14.150 12.000
3 16  -19.953 12.865 6.000 -19.813 13.720 6.000 -21.766 14.150 12.000
3 16  -19.953 12.865 6.000 -21.766 14.150 12.000 -21.941 13.081 12.000
3 16  -20.000 12.000 6.000 -19.953 12.865 6.000 -21.941 13.081 12.000
3 16  -20.000 12.000 6.000 -21.941 13.081 12.000 -22.000 12.000 12.000
3 16  -19.953 11.135 6.000 -20.000 12.000 6.000 -22.000 12.000 12.000
3 16  -21.941 10.919 12.000 -19.953 11.135 6.000 -22.000 12.000 12.000
3 16  -19.813 10.280 6.000 -19.953 11.135 6.000 -21.941 10.919 12.000
3 16  -21.766 9.850 12.000 -19.813 10.280 6.000 -21.941 10.919 12.000
3 16  -19.581 9.446 6.000 -19.813 10.280 6.000 -21.766 9.850 12.000
3 16  -21.477 8.807 12.000 -19.581 9.446 6.000 -21.766 9.850 12.000
3 16  -19.261 8.641 6.000 -19.581 9.446 6.000 -21.477 8.807 12.000
3 16  -21.076 7.801 12.000 -19.261 8.641 6.000 -21.477 8.807 12.000
3 16  -18.855 7.876 6.000 -19.261 8.641 6.000 -21.076 7.801 12.000
3 16  -20.569 6.844 12.000 -18.855 7.876 6.000 -21.076 7.801 12.000
3 16  -18.369 7.159 6.000 -18.855 7.876 6.000 -20.569 6.844 12.000
3 16  -19.961 5.948 12.000 -18.369 7.159 6.000 -20.569 6.844 12.000
3 16  -17.808 6.498 6.000 -18.369 7.159 6.000 -19.961 5.948 12.000
3 16  -19.260 5.123 12.000 -17.808 6.498 6.000 -19.961 5.948 12.000
3 16  -17.179 5.903 6.000 -17.808 6.498 6.000 -19.260 5.123 12.000
3 16  -18.474 4.378 12.000 -17.179 5.903 6.000 -19.260 5.123 12.000
3 16  -16.489 5.378 6.000 -17.179 5.903 6.000 -18.474 4.378 12.000
3 16  -17.612 3.723 12.000 -16.489 5.378 6.000 -18.474 4.378 12.000
3 16  -15.747 4.932 6.000 -16.489 5.378 6.000 -17.612 3.723 12.000
3 16  -16.684 3.165 12.000 -15.747 4.932 6.000 -17.612 3.723 12.000
3 16  -14.961 4.568 6.000 -15.747 4.932 6.000 -16.684 3.165 12.000
3 16  -15.701 2.710 12.000 -14.961 4.568 6.000 -16.684 3.165 12.000
3 16  -14.140 4.292 6.000 -14.961 4.568 6.000 -15.701 2.710 12.000
3 16  -14.675 2.364 12.000 -14.140 4.292 6.000 -15.701 2.710 12.000
3 16  -13.294 4.105 6.000 -14.140 4.292 6.000 -14.675 2.364 12.000
3 16  -13.618 2.132 12.000 -13.294 4.105 6.000 -14.675 2.364 12.000
3 16  -12.433 4.012 6.000 -13.294 4.105 6.000 -13.618 2.132 12.000
3 16  -12.541 2.015 12.000 -12.433 4.012 6.000 -13.618 2.132 12.000
3 16  -11.567 4.012 6.000 -12.541 2.015 12.000 -11.459 2.015 12.000
3 16  -12.541 2.015 12.000 -11.567 4.012 6.000 -12.433 4.012 6.000
3 16  -11.459 2.015 12.000 -10.706 4.105 6.000 -11.567 4.012 6.000
3 16  -10.382 2.132 12.000 -10.706 4.105 6.000 -11.459 2.015 12.000
3 16  -10.382 2.132 12.000 -9.860 4.292 6.000 -10.706 4.105 6.000
3 16  -9.325 2.364 12.000 -9.860 4.292 6.000 -10.382 2.132 12.000
3 16  -9.325 2.364 12.000 -9.039 4.568 6.000 -9.860 4.292 6.000
3 16  -8.299 2.710 12.000 -9.039 4.568 6.000 -9.325 2.364 12.000
3 16  -8.299 2.710 12.000 -8.253 4.932 6.000 -9.039 4.568 6.000
3 16  -7.316 3.165 12.000 -8.253 4.932 6.000 -8.299 2.710 12.000
3 16  -7.316 3.165 12.000 -7.511 5.378 6.000 -8.253 4.932 6.000
3 16  -7.316 3.165 12.000 -6.388 3.723 12.000 -7.511 5.378 6.000
3 16  -6.388 3.723 12.000 -6.821 5.903 6.000 -7.511 5.378 6.000
3 16  -6.388 3.723 12.000 -5.526 4.378 12.000 -6.821 5.903 6.000
3 16  -5.526 4.378 12.000 -6.192 6.498 6.000 -6.821 5.903 6.000
3 16  -5.526 4.378 12.000 -4.740 5.123 12.000 -6.192 6.498 6.000
3 16  -4.740 5.123 12.000 -5.631 7.159 6.000 -6.192 6.498 6.000
3 16  -4.740 5.123 12.000 -4.039 5.948 12.000 -5.631 7.159 6.000
3 16  -4.039 5.948 12.000 -5.145 7.876 6.000 -5.631 7.159 6.000
3 16  -4.039 5.948 12.000 -3.431 6.844 12.000 -5.145 7.876 6.000
3 16  -3.431 6.844 12.000 -4.739 8.641 6.000 -5.145 7.876 6.000
3 16  -3.431 6.844 12.000 -2.924 7.801 12.000 -4.739 8.641 6.000
3 16  -2.924 7.801 12.000 -4.419 9.446 6.000 -4.739 8.641 6.000
3 16  -2.924 7.801 12.000 -2.523 8.807 12.000 -4.419 9.446 6.000
3 16  -2.523 8.807 12.000 -4.187 10.280 6.000 -4.419 9.446 6.000
3 16  -2.523 8.807 12.000 -2.234 9.850 12.000 -4.187 10.280 6.000
3 16  -2.234 9.850 12.000 -4.047 11.135 6.000 -4.187 10.280 6.000
3 16  -2.234 9.850 12.000 -2.059 10.919 12.000 -4.047 11.135 6.000
3 16  -2.059 10.919 12.000 -4.000 12.000 6.000 -4.047 11.135 6.000
3 16  -2.059 10.919 12.000 -2.000 12.000 12.000 -4.000 12.000 6.000
3 16  -4.000 12.000 6.000 -2.000 12.000 12.000 -4.047 12.865 6.000
3 16  -2.000 12.000 12.000 -2.059 13.081 12.000 -4.047 12.865 6.000
