0 ./parts/wire-2H.dat
0 !LDRAW Unofficial_part
0 BFC CERTIFY CCW
3 16  0.000 24.000 1.750 -24.000 24.000 6.000 0.000 24.000 6.000
3 16  -24.000 24.000 0.000 0.000 24.000 1.750 0.000 24.000 0.000
3 16  0.000 24.000 1.750 -24.000 24.000 0.000 -24.000 24.000 6.000
3 16  0.000 24.000 6.000 -4.000 12.000 6.000 0.000 0.000 6.000
3 16  0.000 24.000 6.000 -4.047 12.865 6.000 -4.000 12.000 6.000
3 16  0.000 24.000 6.000 -4.187 13.720 6.000 -4.047 12.865 6.000
3 16  0.000 24.000 6.000 -4.419 14.554 6.000 -4.187 13.720 6.000
3 16  0.000 24.000 6.000 -4.739 15.359 6.000 -4.419 14.554 6.000
3 16  0.000 24.000 6.000 -5.145 16.124 6.000 -4.739 15.359 6.000
3 16  0.000 24.000 6.000 -5.631 16.841 6.000 -5.145 16.124 6.000
3 16  0.000 24.000 6.000 -6.192 17.502 6.000 -5.631 16.841 6.000
3 16  0.000 24.000 6.000 -6.821 18.097 6.000 -6.192 17.502 6.000
3 16  0.000 24.000 6.000 -7.511 18.622 6.000 -6.821 18.097 6.000
3 16  0.000 24.000 6.000 -8.253 19.068 6.000 -7.511 18.622 6.000
3 16  0.000 24.000 6.000 -9.039 19.432 6.000 -8.253 19.068 6.000
3 16  0.000 24.000 6.000 -9.860 19.708 6.000 -9.039 19.432 6.000
3 16  0.000 24.000 6.000 -10.706 19.895 6.000 -9.860 19.708 6.000
3 16  0.000 24.000 6.000 -11.567 19.988 6.000 -10.706 19.895 6.000
3 16  0.000 24.000 6.000 -12.433 19.988 6.000 -11.567 19.988 6.000
3 16  -24.000 24.000 6.000 -12.433 19.988 6.000 0.000 24.000 6.000
3 16  -12.433 19.988 6.000 -24.000 24.000 6.000 -13.294 19.895 6.000
3 16  -19.953 12.865 6.000 -24.000 24.000 6.000 -20.000 12.000 6.000
3 16  -19.813 13.720 6.000 -24.000 24.000 6.000 -19.953 12.865 6.000
3 16  -19.581 14.554 6.000 -24.000 24.000 6.000 -19.813 13.720 6.000
3 16  -19.261 15.359 6.000 -24.000 24.000 6.000 -19.581 14.554 6.000
3 16  -18.855 16.124 6.000 -24.000 24.000 6.000 -19.261 15.359 6.000
3 16  -18.369 16.841 6.000 -24.000 24.000 6.000 -18.855 16.124 6.000
3 16  -17.808 17.502 6.000 -24.000 24.000 6.000 -18.369 16.841 6.000
3 16  -17.179 18.097 6.000 -24.000 24.000 6.000 -17.808 17.502 6.000
3 16  -16.489 18.622 6.000 -24.000 24.000 6.000 -17.179 18.097 6.000
3 16  -15.747 19.068 6.000 -24.000 24.000 6.000 -16.489 18.622 6.000
3 16  -14.961 19.432 6.000 -24.000 24.000 6.000 -15.747 19.068 6.000
3 16  -14.140 19.708 6.000 -24.000 24.000 6.000 -14.961 19.432 6.000
3 16  -13.294 19.895 6.000 -24.000 24.000 6.000 -14.140 19.708 6.000
3 16  -4.047 11.135 6.000 0.000 0.000 6.000 -4.000 12.000 6.000
3 16  -4.187 10.280 6.000 0.000 0.000 6.000 -4.047 11.135 6.000
3 16  -4.419 9.446 6.000 0.000 0.000 6.000 -4.187 10.280 6.000
3 16  -4.739 8.641 6.000 0.000 0.000 6.000 -4.419 9.446 6.000
3 16  -5.145 7.876 6.000 0.000 0.000 6.000 -4.739 8.641 6.000
3 16  -5.631 7.159 6.000 0.000 0.000 6.000 -5.145 7.876 6.000
3 16  -6.192 6.498 6.000 0.000 0.000 6.000 -5.631 7.159 6.000
3 16  -6.821 5.903 6.000 0.000 0.000 6.000 -6.192 6.498 6.000
3 16  -7.511 5.378 6.000 0.000 0.000 6.000 -6.821 5.903 6.000
3 16  -8.253 4.932 6.000 0.000 0.000 6.000 -7.511 5.378 6.000
3 16  -9.039 4.568 6.000 0.000 0.000 6.000 -8.253 4.932 6.000
3 16  -9.860 4.292 6.000 0.000 0.000 6.000 -9.039 4.568 6.000
3 16  -10.706 4.105 6.000 0.000 0.000 6.000 -9.860 4.292 6.000
3 16  -11.567 4.012 6.000 0.000 0.000 6.000 -10.706 4.105 6.000
3 16  -12.433 4.012 6.000 0.000 0.000 6.000 -11.567 4.012 6.000
3 16  -24.000 0.000 6.000 -12.433 4.012 6.000 -13.294 4.105 6.000
3 16  -24.000 0.000 6.000 -13.294 4.105 6.000 -14.140 4.292 6.000
3 16  -24.000 0.000 6.000 -20.000 12.000 6.000 -24.000 24.000 6.000
3 16  -20.000 12.000 6.000 -24.000 0.000 6.000 -19.953 11.135 6.000
3 16  -19.953 11.135 6.000 -24.000 0.000 6.000 -19.813 10.280 6.000
3 16  -12.433 4.012 6.000 -24.000 0.000 6.000 0.000 0.000 6.000
3 16  -14.961 4.568 6.000 -24.000 0.000 6.000 -14.140 4.292 6.000
3 16  -15.747 4.932 6.000 -24.000 0.000 6.000 -14.961 4.568 6.000
3 16  -16.489 5.378 6.000 -24.000 0.000 6.000 -15.747 4.932 6.000
3 16  -17.179 5.903 6.000 -24.000 0.000 6.000 -16.489 5.378 6.000
3 16  -17.808 6.498 6.000 -24.000 0.000 6.000 -17.179 5.903 6.000
3 16  -18.369 7.159 6.000 -24.000 0.000 6.000 -17.808 6.498 6.000
3 16  -18.855 7.876 6.000 -24.000 0.000 6.000 -18.369 7.159 6.000
3 16  -19.261 8.641 6.000 -24.000 0.000 6.000 -18.855 7.876 6.000
3 16  -19.581 9.446 6.000 -24.000 0.000 6.000 -19.261 8.641 6.000
3 16  -19.813 10.280 6.000 -24.000 0.000 6.000 -19.581 9.446 6.000
3 16  -24.000 0.000 0.000 -24.000 24.000 6.000 -24.000 24.000 0.000
3 16  -24.000 24.000 6.000 -24.000 0.000 0.000 -24.000 0.000 6.000
3 16  72.000 0.000 0.000 70.000 12.000 0.000 72.000 24.000 0.000
3 16  72.000 0.000 0.000 69.942 10.919 0.000 70.000 12.000 0.000
3 16  72.000 0.000 0.000 69.766 9.850 0.000 69.942 10.919 0.000
3 16  72.000 0.000 0.000 69.477 8.807 0.000 69.766 9.850 0.000
3 16  72.000 0.000 0.000 69.076 7.801 0.000 69.477 8.807 0.000
3 16  72.000 0.000 0.000 68.569 6.844 0.000 69.076 7.801 0.000
3 16  72.000 0.000 0.000 67.961 5.948 0.000 68.569 6.844 0.000
3 16  72.000 0.000 0.000 67.260 5.123 0.000 67.961 5.948 0.000
3 16  72.000 0.000 0.000 66.474 4.378 0.000 67.260 5.123 0.000
3 16  72.000 0.000 0.000 65.612 3.723 0.000 66.474 4.378 0.000
3 16  72.000 0.000 0.000 64.684 3.165 0.000 65.612 3.723 0.000
3 16  72.000 0.000 0.000 63.701 2.710 0.000 64.684 3.165 0.000
3 16  72.000 0.000 0.000 62.675 2.364 0.000 63.701 2.710 0.000
3 16  72.000 0.000 0.000 61.618 2.132 0.000 62.675 2.364 0.000
3 16  72.000 0.000 0.000 60.541 2.015 0.000 61.618 2.132 0.000
3 16  72.000 0.000 0.000 59.459 2.015 0.000 60.541 2.015 0.000
3 16  72.000 0.000 0.000 58.382 2.132 0.000 59.459 2.015 0.000
3 16  -2.000 12.000 0.000 50.000 12.000 0.000 50.058 10.919 0.000
3 16  50.000 12.000 0.000 -2.000 12.000 0.000 48.000 24.000 0.000
3 16  -2.059 10.919 0.000 50.058 10.919 0.000 50.234 9.850 0.000
3 16  -2.234 9.850 0.000 50.234 9.850 0.000 50.523 8.807 0.000
3 16  -2.523 8.807 0.000 50.523 8.807 0.000 50.924 7.801 0.000
3 16  -2.924 7.801 0.000 50.924 7.801 0.000 51.431 6.844 0.000
3 16  -3.431 6.844 0.000 51.431 6.844 0.000 52.039 5.948 0.000
3 16  -4.039 5.948 0.000 52.039 5.948 0.000 52.740 5.123 0.000
3 16  -4.740 5.123 0.000 52.740 5.123 0.000 53.526 4.378 0.000
3 16  -5.526 4.378 0.000 53.526 4.378 0.000 54.388 3.723 0.000
3 16  -6.388 3.723 0.000 54.388 3.723 0.000 55.316 3.165 0.000
3 16  -7.316 3.165 0.000 55.316 3.165 0.000 56.299 2.710 0.000
3 16  48.000 24.000 0.000 -2.000 12.000 0.000 0.000 24.000 0.000
3 16  -8.299 2.710 0.000 56.299 2.710 0.000 57.325 2.364 0.000
3 16  -9.325 2.364 0.000 57.325 2.364 0.000 58.382 2.132 0.000
3 16  50.058 10.919 0.000 -2.059 10.919 0.000 -2.000 12.000 0.000
3 16  -10.382 2.132 0.000 58.382 2.132 0.000 72.000 0.000 0.000
3 16  50.234 9.850 0.000 -2.234 9.850 0.000 -2.059 10.919 0.000
3 16  50.523 8.807 0.000 -2.523 8.807 0.000 -2.234 9.850 0.000
3 16  50.924 7.801 0.000 -2.924 7.801 0.000 -2.523 8.807 0.000
3 16  51.431 6.844 0.000 -3.431 6.844 0.000 -2.924 7.801 0.000
3 16  52.039 5.948 0.000 -4.039 5.948 0.000 -3.431 6.844 0.000
3 16  52.740 5.123 0.000 -4.740 5.123 0.000 -4.039 5.948 0.000
3 16  53.526 4.378 0.000 -5.526 4.378 0.000 -4.740 5.123 0.000
3 16  54.388 3.723 0.000 -6.388 3.723 0.000 -5.526 4.378 0.000
3 16  55.316 3.165 0.000 -7.316 3.165 0.000 -6.388 3.723 0.000
3 16  56.299 2.710 0.000 -8.299 2.710 0.000 -7.316 3.165 0.000
3 16  57.325 2.364 0.000 -9.325 2.364 0.000 -8.299 2.710 0.000
3 16  58.382 2.132 0.000 -10.382 2.132 0.000 -9.325 2.364 0.000
3 16  -24.000 0.000 0.000 -10.382 2.132 0.000 72.000 0.000 0.000
3 16  -10.382 2.132 0.000 -24.000 0.000 0.000 -11.459 2.015 0.000
3 16  -21.941 10.919 0.000 -24.000 0.000 0.000 -22.000 12.000 0.000
3 16  -21.766 9.850 0.000 -24.000 0.000 0.000 -21.941 10.919 0.000
3 16  -21.477 8.807 0.000 -24.000 0.000 0.000 -21.766 9.850 0.000
3 16  -21.076 7.801 0.000 -24.000 0.000 0.000 -21.477 8.807 0.000
3 16  -20.569 6.844 0.000 -24.000 0.000 0.000 -21.076 7.801 0.000
3 16  -19.961 5.948 0.000 -24.000 0.000 0.000 -20.569 6.844 0.000
3 16  -19.260 5.123 0.000 -24.000 0.000 0.000 -19.961 5.948 0.000
3 16  -18.474 4.378 0.000 -24.000 0.000 0.000 -19.260 5.123 0.000
3 16  -17.612 3.723 0.000 -24.000 0.000 0.000 -18.474 4.378 0.000
3 16  -16.684 3.165 0.000 -24.000 0.000 0.000 -17.612 3.723 0.000
3 16  -15.701 2.710 0.000 -24.000 0.000 0.000 -16.684 3.165 0.000
3 16  -14.675 2.364 0.000 -24.000 0.000 0.000 -15.701 2.710 0.000
3 16  -13.618 2.132 0.000 -24.000 0.000 0.000 -14.675 2.364 0.000
3 16  -12.541 2.015 0.000 -24.000 0.000 0.000 -13.618 2.132 0.000
3 16  -11.459 2.015 0.000 -24.000 0.000 0.000 -12.541 2.015 0.000
3 16  69.942 13.081 0.000 72.000 24.000 0.000 70.000 12.000 0.000
3 16  69.766 14.150 0.000 72.000 24.000 0.000 69.942 13.081 0.000
3 16  69.477 15.193 0.000 72.000 24.000 0.000 69.766 14.150 0.000
3 16  69.076 16.199 0.000 72.000 24.000 0.000 69.477 15.193 0.000
3 16  68.569 17.156 0.000 72.000 24.000 0.000 69.076 16.199 0.000
3 16  67.961 18.052 0.000 72.000 24.000 0.000 68.569 17.156 0.000
3 16  67.260 18.877 0.000 72.000 24.000 0.000 67.961 18.052 0.000
3 16  66.474 19.622 0.000 72.000 24.000 0.000 67.260 18.877 0.000
3 16  65.612 20.277 0.000 72.000 24.000 0.000 66.474 19.622 0.000
3 16  64.684 20.835 0.000 72.000 24.000 0.000 65.612 20.277 0.000
3 16  63.701 21.290 0.000 72.000 24.000 0.000 64.684 20.835 0.000
3 16  62.675 21.636 0.000 72.000 24.000 0.000 63.701 21.290 0.000
3 16  61.618 21.868 0.000 72.000 24.000 0.000 62.675 21.636 0.000
3 16  60.541 21.985 0.000 72.000 24.000 0.000 61.618 21.868 0.000
3 16  59.459 21.985 0.000 72.000 24.000 0.000 60.541 21.985 0.000
3 16  48.000 24.000 0.000 59.459 21.985 0.000 58.382 21.868 0.000
3 16  59.459 21.985 0.000 48.000 24.000 0.000 72.000 24.000 0.000
3 16  57.325 21.636 0.000 48.000 24.000 0.000 58.382 21.868 0.000
3 16  56.299 21.290 0.000 48.000 24.000 0.000 57.325 21.636 0.000
3 16  55.316 20.835 0.000 48.000 24.000 0.000 56.299 21.290 0.000
3 16  54.388 20.277 0.000 48.000 24.000 0.000 55.316 20.835 0.000
3 16  53.526 19.622 0.000 48.000 24.000 0.000 54.388 20.277 0.000
3 16  52.740 18.877 0.000 48.000 24.000 0.000 53.526 19.622 0.000
3 16  52.039 18.052 0.000 48.000 24.000 0.000 52.740 18.877 0.000
3 16  51.431 17.156 0.000 48.000 24.000 0.000 52.039 18.052 0.000
3 16  50.924 16.199 0.000 48.000 24.000 0.000 51.431 17.156 0.000
3 16  50.523 15.193 0.000 48.000 24.000 0.000 50.924 16.199 0.000
3 16  50.234 14.150 0.000 48.000 24.000 0.000 50.523 15.193 0.000
3 16  50.058 13.081 0.000 48.000 24.000 0.000 50.234 14.150 0.000
3 16  48.000 24.000 0.000 50.058 13.081 0.000 50.000 12.000 0.000
3 16  -2.059 13.081 0.000 0.000 24.000 0.000 -2.000 12.000 0.000
3 16  -2.234 14.150 0.000 0.000 24.000 0.000 -2.059 13.081 0.000
3 16  -2.523 15.193 0.000 0.000 24.000 0.000 -2.234 14.150 0.000
3 16  -2.924 16.199 0.000 0.000 24.000 0.000 -2.523 15.193 0.000
3 16  -3.431 17.156 0.000 0.000 24.000 0.000 -2.924 16.199 0.000
3 16  -4.039 18.052 0.000 0.000 24.000 0.000 -3.431 17.156 0.000
3 16  -4.740 18.877 0.000 0.000 24.000 0.000 -4.039 18.052 0.000
3 16  -5.526 19.622 0.000 0.000 24.000 0.000 -4.740 18.877 0.000
3 16  -6.388 20.277 0.000 0.000 24.000 0.000 -5.526 19.622 0.000
3 16  -7.316 20.835 0.000 0.000 24.000 0.000 -6.388 20.277 0.000
3 16  -8.299 21.290 0.000 0.000 24.000 0.000 -7.316 20.835 0.000
3 16  -9.325 21.636 0.000 0.000 24.000 0.000 -8.299 21.290 0.000
3 16  -10.382 21.868 0.000 0.000 24.000 0.000 -9.325 21.636 0.000
3 16  -11.459 21.985 0.000 0.000 24.000 0.000 -10.382 21.868 0.000
3 16  -12.541 21.985 0.000 0.000 24.000 0.000 -11.459 21.985 0.000
3 16  -24.000 24.000 0.000 -12.541 21.985 0.000 -13.618 21.868 0.000
3 16  -24.000 24.000 0.000 -22.000 12.000 0.000 -24.000 0.000 0.000
3 16  -12.541 21.985 0.000 -24.000 24.000 0.000 0.000 24.000 0.000
3 16  -14.675 21.636 0.000 -24.000 24.000 0.000 -13.618 21.868 0.000
3 16  -15.701 21.290 0.000 -24.000 24.000 0.000 -14.675 21.636 0.000
3 16  -16.684 20.835 0.000 -24.000 24.000 0.000 -15.701 21.290 0.000
3 16  -17.612 20.277 0.000 -24.000 24.000 0.000 -16.684 20.835 0.000
3 16  -18.474 19.622 0.000 -24.000 24.000 0.000 -17.612 20.277 0.000
3 16  -19.260 18.877 0.000 -24.000 24.000 0.000 -18.474 19.622 0.000
3 16  -19.961 18.052 0.000 -24.000 24.000 0.000 -19.260 18.877 0.000
3 16  -20.569 17.156 0.000 -24.000 24.000 0.000 -19.961 18.052 0.000
3 16  -21.076 16.199 0.000 -24.000 24.000 0.000 -20.569 17.156 0.000
3 16  -21.477 15.193 0.000 -24.000 24.000 0.000 -21.076 16.199 0.000
3 16  -21.766 14.150 0.000 -24.000 24.000 0.000 -21.477 15.193 0.000
3 16  -21.941 13.081 0.000 -24.000 24.000 0.000 -21.766 14.150 0.000
3 16  -22.000 12.000 0.000 -24.000 24.000 0.000 -21.941 13.081 0.000
3 16  -4.047 11.135 6.000 -2.059 10.919 0.000 -4.187 10.280 6.000
3 16  -2.059 10.919 0.000 -2.234 9.850 0.000 -4.187 10.280 6.000
3 16  -4.187 10.280 6.000 -2.234 9.850 0.000 -4.419 9.446 6.000
3 16  -2.234 9.850 0.000 -2.523 8.807 0.000 -4.419 9.446 6.000
3 16  -4.419 9.446 6.000 -2.523 8.807 0.000 -4.739 8.641 6.000
3 16  -2.523 8.807 0.000 -2.924 7.801 0.000 -4.739 8.641 6.000
3 16  -4.739 8.641 6.000 -2.924 7.801 0.000 -5.145 7.876 6.000
3 16  -2.924 7.801 0.000 -3.431 6.844 0.000 -5.145 7.876 6.000
3 16  -5.145 7.876 6.000 -3.431 6.844 0.000 -5.631 7.159 6.000
3 16  -3.431 6.844 0.000 -4.039 5.948 0.000 -5.631 7.159 6.000
3 16  -5.631 7.159 6.000 -4.039 5.948 0.000 -6.192 6.498 6.000
3 16  -4.039 5.948 0.000 -4.740 5.123 0.000 -6.192 6.498 6.000
3 16  -6.192 6.498 6.000 -4.740 5.123 0.000 -6.821 5.903 6.000
3 16  -4.740 5.123 0.000 -5.526 4.378 0.000 -6.821 5.903 6.000
3 16  -6.821 5.903 6.000 -5.526 4.378 0.000 -7.511 5.378 6.000
3 16  -5.526 4.378 0.000 -6.388 3.723 0.000 -7.511 5.378 6.000
3 16  -7.511 5.378 6.000 -6.388 3.723 0.000 -8.253 4.932 6.000
3 16  -6.388 3.723 0.000 -7.316 3.165 0.000 -8.253 4.932 6.000
3 16  -8.253 4.932 6.000 -7.316 3.165 0.000 -9.039 4.568 6.000
3 16  -7.316 3.165 0.000 -8.299 2.710 0.000 -9.039 4.568 6.000
3 16  -9.039 4.568 6.000 -8.299 2.710 0.000 -9.860 4.292 6.000
3 16  -8.299 2.710 0.000 -9.325 2.364 0.000 -9.860 4.292 6.000
3 16  -9.860 4.292 6.000 -9.325 2.364 0.000 -10.706 4.105 6.000
3 16  -9.325 2.364 0.000 -10.382 2.132 0.000 -10.706 4.105 6.000
3 16  -10.706 4.105 6.000 -10.382 2.132 0.000 -11.567 4.012 6.000
3 16  -10.382 2.132 0.000 -11.459 2.015 0.000 -11.567 4.012 6.000
3 16  -11.459 2.015 0.000 -12.433 4.012 6.000 -11.567 4.012 6.000
3 16  -12.433 4.012 6.000 -11.459 2.015 0.000 -12.541 2.015 0.000
3 16  -12.433 4.012 6.000 -12.541 2.015 0.000 -13.294 4.105 6.000
3 16  -13.294 4.105 6.000 -12.541 2.015 0.000 -13.618 2.132 0.000
3 16  -13.294 4.105 6.000 -13.618 2.132 0.000 -14.140 4.292 6.000
3 16  -14.140 4.292 6.000 -13.618 2.132 0.000 -14.675 2.364 0.000
3 16  -14.140 4.292 6.000 -14.675 2.364 0.000 -14.961 4.568 6.000
3 16  -14.961 4.568 6.000 -14.675 2.364 0.000 -15.701 2.710 0.000
3 16  -14.961 4.568 6.000 -15.701 2.710 0.000 -15.747 4.932 6.000
3 16  -15.747 4.932 6.000 -15.701 2.710 0.000 -16.684 3.165 0.000
3 16  -16.489 5.378 6.000 -15.747 4.932 6.000 -16.684 3.165 0.000
3 16  -16.489 5.378 6.000 -16.684 3.165 0.000 -17.612 3.723 0.000
3 16  -17.179 5.903 6.000 -16.489 5.378 6.000 -17.612 3.723 0.000
3 16  -17.179 5.903 6.000 -17.612 3.723 0.000 -18.474 4.378 0.000
3 16  -17.808 6.498 6.000 -17.179 5.903 6.000 -18.474 4.378 0.000
3 16  -17.808 6.498 6.000 -18.474 4.378 0.000 -19.260 5.123 0.000
3 16  -18.369 7.159 6.000 -17.808 6.498 6.000 -19.260 5.123 0.000
3 16  -18.369 7.159 6.000 -19.260 5.123 0.000 -19.961 5.948 0.000
3 16  -18.855 7.876 6.000 -18.369 7.159 6.000 -19.961 5.948 0.000
3 16  -18.855 7.876 6.000 -19.961 5.948 0.000 -20.569 6.844 0.000
3 16  -19.261 8.641 6.000 -18.855 7.876 6.000 -20.569 6.844 0.000
3 16  -19.261 8.641 6.000 -20.569 6.844 0.000 -21.076 7.801 0.000
3 16  -19.581 9.446 6.000 -19.261 8.641 6.000 -21.076 7.801 0.000
3 16  -19.581 9.446 6.000 -21.076 7.801 0.000 -21.477 8.807 0.000
3 16  -19.813 10.280 6.000 -19.581 9.446 6.000 -21.477 8.807 0.000
3 16  -19.813 10.280 6.000 -21.477 8.807 0.000 -21.766 9.850 0.000
3 16  -19.953 11.135 6.000 -19.813 10.280 6.000 -21.766 9.850 0.000
3 16  -19.953 11.135 6.000 -21.766 9.850 0.000 -21.941 10.919 0.000
3 16  -20.000 12.000 6.000 -19.953 11.135 6.000 -21.941 10.919 0.000
3 16  -20.000 12.000 6.000 -21.941 10.919 0.000 -22.000 12.000 0.000
3 16  -19.953 12.865 6.000 -20.000 12.000 6.000 -22.000 12.000 0.000
3 16  -21.941 13.081 0.000 -19.953 12.865 6.000 -22.000 12.000 0.000
3 16  -19.813 13.720 6.000 -19.953 12.865 6.000 -21.941 13.081 0.000
3 16  -21.766 14.150 0.000 -19.813 13.720 6.000 -21.941 13.081 0.000
3 16  -19.581 14.554 6.000 -19.813 13.720 6.000 -21.766 14.150 0.000
3 16  -21.477 15.193 0.000 -19.581 14.554 6.000 -21.766 14.150 0.000
3 16  -19.261 15.359 6.000 -19.581 14.554 6.000 -21.477 15.193 0.000
3 16  -21.076 16.199 0.000 -19.261 15.359 6.000 -21.477 15.193 0.000
3 16  -18.855 16.124 6.000 -19.261 15.359 6.000 -21.076 16.199 0.000
3 16  -20.569 17.156 0.000 -18.855 16.124 6.000 -21.076 16.199 0.000
3 16  -18.369 16.841 6.000 -18.855 16.124 6.000 -20.569 17.156 0.000
3 16  -19.961 18.052 0.000 -18.369 16.841 6.000 -20.569 17.156 0.000
3 16  -17.808 17.502 6.000 -18.369 16.841 6.000 -19.961 18.052 0.000
3 16  -19.260 18.877 0.000 -17.808 17.502 6.000 -19.961 18.052 0.000
3 16  -17.179 18.097 6.000 -17.808 17.502 6.000 -19.260 18.877 0.000
3 16  -18.474 19.622 0.000 -17.179 18.097 6.000 -19.260 18.877 0.000
3 16  -16.489 18.622 6.000 -17.179 18.097 6.000 -18.474 19.622 0.000
3 16  -17.612 20.277 0.000 -16.489 18.622 6.000 -18.474 19.622 0.000
3 16  -15.747 19.068 6.000 -16.489 18.622 6.000 -17.612 20.277 0.000
3 16  -16.684 20.835 0.000 -15.747 19.068 6.000 -17.612 20.277 0.000
3 16  -14.961 19.432 6.000 -15.747 19.068 6.000 -16.684 20.835 0.000
3 16  -15.701 21.290 0.000 -14.961 19.432 6.000 -16.684 20.835 0.000
3 16  -14.140 19.708 6.000 -14.961 19.432 6.000 -15.701 21.290 0.000
3 16  -14.675 21.636 0.000 -14.140 19.708 6.000 -15.701 21.290 0.000
3 16  -13.294 19.895 6.000 -14.140 19.708 6.000 -14.675 21.636 0.000
3 16  -13.618 21.868 0.000 -13.294 19.895 6.000 -14.675 21.636 0.000
3 16  -12.433 19.988 6.000 -13.294 19.895 6.000 -13.618 21.868 0.000
3 16  -12.541 21.985 0.000 -12.433 19.988 6.000 -13.618 21.868 0.000
3 16  -12.541 21.985 0.000 -11.567 19.988 6.000 -12.433 19.988 6.000
3 16  -11.567 19.988 6.000 -12.541 21.985 0.000 -11.459 21.985 0.000
3 16  -11.459 21.985 0.000 -10.706 19.895 6.000 -11.567 19.988 6.000
3 16  -10.382 21.868 0.000 -10.706 19.895 6.000 -11.459 21.985 0.000
3 16  -10.382 21.868 0.000 -9.860 19.708 6.000 -10.706 19.895 6.000
3 16  -9.325 21.636 0.000 -9.860 19.708 6.000 -10.382 21.868 0.000
3 16  -9.325 21.636 0.000 -9.039 19.432 6.000 -9.860 19.708 6.000
3 16  -8.299 21.290 0.000 -9.039 19.432 6.000 -9.325 21.636 0.000
3 16  -8.299 21.290 0.000 -8.253 19.068 6.000 -9.039 19.432 6.000
3 16  -7.316 20.835 0.000 -8.253 19.068 6.000 -8.299 21.290 0.000
3 16  -7.316 20.835 0.000 -7.511 18.622 6.000 -8.253 19.068 6.000
3 16  -7.316 20.835 0.000 -6.388 20.277 0.000 -7.511 18.622 6.000
3 16  -6.388 20.277 0.000 -6.821 18.097 6.000 -7.511 18.622 6.000
3 16  -6.388 20.277 0.000 -5.526 19.622 0.000 -6.821 18.097 6.000
3 16  -5.526 19.622 0.000 -6.192 17.502 6.000 -6.821 18.097 6.000
3 16  -5.526 19.622 0.000 -4.740 18.877 0.000 -6.192 17.502 6.000
3 16  -4.740 18.877 0.000 -5.631 16.841 6.000 -6.192 17.502 6.000
3 16  -4.740 18.877 0.000 -4.039 18.052 0.000 -5.631 16.841 6.000
3 16  -4.039 18.052 0.000 -5.145 16.124 6.000 -5.631 16.841 6.000
3 16  -4.039 18.052 0.000 -3.431 17.156 0.000 -5.145 16.124 6.000
3 16  -3.431 17.156 0.000 -4.739 15.359 6.000 -5.145 16.124 6.000
3 16  -3.431 17.156 0.000 -2.924 16.199 0.000 -4.739 15.359 6.000
3 16  -2.924 16.199 0.000 -4.419 14.554 6.000 -4.739 15.359 6.000
3 16  -2.924 16.199 0.000 -2.523 15.193 0.000 -4.419 14.554 6.000
3 16  -2.523 15.193 0.000 -4.187 13.720 6.000 -4.419 14.554 6.000
3 16  -2.523 15.193 0.000 -2.234 14.150 0.000 -4.187 13.720 6.000
3 16  -2.234 14.150 0.000 -4.047 12.865 6.000 -4.187 13.720 6.000
3 16  -2.234 14.150 0.000 -2.059 13.081 0.000 -4.047 12.865 6.000
3 16  -2.059 13.081 0.000 -4.000 12.000 6.000 -4.047 12.865 6.000
3 16  -2.059 13.081 0.000 -2.000 12.000 0.000 -4.000 12.000 6.000
3 16  -4.000 12.000 6.000 -2.000 12.000 0.000 -4.047 11.135 6.000
3 16  -2.000 12.000 0.000 -2.059 10.919 0.000 -4.047 11.135 6.000
3 16  -24.000 0.000 6.000 0.000 0.000 4.125 0.000 0.000 6.000
3 16  0.000 0.000 4.125 -24.000 0.000 0.000 48.000 0.000 4.125
3 16  -24.000 0.000 0.000 0.000 0.000 4.125 -24.000 0.000 6.000
3 16  48.000 0.000 4.125 72.000 0.000 6.000 48.000 0.000 6.000
3 16  48.000 0.000 4.125 72.000 0.000 0.000 72.000 0.000 6.000
3 16  72.000 0.000 0.000 48.000 0.000 4.125 -24.000 0.000 0.000
3 16  0.000 24.000 6.000 0.000 2.500 4.125 0.000 24.000 1.750
3 16  0.000 0.000 6.000 0.000 2.500 4.125 0.000 24.000 6.000
3 16  0.000 2.500 4.125 0.000 0.000 6.000 0.000 0.000 4.125
3 16  0.000 24.000 1.750 0.000 2.500 4.125 0.000 2.500 1.750
3 16  72.000 24.000 6.000 48.000 24.000 1.750 48.000 24.000 6.000
3 16  72.000 24.000 0.000 48.000 24.000 1.750 72.000 24.000 6.000
3 16  48.000 24.000 1.750 72.000 24.000 0.000 48.000 24.000 0.000
3 16  72.000 24.000 6.000 68.000 12.000 6.000 72.000 0.000 6.000
3 16  72.000 24.000 6.000 67.953 12.865 6.000 68.000 12.000 6.000
3 16  72.000 24.000 6.000 67.813 13.720 6.000 67.953 12.865 6.000
3 16  72.000 24.000 6.000 67.581 14.554 6.000 67.813 13.720 6.000
3 16  72.000 24.000 6.000 67.260 15.359 6.000 67.581 14.554 6.000
3 16  72.000 24.000 6.000 66.855 16.124 6.000 67.260 15.359 6.000
3 16  72.000 24.000 6.000 66.369 16.841 6.000 66.855 16.124 6.000
3 16  72.000 24.000 6.000 65.808 17.502 6.000 66.369 16.841 6.000
3 16  72.000 24.000 6.000 65.179 18.097 6.000 65.808 17.502 6.000
3 16  72.000 24.000 6.000 64.489 18.622 6.000 65.179 18.097 6.000
3 16  72.000 24.000 6.000 63.747 19.068 6.000 64.489 18.622 6.000
3 16  72.000 24.000 6.000 62.961 19.432 6.000 63.747 19.068 6.000
3 16  72.000 24.000 6.000 62.140 19.708 6.000 62.961 19.432 6.000
3 16  72.000 24.000 6.000 61.294 19.895 6.000 62.140 19.708 6.000
3 16  72.000 24.000 6.000 60.433 19.988 6.000 61.294 19.895 6.000
3 16  72.000 24.000 6.000 59.567 19.988 6.000 60.433 19.988 6.000
3 16  48.000 24.000 6.000 59.567 19.988 6.000 72.000 24.000 6.000
3 16  59.567 19.988 6.000 48.000 24.000 6.000 58.706 19.895 6.000
3 16  52.047 12.865 6.000 48.000 24.000 6.000 52.000 12.000 6.000
3 16  52.187 13.720 6.000 48.000 24.000 6.000 52.047 12.865 6.000
3 16  52.419 14.554 6.000 48.000 24.000 6.000 52.187 13.720 6.000
3 16  52.739 15.359 6.000 48.000 24.000 6.000 52.419 14.554 6.000
3 16  53.145 16.124 6.000 48.000 24.000 6.000 52.739 15.359 6.000
3 16  53.631 16.841 6.000 48.000 24.000 6.000 53.145 16.124 6.000
3 16  54.192 17.502 6.000 48.000 24.000 6.000 53.631 16.841 6.000
3 16  54.821 18.097 6.000 48.000 24.000 6.000 54.192 17.502 6.000
3 16  55.511 18.622 6.000 48.000 24.000 6.000 54.821 18.097 6.000
3 16  56.253 19.068 6.000 48.000 24.000 6.000 55.511 18.622 6.000
3 16  57.039 19.432 6.000 48.000 24.000 6.000 56.253 19.068 6.000
3 16  57.860 19.708 6.000 48.000 24.000 6.000 57.039 19.432 6.000
3 16  58.706 19.895 6.000 48.000 24.000 6.000 57.860 19.708 6.000
3 16  67.953 11.135 6.000 72.000 0.000 6.000 68.000 12.000 6.000
3 16  67.813 10.280 6.000 72.000 0.000 6.000 67.953 11.135 6.000
3 16  67.581 9.446 6.000 72.000 0.000 6.000 67.813 10.280 6.000
3 16  67.260 8.641 6.000 72.000 0.000 6.000 67.581 9.446 6.000
3 16  66.855 7.876 6.000 72.000 0.000 6.000 67.260 8.641 6.000
3 16  66.369 7.159 6.000 72.000 0.000 6.000 66.855 7.876 6.000
3 16  65.808 6.498 6.000 72.000 0.000 6.000 66.369 7.159 6.000
3 16  65.179 5.903 6.000 72.000 0.000 6.000 65.808 6.498 6.000
3 16  64.489 5.378 6.000 72.000 0.000 6.000 65.179 5.903 6.000
3 16  63.747 4.932 6.000 72.000 0.000 6.000 64.489 5.378 6.000
3 16  62.961 4.568 6.000 72.000 0.000 6.000 63.747 4.932 6.000
3 16  62.140 4.292 6.000 72.000 0.000 6.000 62.961 4.568 6.000
3 16  61.294 4.105 6.000 72.000 0.000 6.000 62.140 4.292 6.000
3 16  60.433 4.012 6.000 72.000 0.000 6.000 61.294 4.105 6.000
3 16  59.567 4.012 6.000 72.000 0.000 6.000 60.433 4.012 6.000
3 16  48.000 0.000 6.000 59.567 4.012 6.000 58.706 4.105 6.000
3 16  48.000 0.000 6.000 58.706 4.105 6.000 57.860 4.292 6.000
3 16  48.000 0.000 6.000 52.000 12.000 6.000 48.000 24.000 6.000
3 16  52.000 12.000 6.000 48.000 0.000 6.000 52.047 11.135 6.000
3 16  52.047 11.135 6.000 48.000 0.000 6.000 52.187 10.280 6.000
3 16  59.567 4.012 6.000 48.000 0.000 6.000 72.000 0.000 6.000
3 16  57.039 4.568 6.000 48.000 0.000 6.000 57.860 4.292 6.000
3 16  56.253 4.932 6.000 48.000 0.000 6.000 57.039 4.568 6.000
3 16  55.511 5.378 6.000 48.000 0.000 6.000 56.253 4.932 6.000
3 16  54.821 5.903 6.000 48.000 0.000 6.000 55.511 5.378 6.000
3 16  54.192 6.498 6.000 48.000 0.000 6.000 54.821 5.903 6.000
3 16  53.631 7.159 6.000 48.000 0.000 6.000 54.192 6.498 6.000
3 16  53.145 7.876 6.000 48.000 0.000 6.000 53.631 7.159 6.000
3 16  52.739 8.641 6.000 48.000 0.000 6.000 53.145 7.876 6.000
3 16  52.419 9.446 6.000 48.000 0.000 6.000 52.739 8.641 6.000
3 16  52.187 10.280 6.000 48.000 0.000 6.000 52.419 9.446 6.000
3 16  48.000 2.500 4.125 48.000 24.000 1.750 48.000 2.500 1.750
3 16  48.000 24.000 1.750 48.000 2.500 4.125 48.000 24.000 6.000
3 16  48.000 0.000 6.000 48.000 2.500 4.125 48.000 0.000 4.125
3 16  48.000 2.500 4.125 48.000 0.000 6.000 48.000 24.000 6.000
3 16  67.953 11.135 6.000 69.942 10.919 0.000 67.813 10.280 6.000
3 16  69.942 10.919 0.000 69.766 9.850 0.000 67.813 10.280 6.000
3 16  67.813 10.280 6.000 69.766 9.850 0.000 67.581 9.446 6.000
3 16  69.766 9.850 0.000 69.477 8.807 0.000 67.581 9.446 6.000
3 16  67.581 9.446 6.000 69.477 8.807 0.000 67.260 8.641 6.000
3 16  69.477 8.807 0.000 69.076 7.801 0.000 67.260 8.641 6.000
3 16  67.260 8.641 6.000 69.076 7.801 0.000 66.855 7.876 6.000
3 16  69.076 7.801 0.000 68.569 6.844 0.000 66.855 7.876 6.000
3 16  66.855 7.876 6.000 68.569 6.844 0.000 66.369 7.159 6.000
3 16  68.569 6.844 0.000 67.961 5.948 0.000 66.369 7.159 6.000
3 16  66.369 7.159 6.000 67.961 5.948 0.000 65.808 6.498 6.000
3 16  67.961 5.948 0.000 67.260 5.123 0.000 65.808 6.498 6.000
3 16  65.808 6.498 6.000 67.260 5.123 0.000 65.179 5.903 6.000
3 16  67.260 5.123 0.000 66.474 4.378 0.000 65.179 5.903 6.000
3 16  65.179 5.903 6.000 66.474 4.378 0.000 64.489 5.378 6.000
3 16  66.474 4.378 0.000 65.612 3.723 0.000 64.489 5.378 6.000
3 16  64.489 5.378 6.000 65.612 3.723 0.000 63.747 4.932 6.000
3 16  65.612 3.723 0.000 64.684 3.165 0.000 63.747 4.932 6.000
3 16  63.747 4.932 6.000 64.684 3.165 0.000 62.961 4.568 6.000
3 16  64.684 3.165 0.000 63.701 2.710 0.000 62.961 4.568 6.000
3 16  62.961 4.568 6.000 63.701 2.710 0.000 62.140 4.292 6.000
3 16  63.701 2.710 0.000 62.675 2.364 0.000 62.140 4.292 6.000
3 16  62.140 4.292 6.000 62.675 2.364 0.000 61.294 4.105 6.000
3 16  62.675 2.364 0.000 61.618 2.132 0.000 61.294 4.105 6.000
3 16  61.294 4.105 6.000 61.618 2.132 0.000 60.433 4.012 6.000
3 16  61.618 2.132 0.000 60.541 2.015 0.000 60.433 4.012 6.000
3 16  60.541 2.015 0.000 59.567 4.012 6.000 60.433 4.012 6.000
3 16  59.567 4.012 6.000 60.541 2.015 0.000 59.459 2.015 0.000
3 16  59.567 4.012 6.000 59.459 2.015 0.000 58.706 4.105 6.000
3 16  58.706 4.105 6.000 59.459 2.015 0.000 58.382 2.132 0.000
3 16  58.706 4.105 6.000 58.382 2.132 0.000 57.860 4.292 6.000
3 16  57.860 4.292 6.000 58.382 2.132 0.000 57.325 2.364 0.000
3 16  57.860 4.292 6.000 57.325 2.364 0.000 57.039 4.568 6.000
3 16  57.039 4.568 6.000 57.325 2.364 0.000 56.299 2.710 0.000
3 16  57.039 4.568 6.000 56.299 2.710 0.000 56.253 4.932 6.000
3 16  56.253 4.932 6.000 56.299 2.710 0.000 55.316 3.165 0.000
3 16  55.511 5.378 6.000 56.253 4.932 6.000 55.316 3.165 0.000
3 16  55.511 5.378 6.000 55.316 3.165 0.000 54.388 3.723 0.000
3 16  54.821 5.903 6.000 55.511 5.378 6.000 54.388 3.723 0.000
3 16  54.821 5.903 6.000 54.388 3.723 0.000 53.526 4.378 0.000
3 16  54.192 6.498 6.000 54.821 5.903 6.000 53.526 4.378 0.000
3 16  54.192 6.498 6.000 53.526 4.378 0.000 52.740 5.123 0.000
3 16  53.631 7.159 6.000 54.192 6.498 6.000 52.740 5.123 0.000
3 16  53.631 7.159 6.000 52.740 5.123 0.000 52.039 5.948 0.000
3 16  53.145 7.876 6.000 53.631 7.159 6.000 52.039 5.948 0.000
3 16  53.145 7.876 6.000 52.039 5.948 0.000 51.431 6.844 0.000
3 16  52.739 8.641 6.000 53.145 7.876 6.000 51.431 6.844 0.000
3 16  52.739 8.641 6.000 51.431 6.844 0.000 50.924 7.801 0.000
3 16  52.419 9.446 6.000 52.739 8.641 6.000 50.924 7.801 0.000
3 16  52.419 9.446 6.000 50.924 7.801 0.000 50.523 8.807 0.000
3 16  52.187 10.280 6.000 52.419 9.446 6.000 50.523 8.807 0.000
3 16  52.187 10.280 6.000 50.523 8.807 0.000 50.234 9.850 0.000
3 16  52.047 11.135 6.000 52.187 10.280 6.000 50.234 9.850 0.000
3 16  52.047 11.135 6.000 50.234 9.850 0.000 50.058 10.919 0.000
3 16  52.000 12.000 6.000 52.047 11.135 6.000 50.058 10.919 0.000
3 16  52.000 12.000 6.000 50.058 10.919 0.000 50.000 12.000 0.000
3 16  52.047 12.865 6.000 52.000 12.000 6.000 50.000 12.000 0.000
3 16  50.058 13.081 0.000 52.047 12.865 6.000 50.000 12.000 0.000
3 16  52.187 13.720 6.000 52.047 12.865 6.000 50.058 13.081 0.000
3 16  50.234 14.150 0.000 52.187 13.720 6.000 50.058 13.081 0.000
3 16  52.419 14.554 6.000 52.187 13.720 6.000 50.234 14.150 0.000
3 16  50.523 15.193 0.000 52.419 14.554 6.000 50.234 14.150 0.000
3 16  52.739 15.359 6.000 52.419 14.554 6.000 50.523 15.193 0.000
3 16  50.924 16.199 0.000 52.739 15.359 6.000 50.523 15.193 0.000
3 16  53.145 16.124 6.000 52.739 15.359 6.000 50.924 16.199 0.000
3 16  51.431 17.156 0.000 53.145 16.124 6.000 50.924 16.199 0.000
3 16  53.631 16.841 6.000 53.145 16.124 6.000 51.431 17.156 0.000
3 16  52.039 18.052 0.000 53.631 16.841 6.000 51.431 17.156 0.000
3 16  54.192 17.502 6.000 53.631 16.841 6.000 52.039 18.052 0.000
3 16  52.740 18.877 0.000 54.192 17.502 6.000 52.039 18.052 0.000
3 16  54.821 18.097 6.000 54.192 17.502 6.000 52.740 18.877 0.000
3 16  53.526 19.622 0.000 54.821 18.097 6.000 52.740 18.877 0.000
3 16  55.511 18.622 6.000 54.821 18.097 6.000 53.526 19.622 0.000
3 16  54.388 20.277 0.000 55.511 18.622 6.000 53.526 19.622 0.000
3 16  56.253 19.068 6.000 55.511 18.622 6.000 54.388 20.277 0.000
3 16  55.316 20.835 0.000 56.253 19.068 6.000 54.388 20.277 0.000
3 16  57.039 19.432 6.000 56.253 19.068 6.000 55.316 20.835 0.000
3 16  56.299 21.290 0.000 57.039 19.432 6.000 55.316 20.835 0.000
3 16  57.860 19.708 6.000 57.039 19.432 6.000 56.299 21.290 0.000
3 16  57.325 21.636 0.000 57.860 19.708 6.000 56.299 21.290 0.000
3 16  58.706 19.895 6.000 57.860 19.708 6.000 57.325 21.636 0.000
3 16  58.382 21.868 0.000 58.706 19.895 6.000 57.325 21.636 0.000
3 16  59.567 19.988 6.000 58.706 19.895 6.000 58.382 21.868 0.000
3 16  59.459 21.985 0.000 59.567 19.988 6.000 58.382 21.868 0.000
3 16  59.459 21.985 0.000 60.433 19.988 6.000 59.567 19.988 6.000
3 16  60.433 19.988 6.000 59.459 21.985 0.000 60.541 21.985 0.000
3 16  60.541 21.985 0.000 61.294 19.895 6.000 60.433 19.988 6.000
3 16  61.618 21.868 0.000 61.294 19.895 6.000 60.541 21.985 0.000
3 16  61.618 21.868 0.000 62.140 19.708 6.000 61.294 19.895 6.000
3 16  62.675 21.636 0.000 62.140 19.708 6.000 61.618 21.868 0.000
3 16  62.675 21.636 0.000 62.961 19.432 6.000 62.140 19.708 6.000
3 16  63.701 21.290 0.000 62.961 19.432 6.000 62.675 21.636 0.000
3 16  63.701 21.290 0.000 63.747 19.068 6.000 62.961 19.432 6.000
3 16  64.684 20.835 0.000 63.747 19.068 6.000 63.701 21.290 0.000
3 16  64.684 20.835 0.000 64.489 18.622 6.000 63.747 19.068 6.000
3 16  64.684 20.835 0.000 65.612 20.277 0.000 64.489 18.622 6.000
3 16  65.612 20.277 0.000 65.179 18.097 6.000 64.489 18.622 6.000
3 16  65.612 20.277 0.000 66.474 19.622 0.000 65.179 18.097 6.000
3 16  66.474 19.622 0.000 65.808 17.502 6.000 65.179 18.097 6.000
3 16  66.474 19.622 0.000 67.260 18.877 0.000 65.808 17.502 6.000
3 16  67.260 18.877 0.000 66.369 16.841 6.000 65.808 17.502 6.000
3 16  67.260 18.877 0.000 67.961 18.052 0.000 66.369 16.841 6.000
3 16  67.961 18.052 0.000 66.855 16.124 6.000 66.369 16.841 6.000
3 16  67.961 18.052 0.000 68.569 17.156 0.000 66.855 16.124 6.000
3 16  68.569 17.156 0.000 67.260 15.359 6.000 66.855 16.124 6.000
3 16  68.569 17.156 0.000 69.076 16.199 0.000 67.260 15.359 6.000
3 16  69.076 16.199 0.000 67.581 14.554 6.000 67.260 15.359 6.000
3 16  69.076 16.199 0.000 69.477 15.193 0.000 67.581 14.554 6.000
3 16  69.477 15.193 0.000 67.813 13.720 6.000 67.581 14.554 6.000
3 16  69.477 15.193 0.000 69.766 14.150 0.000 67.813 13.720 6.000
3 16  69.766 14.150 0.000 67.953 12.865 6.000 67.813 13.720 6.000
3 16  69.766 14.150 0.000 69.942 13.081 0.000 67.953 12.865 6.000
3 16  69.942 13.081 0.000 68.000 12.000 6.000 67.953 12.865 6.000
3 16  69.942 13.081 0.000 70.000 12.000 0.000 68.000 12.000 6.000
3 16  68.000 12.000 6.000 70.000 12.000 0.000 67.953 11.135 6.000
3 16  70.000 12.000 0.000 69.942 10.919 0.000 67.953 11.135 6.000
3 16  72.000 0.000 6.000 72.000 24.000 0.000 72.000 24.000 6.000
3 16  72.000 24.000 0.000 72.000 0.000 6.000 72.000 0.000 0.000
3 16  0.000 2.500 4.125 48.000 0.000 4.125 48.000 2.500 4.125
3 16  48.000 0.000 4.125 0.000 2.500 4.125 0.000 0.000 4.125
3 16  48.000 24.000 0.000 0.000 24.000 1.750 48.000 24.000 1.750
3 16  0.000 24.000 1.750 48.000 24.000 0.000 0.000 24.000 0.000
3 16  48.000 2.500 1.750 0.000 2.500 4.125 48.000 2.500 4.125
3 16  0.000 2.500 4.125 48.000 2.500 1.750 0.000 2.500 1.750
3 16  48.000 24.000 1.750 0.000 24.000 1.750 48.000 2.500 1.750
3 16  48.000 2.500 1.750 0.000 24.000 1.750 0.000 2.500 1.750
